# fitpack15: fit parameters                                                                         
# CJ15_AV18                                                                                         
# Created on 07/01/2015 at 03:15:23                                                                 

 # QCD setup
  INS	                    0
  NVL                          11
  IORD                          0
  Q02                   1.6899999999999999     
  IPARAMC                       7
  FLAVOR                5.0000000000000000     
  xmc                   1.3000000000000000     
  xmb                   4.5000000000000000     
  ncb                          12

 # Theory corrections
  inuke                     10324
  itmc                          1
  iht                           1

 # fit parameters
 LAMBDA       0.22680        0.0000    
 a0uv          1.1128        0.0000    
 a1uv         0.44613       0.27499E-01
 a2uv          3.0994       0.10239E-01
 a3uv          0.0000        0.0000    
 a4uv          6.6051        1.0208    
 a5uv          0.0000        0.0000    
 a0dv          8.6262        0.0000    
 a1dv         0.90413       0.37863E-01
 a2dv          5.4680       0.20642    
 a3dv         -3.2132       0.16317    
 a4dv          4.7416       0.21904    
 a5dv          0.0000        0.0000    
 a0ud         0.19916       0.47361E-02
 a1ud        -0.19211       0.27089E-02
 a2ud          6.7447       0.22261    
 a3ud          0.0000        0.0000    
 a4ud          5.0946       0.72215    
 a5ud          0.0000        0.0000    
 a0du          35712.        0.0000    
 a1du          4.0863       0.58126E-01
 a2du          18.248       0.63862    
 a3du          17.000        0.0000    
 a4du          52.735        8.1598    
 a0g           2.7055        0.0000    
 a1g          0.80575E-02   0.11024E-01
 a2g          0.93420E-01   0.21140    
 a3g          -2.0245       0.49121E-01
 a4g          0.99147       0.59775E-01
 a5g           0.0000        0.0000    
 kappa        0.40000        0.0000    
 a6dv        -0.98996E-02   0.21210E-02
 a7dv          2.0000        0.0000    
 x0_KP       -0.90828E-01   0.46271E-01
 C_KP         0.27915       0.49917E-01
 ht1          -3.0287       0.16180    
 ht2           1.4693       0.60969E-01
 ht3          -2.2947       0.13524E-01
 ht4           0.0000        0.0000    
 dummy40       0.0000        0.0000    
 dummy41       0.0000        0.0000    
 dummy42       0.0000        0.0000    
 dummy43       0.0000        0.0000    
 dummy44       0.0000        0.0000    
 dummy45       0.0000        0.0000    
 dummy46       0.0000        0.0000    
 dummy47       0.0000        0.0000    
 dummy48       0.0000        0.0000    
 dummy49       0.0000        0.0000    
 bcdmsh2      0.98366       0.54869E-02
 bcdmsd2       1.0114       0.63864E-02
 ccfr          1.0000        0.0000    
 nutev         1.0000        0.0000    
 zeus         0.97998        0.0000    
 h1            1.0162        0.0000    
 e605         0.70645       0.20118E-01
 NmcH2         1.0589       0.80526E-02
 ntv_nu        1.0000        0.0000    
 ntv_nubar     1.0000        0.0000    
 cdf_jet      0.98910        0.0000    
 d0_jet       0.83504        0.0000    
 slac_p        1.0209       0.57694E-02
 slac_d        1.0259       0.60467E-02
 e866pp       0.66066       0.12974E-01
 e866pd       0.66578       0.11921E-01
 d0_gamjet    0.76571       0.13583E-01
 h1b          0.97608        0.0000    
 jlab_p        1.0130       0.66453E-02
 jlab_d        1.0038       0.66382E-02
 blank         1.0000        0.0000    
 d0run2       0.86915       0.13724E-01
 cdfrun2      0.85393       0.16165E-01
 HERA_el      0.99989       0.34144E-02
 HERA_ps      0.99607       0.31502E-02
 CDF_Z        0.73003       0.51425E-02
 NmcRat        1.0000        0.0000    
 BNS_F2nd     0.95509       0.65287E-02
 END 0. 0.

 # Hessian matrix (Bevington alpha)
   0.61256423420845E+07 -0.15796177796467E+07  0.15496421215138E+06  0.51712377540226E+06 -0.14221846231192E+06 -0.32763483569586E+05  0.39609330913942E+05  0.64697058743352E+06 -0.18364400334691E+06 -0.54205852049455E+05  0.14937569544474E+05  0.15315189391047E+05  0.20649230709757E+04 -0.13760328978769E+03  0.10737455368816E+05  0.12010152060042E+04  0.77843088234281E+06  0.61552903284335E+06 -0.32408928304654E+07 -0.35403513358175E+05  0.10289715684710E+06
  -0.15796177796467E+07  0.48540232577683E+06 -0.39955450568321E+05 -0.14953890492902E+06  0.39571451904651E+05  0.81529905129077E+04 -0.99154682945367E+04 -0.10394897398953E+06  0.34629822265094E+05  0.94305614160034E+04 -0.22636149166879E+04 -0.12726999596328E+04 -0.18459724764308E+03  0.17256076312846E+02  0.41602575590080E+04 -0.17735248629937E+04 -0.25575913101178E+06 -0.20747912915834E+06  0.10592168756940E+07  0.32680962257815E+04 -0.28347393388652E+05
   0.15496421215138E+06 -0.39955450568321E+05  0.39343819848015E+04  0.12172085973151E+05 -0.35239777302842E+04 -0.10218476582037E+04  0.90046639120658E+03  0.14103590494108E+05 -0.44247267274321E+04 -0.12895572244048E+04  0.33203035494994E+03  0.33456071993913E+03  0.49585844647332E+02 -0.39207745095276E+01 -0.13972027187054E+03  0.61778688661060E+02  0.19250095780754E+05  0.15256749611456E+05 -0.81072080291335E+05 -0.88608323732465E+03  0.25873865591742E+04
   0.51712377540226E+06 -0.14953890492902E+06  0.12172085973151E+05  0.45747891943366E+06 -0.69020811685054E+05  0.58745110709780E+05  0.52059005989640E+05  0.22902251047637E+06 -0.29475050563432E+04 -0.19540108179402E+05  0.66705803119617E+04 -0.29115948056173E+04 -0.33085229246406E+03  0.80844310153156E+02  0.38056985129239E+05 -0.39963163295826E+04  0.18915908275581E+06  0.14049894162624E+06 -0.92224429957038E+06 -0.16156111182571E+05  0.25698906834200E+05
  -0.14221846231192E+06  0.39571451904651E+05 -0.35239777302842E+04 -0.69020811685054E+05  0.12474049449383E+05 -0.58619551735837E+04 -0.73382869736975E+04 -0.23539219742777E+05 -0.42785766887571E+03  0.26784237380845E+04 -0.75524198136919E+03  0.74288718448289E+02  0.19158043455089E+02 -0.72687305918336E+01 -0.31667612222692E+04  0.28138355332872E+03 -0.35280998394954E+05 -0.26841613713219E+05  0.19849172547061E+06  0.26695740409522E+04 -0.56733670407578E+04
  -0.32763483569586E+05  0.81529905129077E+04 -0.10218476582037E+04  0.58745110709780E+05 -0.58619551735837E+04  0.12146797755431E+05  0.76194634836951E+04  0.41998736605318E+05 -0.47358227129961E+03 -0.28633884751787E+04  0.11817676720050E+04 -0.84614822156137E+03 -0.87491124744044E+02  0.18148039592643E+02  0.81084377980249E+04 -0.96805532092275E+03  0.11939543549275E+05  0.77137327566363E+04 -0.23124697236053E+05 -0.19512735217123E+04  0.57509625485299E+03
   0.39609330913942E+05 -0.99154682945367E+04  0.90046639120658E+03  0.52059005989640E+05 -0.73382869736975E+04  0.76194634836951E+04  0.62842104662480E+04  0.26553523594641E+05  0.23174348786061E+03 -0.23435678537556E+04  0.80421414166199E+03 -0.33374592008020E+03 -0.41565433042427E+02  0.10192970169914E+02  0.45719218056218E+04 -0.54034949011329E+03  0.17285185877744E+05  0.12465023230742E+05 -0.78381655170174E+05 -0.21166189774076E+04  0.23302729373608E+04
   0.64697058743352E+06 -0.10394897398953E+06  0.14103590494108E+05  0.22902251047637E+06 -0.23539219742777E+05  0.41998736605318E+05  0.26553523594641E+05  0.22850116379922E+07 -0.18963602647086E+07 -0.48619980666659E+05  0.23000076950821E+05  0.99199177753946E+04  0.86649884946347E+03  0.67960829748678E+02  0.31090695036390E+05 -0.47322998700525E+04  0.66435591570516E+05  0.45718115141050E+05 -0.19241751284779E+06 -0.12187065858548E+05  0.61722157041701E+04
  -0.18364400334691E+06  0.34629822265094E+05 -0.44247267274321E+04 -0.29475050563432E+04 -0.42785766887571E+03 -0.47358227129961E+03  0.23174348786061E+03 -0.18963602647086E+07  0.26814719677227E+07  0.12522103595154E+05 -0.65222711700427E+04 -0.21955050372782E+04 -0.17882186049214E+03 -0.58773881281501E+00  0.96595295788878E+05 -0.34606935674882E+04  0.51998441131589E+05  0.34054391450449E+05 -0.53118715611681E+02  0.17361886941810E+04 -0.54024362500735E+02
  -0.54205852049455E+05  0.94305614160034E+04 -0.12895572244048E+04 -0.19540108179402E+05  0.26784237380845E+04 -0.28633884751787E+04 -0.23435678537556E+04 -0.48619980666659E+05  0.12522103595154E+05  0.25676991393712E+04 -0.10111080188347E+04 -0.46950666469357E+03 -0.53320163932815E+02 -0.24637676497240E+01 -0.44589899071543E+04  0.48300369922988E+03 -0.11546693529447E+05 -0.81712887578292E+04  0.27135537035233E+05  0.11271910482609E+04 -0.97544887601213E+03
   0.14937569544474E+05 -0.22636149166879E+04  0.33203035494994E+03  0.66705803119617E+04 -0.75524198136919E+03  0.11817676720050E+04  0.80421414166199E+03  0.23000076950821E+05 -0.65222711700427E+04 -0.10111080188347E+04  0.43920336146362E+03  0.21542843950433E+03  0.20997439284085E+02  0.13396083802944E+01  0.21399445765358E+04 -0.20900429683693E+03  0.36275911366731E+04  0.25028550233926E+04 -0.63075790846033E+04 -0.33529590085828E+03  0.21040776368037E+03
   0.15315189391047E+05 -0.12726999596328E+04  0.33456071993913E+03 -0.29115948056173E+04  0.74288718448289E+02 -0.84614822156137E+03 -0.33374592008020E+03  0.99199177753946E+04 -0.21955050372782E+04 -0.46950666469357E+03  0.21542843950433E+03  0.24538241991449E+04  0.18098909852029E+03 -0.13697064374009E+01  0.11391233421507E+04 -0.11685777813123E+03  0.15331347701514E+04  0.10216263051064E+04 -0.17483665343868E+04  0.44986553767090E+02  0.18044983930431E+03
   0.20649230709757E+04 -0.18459724764308E+03  0.49585844647332E+02 -0.33085229246406E+03  0.19158043455089E+02 -0.87491124744044E+02 -0.41565433042427E+02  0.86649884946347E+03 -0.17882186049214E+03 -0.53320163932815E+02  0.20997439284085E+02  0.18098909852029E+03  0.17766409808282E+02 -0.23883175864641E+00  0.88535126612806E+02 -0.12377072058566E+02  0.18136918072435E+03  0.12217796114462E+03 -0.33328576301325E+02  0.13565220802913E+02  0.93773839618032E+01
  -0.13760328978769E+03  0.17256076312846E+02 -0.39207745095276E+01  0.80844310153156E+02 -0.72687305918336E+01  0.18148039592643E+02  0.10192970169914E+02  0.67960829748678E+02 -0.58773881281501E+00 -0.24637676497240E+01  0.13396083802944E+01 -0.13697064374009E+01 -0.23883175864641E+00  0.70496643974282E-01  0.16234527606588E+02 -0.12116370078332E+01  0.16228211523685E+02  0.10838112383082E+02 -0.43246034060501E+02 -0.27578323561717E+01  0.11009429336620E+01
   0.10737455368816E+05  0.41602575590080E+04 -0.13972027187054E+03  0.38056985129239E+05 -0.31667612222692E+04  0.81084377980249E+04  0.45719218056218E+04  0.31090695036390E+05  0.96595295788878E+05 -0.44589899071543E+04  0.21399445765358E+04  0.11391233421507E+04  0.88535126612806E+02  0.16234527606588E+02  0.58782143535305E+05 -0.41010871107923E+04  0.47014587740522E+05  0.29555071298955E+05 -0.63861196782551E+04 -0.71561709901290E+03  0.66874378023395E+02
   0.12010152060042E+04 -0.17735248629937E+04  0.61778688661060E+02 -0.39963163295826E+04  0.28138355332872E+03 -0.96805532092275E+03 -0.54034949011329E+03 -0.47322998700525E+04 -0.34606935674882E+04  0.48300369922988E+03 -0.20900429683693E+03 -0.11685777813123E+03 -0.12377072058566E+02 -0.12116370078332E+01 -0.41010871107923E+04  0.41428284116234E+03 -0.17388774943312E+04 -0.51276537058198E+03 -0.38480112727848E+04  0.15419625802775E+03  0.35913004243112E+02
   0.77843088234281E+06 -0.25575913101178E+06  0.19250095780754E+05  0.18915908275581E+06 -0.35280998394954E+05  0.11939543549275E+05  0.17285185877744E+05  0.66435591570516E+05  0.51998441131589E+05 -0.11546693529447E+05  0.36275911366731E+04  0.15331347701514E+04  0.18136918072435E+03  0.16228211523685E+02  0.47014587740522E+05 -0.17388774943312E+04  0.44427763682899E+06  0.35326918939812E+06 -0.83124791947895E+06 -0.88964696655459E+03  0.15786880516735E+05
   0.61552903284335E+06 -0.20747912915834E+06  0.15256749611456E+05  0.14049894162624E+06 -0.26841613713219E+05  0.77137327566363E+04  0.12465023230742E+05  0.45718115141050E+05  0.34054391450449E+05 -0.81712887578292E+04  0.25028550233926E+04  0.10216263051064E+04  0.12217796114462E+03  0.10838112383082E+02  0.29555071298955E+05 -0.51276537058198E+03  0.35326918939812E+06  0.28341928605371E+06 -0.66442270033528E+06 -0.88102275884887E+02  0.12351409207491E+05
  -0.32408928304654E+07  0.10592168756940E+07 -0.81072080291335E+05 -0.92224429957038E+06  0.19849172547061E+06 -0.23124697236053E+05 -0.78381655170174E+05 -0.19241751284779E+06 -0.53118715611681E+02  0.27135537035233E+05 -0.63075790846033E+04 -0.17483665343868E+04 -0.33328576301325E+02 -0.43246034060501E+02 -0.63861196782551E+04 -0.38480112727848E+04 -0.83124791947895E+06 -0.66442270033528E+06  0.46693003974597E+07  0.11342658397951E+05 -0.11104722485852E+06
  -0.35403513358175E+05  0.32680962257815E+04 -0.88608323732465E+03 -0.16156111182571E+05  0.26695740409522E+04 -0.19512735217123E+04 -0.21166189774076E+04 -0.12187065858548E+05  0.17361886941810E+04  0.11271910482609E+04 -0.33529590085828E+03  0.44986553767090E+02  0.13565220802913E+02 -0.27578323561717E+01 -0.71561709901290E+03  0.15419625802775E+03 -0.88964696655459E+03 -0.88102275884887E+02  0.11342658397951E+05  0.29153555311880E+04 -0.17968311428935E+04
   0.10289715684710E+06 -0.28347393388652E+05  0.25873865591742E+04  0.25698906834200E+05 -0.56733670407578E+04  0.57509625485299E+03  0.23302729373608E+04  0.61722157041701E+04 -0.54024362500735E+02 -0.97544887601213E+03  0.21040776368037E+03  0.18044983930431E+03  0.93773839618032E+01  0.11009429336620E+01  0.66874378023395E+02  0.35913004243112E+02  0.15786880516735E+05  0.12351409207491E+05 -0.11104722485852E+06 -0.17968311428935E+04  0.46490685999606E+04

 # Covariance matrix (Bevington epsilon)
   0.75617190695302E-03  0.67502499046456E-04 -0.27791234166879E-01 -0.23033422393738E-03 -0.12992748750828E-02  0.14695993203797E-02 -0.11951375619077E-02  0.42429428355879E-04  0.16935631134633E-04 -0.33643081064963E-02 -0.12756246519472E-01 -0.65152963767613E-03  0.45402280549952E-02 -0.41872602497340E-01  0.35269632631930E-04  0.53305838042728E-03 -0.19280646056585E-03  0.18362041193928E-03 -0.65596318107698E-05  0.14724642640026E-03 -0.53674704851038E-03  0.42216372829862E-03 -0.22394396960545E-03  0.92539480966663E-04  0.59420574747444E-04  0.53575299724358E-04 -0.88563694134314E-04  0.55946180963950E-04  0.65364470154221E-04  0.52006890874996E-04 -0.13332347577068E-03 -0.97637380744720E-04  0.63279526398151E-04  0.61755280663350E-04  0.45995983511550E-04 -0.65354286013000E-04 -0.62384062177653E-04  0.37063078377833E-05  0.10747209597733E-04  0.54128532161319E-04 -0.28253804074941E-04
   0.67502499046459E-04  0.10484146279289E-03 -0.14414221500867E-02  0.84639374910699E-04  0.30116995155018E-03  0.33798440127458E-04 -0.27086412434783E-03  0.91678629432505E-05  0.44295081728884E-05 -0.18144648237231E-04 -0.17419760614040E-02  0.66091990107518E-04 -0.92125902371233E-03  0.12429210610047E-01  0.18245421710334E-05 -0.20519702884862E-03 -0.11762813200195E-03  0.15014266294907E-03 -0.25632289719649E-05  0.36433444664335E-04 -0.75163457313813E-04 -0.92634572915045E-03  0.19132423093150E-03  0.70962999499761E-04  0.12034483708393E-04  0.92754562357717E-05 -0.77384453115243E-04  0.54251512590230E-05  0.46553663595927E-05  0.49300517634602E-05 -0.35794676773425E-04 -0.40655934375907E-04  0.12944358565130E-04  0.98430483901790E-05  0.10757431545315E-04  0.53342755357910E-05  0.12863032974420E-05  0.38457911876599E-06  0.69984722385525E-06  0.45472780973852E-05 -0.10836989155367E-04
  -0.27791234166879E-01 -0.14414221500866E-02  0.10419516432216E+01  0.10508231834515E-01  0.55689917202706E-01 -0.56938948689949E-01  0.43414777897515E-01 -0.14233420993931E-02 -0.56240332447687E-03  0.13097522939941E+00  0.48250870177603E+00  0.25789043790922E-01 -0.17483700165282E+00  0.18000127915090E+01 -0.11700551950892E-02 -0.17364295193815E-01  0.54880809636126E-02 -0.49746383402446E-02  0.21131459899667E-03 -0.51135503419088E-02  0.19174581994793E-01 -0.22165519289293E-01  0.91208642077166E-02 -0.28157631414367E-02 -0.17520832272521E-02 -0.15730829818522E-02  0.30626482103580E-02 -0.16916242678245E-02 -0.19496036208886E-02 -0.14636751755006E-02  0.54311542394256E-02  0.39774082397836E-02 -0.21373788082065E-02 -0.17611889008975E-02 -0.12096946281479E-02  0.22254488521564E-02  0.20691194585093E-02 -0.12199006388714E-03 -0.33856166364845E-03 -0.16750426229378E-02  0.10105059392813E-02
  -0.23033422393737E-03  0.84639374910703E-04  0.10508231834515E-01  0.14335897786905E-02  0.67408765288159E-02 -0.49467466983519E-02  0.24320900697800E-02 -0.22798562208837E-04 -0.13173535943770E-04  0.16467397607122E-02  0.60306447479234E-02  0.57405604107576E-03 -0.32047224442762E-02  0.83489791217635E-01  0.34185548329179E-04  0.20212371418401E-02  0.27856702426139E-03 -0.37194548730087E-03  0.88817575868888E-05 -0.24705259377786E-04  0.16183963123466E-03 -0.15140907350570E-02  0.32571868009628E-03  0.57586882332072E-04  0.22871842495454E-04  0.23658730453465E-04 -0.12340550691545E-05  0.44180995853258E-04  0.28216569050990E-04  0.33808816501814E-04  0.98687569606975E-04  0.53011525518356E-04 -0.12514170968960E-04  0.40749164851594E-04  0.29541198972726E-04 -0.22805344031539E-04 -0.30864825908420E-04  0.72223387185027E-06  0.63696392052214E-05  0.30773585618651E-04  0.18678319366229E-04
  -0.12992748750827E-02  0.30116995155019E-03  0.55689917202704E-01  0.67408765288158E-02  0.42611275959792E-01 -0.31088495104687E-01  0.31381695552411E-01 -0.17636413853962E-03 -0.97444487580706E-04  0.15253068636504E-01  0.55032354472930E-01  0.10390701769958E-02  0.77343584277386E-03  0.36005344995654E+00  0.16924814244637E-03  0.17188834778108E-01  0.37893426766648E-02 -0.47962671319003E-02 -0.94303272678421E-04 -0.26231451229138E-03  0.26270923415734E-02 -0.41580884761702E-02 -0.77350562825545E-03  0.44894861927539E-03  0.82015723320618E-04  0.10690181554955E-03  0.16766811527280E-03  0.23722329395573E-03  0.27962256746521E-04  0.99979158025998E-04  0.58247907784123E-03  0.46934530883984E-03 -0.92596317597995E-04  0.64141144407767E-04  0.33035180695133E-04  0.21731502949988E-05 -0.67340627343516E-04  0.25173138800987E-05  0.28707021262062E-04  0.15922636572448E-03  0.80097343503957E-04
   0.14695993203797E-02  0.33798440127453E-04 -0.56938948689947E-01 -0.49467466983518E-02 -0.31088495104687E-01  0.26623132815009E-01 -0.27526311244066E-01  0.24022710484418E-03  0.12302046856868E-03 -0.15246799090938E-01 -0.60343260996729E-01 -0.51153162010413E-03 -0.36341567288451E-03 -0.46639142422145E+00  0.28352953793651E-04 -0.11077510888023E-01 -0.29387949133022E-02  0.36467117780641E-02 -0.30652059898632E-05 -0.77631413385030E-03 -0.21106571750368E-02  0.28869445652157E-02  0.35127759169488E-03 -0.24031544052608E-03  0.50255390909588E-05 -0.21195575982537E-04 -0.37603423409356E-03 -0.19109838974396E-03  0.43310970863147E-04 -0.15001237570879E-04 -0.58217323353132E-03 -0.51287917901318E-03  0.12494253615754E-03  0.25845647668506E-04  0.31327247117389E-04 -0.91186888596734E-04 -0.32074802069960E-04  0.13368281854845E-05 -0.62071838216587E-05 -0.61774923767920E-04 -0.17881894338584E-03
  -0.11951375619076E-02 -0.27086412434785E-03  0.43414777897513E-01  0.24320900697798E-02  0.31381695552410E-01 -0.27526311244065E-01  0.47977291145913E-01 -0.26487623084997E-03 -0.13556726460805E-03  0.24103428610067E-01  0.88186612098752E-01 -0.27508681559905E-02  0.29053467073753E-01  0.26834298152880E+00 -0.63807241551841E-04  0.17108876245817E-01  0.50523067326047E-02 -0.62355052434725E-02 -0.13731837965470E-03  0.11404331287148E-02  0.39034962778371E-02  0.31074019210218E-02 -0.36074156359858E-02  0.35876460833628E-03  0.44737318885956E-05  0.47216043115250E-04  0.52655830777211E-03  0.22907155728335E-03 -0.11118056374673E-03 -0.20147038283524E-04  0.64767074814321E-03  0.79366609206729E-03 -0.10954988702280E-03 -0.13572389479419E-03 -0.11055464976235E-03  0.22552750387878E-03  0.13132185055405E-03 -0.77616681477002E-06  0.49044825309579E-05  0.96210994378048E-04  0.20788197879768E-03
   0.42429428355879E-04  0.91678629432505E-05 -0.14233420993931E-02 -0.22798562208837E-04 -0.17636413853963E-03  0.24022710484419E-03 -0.26487623084998E-03  0.22430957857793E-04  0.12235525366291E-04 -0.37330719078775E-03 -0.19703715161757E-02 -0.37830327249036E-05  0.72861536684251E-04 -0.11547821351514E-01 -0.96126732918263E-05 -0.27480161332283E-03 -0.50504901692330E-04  0.60973248720049E-04 -0.14114910235085E-05 -0.30508720610909E-04 -0.30374596600582E-04  0.28888566362764E-05 -0.71057250894423E-07  0.26119729306320E-06  0.80389518416127E-05  0.75090677363220E-05  0.23824664088319E-05  0.85043208278912E-05  0.90902078644075E-05  0.80793859717795E-05  0.11321777096599E-05  0.22527463080566E-05  0.73670590846300E-05  0.91033314705833E-05  0.77828286908557E-05  0.65110895470457E-07  0.41058236319781E-06  0.38764762131241E-06  0.12413247196787E-05  0.95053109532240E-05 -0.18080773315760E-05
   0.16935631134633E-04  0.44295081728884E-05 -0.56240332447687E-03 -0.13173535943770E-04 -0.97444487580708E-04  0.12302046856868E-03 -0.13556726460805E-03  0.12235525366291E-04  0.73380865045581E-05 -0.16377172752923E-03 -0.98660534446737E-03  0.20320656950717E-05 -0.14243911768065E-04 -0.57478536565055E-02 -0.92878727098585E-05 -0.19507350069252E-03 -0.23683838326696E-04  0.30106577984162E-04 -0.60418572486029E-06 -0.16676293234718E-04 -0.13007319657228E-04 -0.43516503051781E-05  0.57444675875260E-05 -0.11366135459103E-05  0.33050496300422E-05  0.30458753531030E-05  0.16769265488981E-06  0.34818061815528E-05  0.36599949422186E-05  0.31680046399783E-05 -0.25389273266239E-07  0.42199795848199E-06  0.35116874336543E-05  0.36464316210301E-05  0.30594726028274E-05  0.21015110411018E-05  0.21567095760615E-05  0.13221499671943E-06 -0.31691437133959E-06  0.37828391801788E-05 -0.94622335348061E-06
  -0.33643081064962E-02 -0.18144648237230E-04  0.13097522939941E+00  0.16467397607122E-02  0.15253068636503E-01 -0.15246799090937E-01  0.24103428610067E-01 -0.37330719078775E-03 -0.16377172752923E-03  0.49556355023536E-01  0.13842466910365E+00  0.38292695783245E-05  0.13297080131965E-01  0.24296490270985E+00 -0.54654804527323E-03  0.27557153819332E-02  0.33821276159869E-02 -0.38151579957657E-02 -0.39670377595126E-06 -0.87542853514038E-03  0.33910076350316E-02  0.25684020990798E-02 -0.10598268162626E-02 -0.42629083994890E-03 -0.19023855733758E-03 -0.16085738721045E-03 -0.10151180349834E-02 -0.46038474143303E-04 -0.24658566711947E-03 -0.18881124125950E-03  0.60362370187590E-03  0.57532797044158E-03 -0.17237367875468E-03 -0.24905670627884E-03 -0.20957716928514E-03  0.64121569783637E-03  0.50782621736530E-03 -0.16304800757852E-04 -0.61682309331640E-04 -0.17375681032482E-03  0.75396040432108E-04
  -0.12756246519471E-01 -0.17419760614040E-02  0.48250870177602E+00  0.60306447479233E-02  0.55032354472929E-01 -0.60343260996729E-01  0.88186612098752E-01 -0.19703715161757E-02 -0.98660534446736E-03  0.13842466910365E+00  0.52150286173465E+00  0.93647399454592E-03  0.29501362235614E-01  0.10842627772361E+01 -0.51370668189778E-03  0.39635045354241E-01  0.11126230494686E-01 -0.13464924287811E-01  0.67162679141283E-05 -0.12662841565958E-02  0.14244520466002E-01  0.18779260699998E-01 -0.10013693491033E-01 -0.13009705890899E-02 -0.31526855808901E-03 -0.17306076566729E-03  0.23812281006171E-02  0.32442013895678E-03 -0.38837383148203E-03 -0.92662202620147E-04  0.44618828407844E-02  0.44884517189836E-02 -0.10099944761973E-02 -0.44252807367259E-03 -0.17833162349098E-03  0.75776582695000E-03  0.41556680598059E-03 -0.32242853782686E-04 -0.66296596137513E-04 -0.10054513574513E-03  0.83691904239097E-03
  -0.65152963767613E-03  0.66091990107523E-04  0.25789043790922E-01  0.57405604107579E-03  0.10390701769960E-02 -0.51153162010426E-03 -0.27508681559904E-02 -0.37830327249039E-05  0.20320656950714E-05  0.38292695784324E-05  0.93647399454622E-03  0.33786851239972E-02 -0.30737254748100E-01  0.81553171058029E-01 -0.24164543598581E-04 -0.18273855978623E-02 -0.32266081899073E-03  0.43450532224136E-03  0.18982714192576E-04  0.25004337408915E-03 -0.17711580878013E-04 -0.15669734280298E-02  0.76701507898847E-03 -0.15338697296526E-04 -0.39801386200598E-04 -0.21915928789227E-04  0.77606341700894E-05 -0.20954158061324E-04 -0.32705972677331E-04 -0.15345985820809E-04  0.16990803675180E-03  0.54906659663515E-05 -0.35776945570253E-04 -0.21979347371944E-04 -0.74843995797057E-05  0.29538334879250E-04  0.34597288631060E-04 -0.21436740433299E-05 -0.48237450547015E-05 -0.46702108652450E-04  0.34478401233223E-04
   0.45402280549953E-02 -0.92125902371236E-03 -0.17483700165282E+00 -0.32047224442764E-02  0.77343584277244E-03 -0.36341567288340E-03  0.29053467073752E-01  0.72861536684259E-04 -0.14243911768061E-04  0.13297080131964E-01  0.29501362235611E-01 -0.30737254748100E-01  0.40783921944608E+00 -0.18065063192617E+00  0.59660478991716E-03  0.30960131088026E-01  0.46442769461656E-02 -0.63286002430482E-02 -0.20768544405761E-03 -0.35260680284663E-02 -0.21622717037798E-02  0.19266583848941E-01 -0.10618880816256E-01  0.86816214581088E-03  0.73012077113922E-03  0.54884369965680E-03  0.28090866602404E-03  0.50667912449753E-03  0.63545268932747E-03  0.42037617796913E-03  0.14833790199900E-03  0.64084529368122E-03  0.43902362898212E-03  0.49645225064501E-03  0.25465727349559E-03 -0.48769145665431E-03 -0.58604694888266E-03  0.36382519823317E-04  0.13733632562659E-03  0.57414075209973E-03 -0.69457961744969E-03
  -0.41872602497338E-01  0.12429210610048E-01  0.18000127915089E+01  0.83489791217634E-01  0.36005344995654E+00 -0.46639142422145E+00  0.26834298152881E+00 -0.11547821351513E-01 -0.57478536565054E-02  0.24296490270985E+00  0.10842627772361E+01  0.81553171058026E-01 -0.18065063192614E+00  0.66581748043370E+02 -0.13138762078885E-01 -0.74233732449713E-01  0.87661181806658E-02 -0.69469448382619E-02  0.46463070984547E-02  0.17361644635462E+00 -0.63092572057171E-01 -0.21819907208105E+00  0.75460627941476E-01  0.27284325210839E-01  0.14125190468673E-02  0.11226504802858E-02  0.53284434240420E-03  0.87833335137844E-02 -0.11232623542179E-02 -0.74518169298713E-03  0.17493691072193E-01 -0.79524278371881E-04  0.10441199684627E-02 -0.19656774842387E-02 -0.45489375606053E-03  0.52269103963908E-02  0.41370221331034E-02  0.35369330068674E-04 -0.27655014449479E-03 -0.66627423351906E-02 -0.25967483239056E-02
   0.35269632631929E-04  0.18245421710334E-05 -0.11700551950892E-02  0.34185548329179E-04  0.16924814244638E-03  0.28352953793649E-04 -0.63807241551836E-04 -0.96126732918263E-05 -0.92878727098586E-05 -0.54654804527322E-03 -0.51370668189777E-03 -0.24164543598581E-04  0.59660478991716E-03 -0.13138762078885E-01  0.12152095486431E-03  0.14652860401482E-02 -0.19110572811831E-04 -0.67127446379548E-05 -0.27835299041373E-05 -0.18454662570861E-04 -0.92253285717705E-05 -0.16590564280449E-04 -0.63003648787134E-04  0.18090158517213E-04  0.67982123482815E-05  0.66920097375819E-05  0.16396396737314E-04  0.37856742195163E-05  0.10701705165755E-04  0.10880139371751E-04  0.82554875571491E-05  0.88312032431797E-05 -0.38408967564378E-05  0.12978150096571E-04  0.11676482437255E-04 -0.41168537276595E-04 -0.39319809625131E-04  0.83183409704134E-06  0.41394952359863E-05  0.12832553870140E-04  0.18347843994854E-05
   0.53305838042728E-03 -0.20519702884863E-03 -0.17364295193815E-01  0.20212371418401E-02  0.17188834778108E-01 -0.11077510888023E-01  0.17108876245818E-01 -0.27480161332283E-03 -0.19507350069252E-03  0.27557153819332E-02  0.39635045354242E-01 -0.18273855978624E-02  0.30960131088027E-01 -0.74233732449712E-01  0.14652860401482E-02  0.44692055733699E-01  0.62162520326085E-02 -0.81498122408910E-02 -0.72572979403317E-04  0.41194616243193E-03  0.14940244016762E-02  0.47037034902603E-02 -0.39639266239136E-02  0.40573142766599E-03  0.24565073764768E-03  0.23487943679924E-03  0.94578006408392E-03  0.33082303935885E-03  0.28312680453649E-03  0.27576584031995E-03  0.69459145138637E-03  0.74909921918860E-03 -0.64716687894450E-04  0.30592242225870E-03  0.23978067548246E-03 -0.29697441927943E-03 -0.46270849229395E-03  0.16497026319318E-04  0.87134955372358E-04  0.32611159207772E-03  0.83658668501851E-04
  -0.19280646056586E-03 -0.11762813200195E-03  0.54880809636128E-02  0.27856702426141E-03  0.37893426766650E-02 -0.29387949133023E-02  0.50523067326049E-02 -0.50504901692331E-04 -0.23683838326697E-04  0.33821276159870E-02  0.11126230494686E-01 -0.32266081899073E-03  0.46442769461657E-02  0.87661181806680E-02 -0.19110572811830E-04  0.62162520326085E-02  0.24128984267268E-02 -0.29241273659594E-02 -0.10396740416557E-04  0.72494219877885E-04  0.53933792003279E-03  0.10254946821564E-02 -0.39234418414029E-03 -0.52114974497842E-04 -0.36878004054261E-04 -0.38910346660109E-04  0.38648331652327E-04 -0.20186616788796E-04 -0.53801172400502E-04 -0.58728362459813E-04  0.31637727969137E-04  0.37618158703392E-04 -0.14134234262569E-04 -0.53838824202092E-04 -0.67795835949209E-04  0.20085093205494E-03  0.15777346879304E-03 -0.33692694561315E-05 -0.13159822336170E-04 -0.42691552083946E-04 -0.17725973962911E-05
   0.18362041193929E-03  0.15014266294907E-03 -0.49746383402448E-02 -0.37194548730089E-03 -0.47962671319004E-02  0.36467117780643E-02 -0.62355052434728E-02  0.60973248720050E-04  0.30106577984163E-04 -0.38151579957658E-02 -0.13464924287811E-01  0.43450532224137E-03 -0.63286002430483E-02 -0.69469448382643E-02 -0.67127446379563E-05 -0.81498122408911E-02 -0.29241273659594E-02  0.35730759989539E-02  0.15869178739509E-04 -0.88813332755004E-04 -0.62721073032902E-03 -0.14453878849593E-02  0.58919497412266E-03  0.55045873941463E-04  0.29943754336321E-04  0.32530242748493E-04 -0.79909921377401E-04  0.77769315130759E-05  0.46279823807652E-04  0.52548282983979E-04 -0.62004595926671E-04 -0.71391844908845E-04  0.15166297513329E-04  0.46143322037777E-04  0.64684258371357E-04 -0.20189132171879E-03 -0.15609498389961E-03  0.31187760273505E-05  0.11573967703657E-04  0.34063772942403E-04 -0.11231385371267E-05
  -0.65596318107698E-05 -0.25632289719647E-05  0.21131459899668E-03  0.88817575868898E-05 -0.94303272678416E-04 -0.30652059898667E-05 -0.13731837965470E-03 -0.14114910235085E-05 -0.60418572486030E-06 -0.39670377594945E-06  0.67162679141332E-05  0.18982714192576E-04 -0.20768544405761E-03  0.46463070984547E-02 -0.27835299041372E-05 -0.72572979403316E-04 -0.10396740416557E-04  0.15869178739509E-04  0.44987212333889E-05  0.39622806118444E-04  0.49020001981484E-06 -0.78235408067123E-04  0.46406884280429E-04 -0.15648901936328E-05 -0.13474436834442E-05 -0.17663432491984E-05 -0.16874689646077E-05 -0.83637423731556E-06 -0.64548403713369E-06 -0.13183937165335E-05 -0.10194953554709E-05 -0.25211130498428E-05 -0.40156374148640E-06 -0.26165327367657E-06 -0.41915871666306E-06  0.36616840994153E-05  0.29579399569917E-05 -0.93604364901757E-07 -0.45007822905105E-06 -0.21038637790130E-05  0.16214337769647E-05
   0.14724642640026E-03  0.36433444664334E-04 -0.51135503419088E-02 -0.24705259377796E-04 -0.26231451229143E-03 -0.77631413385027E-03  0.11404331287147E-02 -0.30508720610909E-04 -0.16676293234718E-04 -0.87542853514040E-03 -0.12662841565958E-02  0.25004337408915E-03 -0.35260680284663E-02  0.17361644635462E+00 -0.18454662570861E-04  0.41194616243190E-03  0.72494219877877E-04 -0.88813332754994E-04  0.39622806118444E-04  0.21410353940071E-02  0.19460699082529E-03  0.20351024215223E-03  0.49905772637466E-04  0.13543502630917E-03  0.18831058729705E-04  0.10152262274133E-04  0.11464883425198E-04  0.36143530449963E-04  0.27322746240220E-05  0.14777302434283E-04 -0.38058521075882E-05 -0.34543237010933E-04  0.19588142315641E-04 -0.23529918439166E-04  0.26489576008258E-04  0.42622574956293E-05  0.14816734563960E-05  0.90304948666513E-06  0.40328053611117E-06 -0.90713673715505E-05  0.28047023366286E-04
  -0.53674704851039E-03 -0.75163457313813E-04  0.19174581994793E-01  0.16183963123466E-03  0.26270923415734E-02 -0.21106571750368E-02  0.39034962778371E-02 -0.30374596600582E-04 -0.13007319657228E-04  0.33910076350317E-02  0.14244520466002E-01 -0.17711580878013E-04 -0.21622717037797E-02 -0.63092572057169E-01 -0.92253285717715E-05  0.14940244016761E-02  0.53933792003278E-03 -0.62721073032900E-03  0.49020001981486E-06  0.19460699082529E-03  0.24917365477745E-02  0.29846682648806E-03  0.12002312843381E-06 -0.14518296397761E-03 -0.43635460118074E-04 -0.20175179100453E-04  0.18156850361772E-03 -0.19872989476292E-04 -0.51317303134134E-04  0.24324547561573E-04  0.11291095441610E-03  0.15831064501602E-03 -0.60397613121874E-04 -0.71802014086558E-04  0.48826433770215E-04  0.44417411711757E-04  0.35495937345664E-04 -0.22810126631305E-05 -0.34474693825374E-05 -0.67101135010662E-05 -0.84526831902371E-05
   0.42216372829863E-03 -0.92634572915046E-03 -0.22165519289293E-01 -0.15140907350570E-02 -0.41580884761704E-02  0.28869445652159E-02  0.31074019210214E-02  0.28888566362798E-05 -0.43516503051763E-05  0.25684020990794E-02  0.18779260699997E-01 -0.15669734280297E-02  0.19266583848941E-01 -0.21819907208106E+00 -0.16590564280445E-04  0.47037034902602E-02  0.10254946821564E-02 -0.14453878849593E-02 -0.78235408067122E-04  0.20351024215222E-03  0.29846682648803E-03  0.26179897765115E-01 -0.78535690647061E-02 -0.10212075862279E-02  0.74485214479217E-04  0.42054156161475E-04  0.62635641606891E-03  0.14690630796531E-03  0.11169274398998E-03  0.68011698202592E-04  0.46122622188626E-03  0.56999006508253E-03  0.13561630435036E-04 -0.92470880084108E-04 -0.11853808217215E-03 -0.14632253302913E-03 -0.14302082985878E-03  0.65193818240429E-05  0.30063866075964E-04  0.15288013528489E-03  0.87831562549101E-04
  -0.22394396960546E-03  0.19132423093150E-03  0.91208642077169E-02  0.32571868009631E-03 -0.77350562825527E-03  0.35127759169473E-03 -0.36074156359856E-02 -0.71057250896127E-07  0.57444675875251E-05 -0.10598268162624E-02 -0.10013693491032E-01  0.76701507898847E-03 -0.10618880816256E-01  0.75460627941479E-01 -0.63003648787135E-04 -0.39639266239135E-02 -0.39234418414027E-03  0.58919497412263E-03  0.46406884280429E-04  0.49905772637469E-04  0.12002312844484E-06 -0.78535690647062E-02  0.37172093197491E-02 -0.42380671964822E-04 -0.69863007481647E-04 -0.56815921800044E-04 -0.36249126365113E-03 -0.10758533963060E-03 -0.36077804758664E-04 -0.17725495379170E-04 -0.25323568612673E-03 -0.29544597654369E-03 -0.77316573322594E-05  0.21180653247767E-05  0.32806364112905E-04  0.11853459143552E-03  0.12423919981756E-03 -0.52551851646267E-05 -0.24962161898706E-04 -0.11219065783230E-03 -0.37268856834774E-04
   0.92539480966664E-04  0.70962999499760E-04 -0.28157631414368E-02  0.57586882332065E-04  0.44894861927536E-03 -0.24031544052606E-03  0.35876460833628E-03  0.26119729306324E-06 -0.11366135459103E-05 -0.42629083994891E-03 -0.13009705890899E-02 -0.15338697296530E-04  0.86816214581091E-03  0.27284325210838E-01  0.18090158517213E-04  0.40573142766599E-03 -0.52114974497842E-04  0.55045873941464E-04 -0.15648901936329E-05  0.13543502630917E-03 -0.14518296397761E-03 -0.10212075862279E-02 -0.42380671964824E-04  0.18289687632944E-03  0.14328537703591E-04  0.24404498158179E-04 -0.76045277385010E-05  0.16408187831649E-04 -0.19747489151243E-05  0.78997341932277E-05 -0.56067507980409E-05 -0.15733524809953E-04  0.94906903071759E-05  0.84073711495948E-05  0.14319472137571E-04 -0.18604636379549E-04 -0.19681799251565E-04  0.98424899956261E-06  0.35830431315205E-05  0.10416953845458E-04 -0.19162717771108E-04
   0.59420574747446E-04  0.12034483708393E-04 -0.17520832272522E-02  0.22871842495452E-04  0.82015723320607E-04  0.50255390909688E-05  0.44737318885899E-05  0.80389518416128E-05  0.33050496300423E-05 -0.19023855733759E-03 -0.31526855808906E-03 -0.39801386200600E-04  0.73012077113923E-03  0.14125190468669E-02  0.67982123482817E-05  0.24565073764768E-03 -0.36878004054262E-04  0.29943754336322E-04 -0.13474436834443E-05  0.18831058729706E-04 -0.43635460118075E-04  0.74485214479219E-04 -0.69863007481648E-04  0.14328537703591E-04  0.30106578384693E-04  0.20028601175302E-04  0.30261977154196E-04  0.20939841223259E-04  0.24289927306559E-04  0.22844153245994E-04  0.25834929729758E-04  0.26447273202504E-04  0.10169825886184E-04  0.24239872129146E-04  0.21786860702884E-04 -0.14887512390068E-04 -0.15549845893162E-04  0.88933200271880E-06  0.34444549657595E-05  0.18785093185420E-04  0.93866218307029E-06
   0.53575299724360E-04  0.92754562357717E-05 -0.15730829818523E-02  0.23658730453462E-04  0.10690181554954E-03 -0.21195575982525E-04  0.47216043115243E-04  0.75090677363221E-05  0.30458753531030E-05 -0.16085738721046E-03 -0.17306076566735E-03 -0.21915928789230E-04  0.54884369965681E-03  0.11226504802854E-02  0.66920097375820E-05  0.23487943679924E-03 -0.38910346660110E-04  0.32530242748494E-04 -0.17663432491984E-05  0.10152262274133E-04 -0.20175179100454E-04  0.42054156161478E-04 -0.56815921800045E-04  0.24404498158179E-04  0.20028601175302E-04  0.40785937582186E-04  0.31401595129479E-04  0.21113899816834E-04  0.22623159740169E-04  0.27665049612345E-04  0.27576841250829E-04  0.27693450503839E-04  0.91697117406209E-05  0.22036062149859E-04  0.25996219843054E-04 -0.15528453143746E-04 -0.15963789197231E-04  0.87447596796914E-06  0.34703575440408E-05  0.18466084864335E-04 -0.44643130763349E-05
  -0.88563694134314E-04 -0.77384453115242E-04  0.30626482103580E-02 -0.12340550691548E-05  0.16766811527279E-03 -0.37603423409356E-03  0.52655830777210E-03  0.23824664088319E-05  0.16769265488984E-06 -0.10151180349834E-02  0.23812281006171E-02  0.77606341700908E-05  0.28090866602403E-03  0.53284434240453E-03  0.16396396737314E-04  0.94578006408390E-03  0.38648331652321E-04 -0.79909921377394E-04 -0.16874689646076E-05  0.11464883425198E-04  0.18156850361772E-03  0.62635641606891E-03 -0.36249126365112E-03 -0.76045277385008E-05  0.30261977154196E-04  0.31401595129479E-04  0.40473871631454E-03  0.41128378816145E-04  0.35511930157474E-04  0.39220131465748E-04  0.15481106855845E-03  0.16144807236248E-03 -0.80350931830063E-05  0.32233821327323E-04  0.36734269157541E-04 -0.32565251192125E-04 -0.33279685522657E-04  0.12695127441644E-05  0.72111910249076E-05  0.37901690730084E-04  0.28049775847831E-04
   0.55946180963952E-04  0.54251512590230E-05 -0.16916242678246E-02  0.44180995853254E-04  0.23722329395571E-03 -0.19109838974395E-03  0.22907155728334E-03  0.85043208278914E-05  0.34818061815529E-05 -0.46038474143320E-04  0.32442013895672E-03 -0.20954158061327E-04  0.50667912449755E-03  0.87833335137840E-02  0.37856742195164E-05  0.33082303935885E-03 -0.20186616788798E-04  0.77769315130784E-05 -0.83637423731562E-06  0.36143530449963E-04 -0.19872989476293E-04  0.14690630796531E-03 -0.10758533963060E-03  0.16408187831649E-04  0.20939841223259E-04  0.21113899816834E-04  0.41128378816145E-04  0.64845066309112E-04  0.23868068419312E-04  0.23960534556318E-04  0.37853659838681E-04  0.37985290497126E-04  0.89712610327170E-05  0.22920818221027E-04  0.22167870980611E-04 -0.18083201140783E-04 -0.18899965851966E-04  0.10952687940816E-05  0.46112155312225E-05  0.22570676359239E-04  0.27664237604292E-05
   0.65364470154223E-04  0.46553663595928E-05 -0.19496036208887E-02  0.28216569050988E-04  0.27962256746513E-04  0.43310970863155E-04 -0.11118056374674E-03  0.90902078644076E-05  0.36599949422187E-05 -0.24658566711949E-03 -0.38837383148208E-03 -0.32705972677333E-04  0.63545268932748E-03 -0.11232623542182E-02  0.10701705165755E-04  0.28312680453649E-03 -0.53801172400502E-04  0.46279823807652E-04 -0.64548403713373E-06  0.27322746240223E-05 -0.51317303134135E-04  0.11169274398998E-03 -0.36077804758664E-04 -0.19747489151240E-05  0.24289927306559E-04  0.22623159740169E-04  0.35511930157474E-04  0.23868068419312E-04  0.33285602665646E-04  0.29102770279013E-04  0.31086045417589E-04  0.32385626769271E-04  0.10731901060889E-04  0.31315758332041E-04  0.27653404283469E-04 -0.20212826431389E-04 -0.20369792391942E-04  0.10216284297014E-05  0.40476177990887E-05  0.21902868277000E-04  0.29773034601092E-05
