 Correlated errors added in quadrature with statistical errors
 jl00106F2p DIS data with   1.69< Q2 < 0.500D+03 and 0.000 < xB < 1.000 and   3.00< W2 < 0.100D+04 and 0.000 < y < 1.000
   GP TMC applied
   HT corrections, multiplicative C=C(xB)
 Correlated errors added in quadrature with statistical errors
 jl00106F2d DIS data with   1.69< Q2 < 0.500D+03 and 0.000 < xB < 1.000 and   3.00< W2 < 0.100D+04 and 0.000 < y < 1.000
   WBArel smearing  (AV18) - fmKP free floating0 nuke corrections
   GP TMC applied
   HT corrections, multiplicative C=C(xB)
 Correlated errors added in quadrature with statistical errors
 slac_p     DIS data with   1.69< Q2 < 0.500D+03 and 0.000 < xB < 1.000 and   3.00< W2 < 0.100D+04 and 0.000 < y < 1.000
   GP TMC applied
   HT corrections, multiplicative C=C(xB)
 Correlated errors added in quadrature with statistical errors
 slac_d     DIS data with   1.69< Q2 < 0.500D+03 and 0.000 < xB < 1.000 and   3.00< W2 < 0.100D+04 and 0.000 < y < 1.000
   WBArel smearing  (AV18) - fmKP free floating0 nuke corrections
   GP TMC applied
   HT corrections, multiplicative C=C(xB)
 Correlated errors treated separately from statistical errors
 BcdF2pCor  DIS data with   1.69< Q2 < 0.500D+03 and 0.000 < xB < 1.000 and   3.00< W2 < 0.100D+04 and 0.000 < y < 1.000
   GP TMC applied
   HT corrections, multiplicative C=C(xB)
 Correlated errors treated separately from statistical errors
 BcdF2dCor  DIS data with   1.69< Q2 < 0.500D+03 and 0.000 < xB < 1.000 and   3.00< W2 < 0.100D+04 and 0.000 < y < 1.000
   WBArel smearing  (AV18) - fmKP free floating0 nuke corrections
   GP TMC applied
   HT corrections, multiplicative C=C(xB)
 Correlated errors treated separately from statistical errors
 NmcF2pCor  DIS data with   1.69< Q2 < 0.500D+03 and 0.000 < xB < 1.000 and   3.00< W2 < 0.100D+04 and 0.000 < y < 1.000
   GP TMC applied
   HT corrections, multiplicative C=C(xB)
 Correlated errors treated separately from statistical errors
 NmcRatCor  DIS data with   1.69< Q2 < 0.500D+03 and 0.000 < xB < 1.000 and   3.00< W2 < 0.100D+04 and 0.000 < y < 1.000
   WBArel smearing  (AV18) - fmKP free floating0 nuke corrections
   GP TMC applied
   HT corrections, multiplicative C=C(xB)
 Correlated errors treated separately from statistical errors
 H_nc_el_c  DIS data with   1.69< Q2 < 0.100D+06 and 0.000 < xB < 1.000 and   3.00< W2 < 0.100D+08 and 0.000 < y < 1.000
   GP TMC applied
   HT corrections, multiplicative C=C(xB)
 Correlated errors treated separately from statistical errors
 H_nc_ps_c  DIS data with   1.69< Q2 < 0.100D+06 and 0.000 < xB < 1.000 and   3.00< W2 < 0.100D+08 and 0.000 < y < 1.000
   GP TMC applied
   HT corrections, multiplicative C=C(xB)
 Correlated errors treated separately from statistical errors
 H_cc_el_c  DIS data with   1.69< Q2 < 0.100D+06 and 0.000 < xB < 1.000 and   3.00< W2 < 0.100D+08 and 0.000 < y < 1.000
   GP TMC applied
   HT corrections, multiplicative C=C(xB)
 Correlated errors treated separately from statistical errors
 H_cc_ps_c  DIS data with   1.69< Q2 < 0.100D+06 and 0.000 < xB < 1.000 and   3.00< W2 < 0.100D+08 and 0.000 < y < 1.000
   GP TMC applied
   HT corrections, multiplicative C=C(xB)
 Correlated errors added in quadrature with statistical errors
 BNS_F2nd   DIS data with   1.69< Q2 < 0.100D+06 and 0.000 < xB < 1.000 and   3.00< W2 < 0.100D+08 and 0.000 < y < 1.000
   WBArel smearing  (AV18) - fmKP free floating0 nuke corrections
   GP TMC applied
   HT corrections, multiplicative C=C(xB)
 Correlated errors added in quadrature with statistical errors
 e605       vector boson data with Q2 >=   0.00
 Correlated errors added in quadrature with statistical errors
 e866pp06xf vector boson data with Q2 >=  36.00
 Correlated errors added in quadrature with statistical errors
 e866pd06xf vector boson data with Q2 >=  36.00
 Correlated errors added in quadrature with statistical errors
 e866rat    vector boson data with Q2 >=  36.00
 Correlated errors added in quadrature with statistical errors
 cdfLasy05  vector boson data with Q2 >=   0.00
 Correlated errors added in quadrature with statistical errors
 d0Lasy_e15 vector boson data with Q2 >=   0.00
 Correlated errors added in quadrature with statistical errors
 d0Lasy13   vector boson data with Q2 >=   0.00
 Correlated errors added in quadrature with statistical errors
 CDF_Wasy   vector boson data with Q2 >=   0.00
 Correlated errors added in quadrature with statistical errors
 D0_Wasy    vector boson data with Q2 >=   0.00
 Correlated errors added in quadrature with statistical errors
 CDF_Z      vector boson data with Q2 >=   0.00
 Correlated errors added in quadrature with statistical errors
 D0_Z       vector boson data with Q2 >=   0.00
 Correlated errors added in quadrature with statistical errors
 d0run2coneJet data - errors added in quadrature
 Correlated errors added in quadrature with statistical errors
 CDFrun2jetJet data - errors added in quadrature
 Correlated errors added in quadrature with statistical errors
 d0_gamjet1 Photon data -- cuts to be written yet ...
 Correlated errors added in quadrature with statistical errors
 d0_gamjet2 Photon data -- cuts to be written yet ...
 Correlated errors added in quadrature with statistical errors
 d0_gamjet3 Photon data -- cuts to be written yet ...
 Correlated errors added in quadrature with statistical errors
 d0_gamjet4 Photon data -- cuts to be written yet ...

# fitpack10: fit output
# CJ15_AV18                                                                    

Parametrization   7 used here

 S-ACOT scheme used  for NC DIS

 charm mass =     1.30 GeV     bottom mass =     4.50 GeV



 THIS IS A NEXT TO LEADING ORDER FIT

 Q02=    1.69
         1  LAMBDA      VALUE=   0.22680      WEIGHT=    0.0000    
         2  a0uv        VALUE=    2.4992      WEIGHT=    0.0000    
         3  a1uv        VALUE=   0.62338      WEIGHT=   0.38544E-01
         4  a2uv        VALUE=    3.5331      WEIGHT=   0.22785E-01
         5  a3uv        VALUE=    0.0000      WEIGHT=    0.0000    
         6  a4uv        VALUE=    3.2403      WEIGHT=   0.48605    
         7  a5uv        VALUE=    0.0000      WEIGHT=    0.0000    
         8  a0dv        VALUE=    23.078      WEIGHT=    0.0000    
         9  a1dv        VALUE=    1.1405      WEIGHT=   0.35169E-01
        10  a2dv        VALUE=    6.5926      WEIGHT=   0.16161    
        11  a3dv        VALUE=   -3.5426      WEIGHT=   0.93890E-01
        12  a4dv        VALUE=    4.8606      WEIGHT=   0.15796    
        13  a5dv        VALUE=    0.0000      WEIGHT=    0.0000    
        14  a0ud        VALUE=   0.14322      WEIGHT=   0.51056E-02
        15  a1ud        VALUE=  -0.21645      WEIGHT=   0.39322E-02
        16  a2ud        VALUE=    8.3890      WEIGHT=   0.15653    
        17  a3ud        VALUE=    0.0000      WEIGHT=    0.0000    
        18  a4ud        VALUE=    15.659      WEIGHT=    1.1632    
        19  a5ud        VALUE=    0.0000      WEIGHT=    0.0000    
        20  a0du        VALUE=    35712.      WEIGHT=    0.0000    
        21  a1du        VALUE=    3.9744      WEIGHT=   0.53487E-01
        22  a2du        VALUE=    20.307      WEIGHT=   0.68096    
        23  a3du        VALUE=    17.000      WEIGHT=    0.0000    
        24  a4du        VALUE=    46.763      WEIGHT=    5.2636    
        25  a0g         VALUE=    46.598      WEIGHT=    0.0000    
        26  a1g         VALUE=   0.61672      WEIGHT=   0.38244E-01
        27  a2g         VALUE=    6.1855      WEIGHT=    1.1772    
        28  a3g         VALUE=   -3.2497      WEIGHT=   0.17262    
        29  a4g         VALUE=    2.9810      WEIGHT=   0.30817    
        30  a5g         VALUE=    0.0000      WEIGHT=    0.0000    
        31  kappa       VALUE=   0.40000      WEIGHT=    0.0000    
        32  a6dv        VALUE=  -0.41537E-02  WEIGHT=   0.74758E-03
        33  a7dv        VALUE=    2.0000      WEIGHT=    0.0000    
        34  off1        VALUE=  -0.62917E-02  WEIGHT=   0.10000E-02
        35  dummy35     VALUE=    0.0000      WEIGHT=    0.0000    
        36  ht1         VALUE=   -2.9782      WEIGHT=   0.23859    
        37  ht2         VALUE=    1.7289      WEIGHT=   0.10261    
        38  ht3         VALUE=   -2.0871      WEIGHT=   0.27045E-01
        39  ht4         VALUE=    0.0000      WEIGHT=    0.0000    
        40  dummy40     VALUE=    0.0000      WEIGHT=    0.0000    
        41  dummy41     VALUE=    0.0000      WEIGHT=    0.0000    
        42  dummy42     VALUE=    0.0000      WEIGHT=    0.0000    
        43  dummy43     VALUE=    0.0000      WEIGHT=    0.0000    
        44  dummy44     VALUE=    0.0000      WEIGHT=    0.0000    
        45  dummy45     VALUE=    0.0000      WEIGHT=    0.0000    
        46  dummy46     VALUE=    0.0000      WEIGHT=    0.0000    
        47  dummy47     VALUE=    0.0000      WEIGHT=    0.0000    
        48  dummy48     VALUE=    0.0000      WEIGHT=    0.0000    
        49  dummy49     VALUE=    0.0000      WEIGHT=    0.0000    
        50  bcdmsh2     VALUE=   0.97335      WEIGHT=   0.54696E-02
        51  bcdmsd2     VALUE=   0.99612      WEIGHT=   0.61678E-02
        52  ccfr        VALUE=    1.0000      WEIGHT=    0.0000    
        53  nutev       VALUE=    1.0000      WEIGHT=    0.0000    
        54  zeus        VALUE=   0.97998      WEIGHT=    0.0000    
        55  h1          VALUE=    1.0162      WEIGHT=    0.0000    
        56  e605        VALUE=    1.0319      WEIGHT=   0.28168E-01
        57  NmcH2       VALUE=    1.0166      WEIGHT=   0.76221E-02
        58  ntv_nu      VALUE=    1.0000      WEIGHT=    0.0000    
        59  ntv_nubar   VALUE=    1.0000      WEIGHT=    0.0000    
        60  cdf_jet     VALUE=   0.98910      WEIGHT=    0.0000    
        61  d0_jet      VALUE=   0.83504      WEIGHT=    0.0000    
        62  slac_p      VALUE=    1.0041      WEIGHT=   0.56170E-02
        63  slac_d      VALUE=    1.0067      WEIGHT=   0.58266E-02
        64  e866pp      VALUE=   0.97702      WEIGHT=   0.18875E-01
        65  e866pd      VALUE=   0.99185      WEIGHT=   0.17294E-01
        66  d0_gamjet   VALUE=    1.0383      WEIGHT=   0.16556E-01
        67  h1b         VALUE=   0.97608      WEIGHT=    0.0000    
        68  jlab_p      VALUE=   0.99458      WEIGHT=   0.64986E-02
        69  jlab_d      VALUE=   0.97956      WEIGHT=   0.64393E-02
        70  blank       VALUE=    1.0000      WEIGHT=    0.0000    
        71  d0run2      VALUE=   0.93436      WEIGHT=   0.15710E-01
        72  cdfrun2     VALUE=   0.92014      WEIGHT=   0.18119E-01
        73  HERA_el     VALUE=   0.99986      WEIGHT=   0.34134E-02
        74  HERA_ps     VALUE=   0.99548      WEIGHT=   0.31439E-02
        75  CDF_Z       VALUE=   0.97653      WEIGHT=   0.69817E-02
        76  NmcRat      VALUE=    1.0000      WEIGHT=    0.0000    
        77  BNS_F2nd    VALUE=   0.98405      WEIGHT=   0.63432E-02
0THE TOLERANCE IS    0.5000
 THE MAXIMUM NUMBER OF STEPS IS 100
0THE INITIAL CHI SQUARED IS  3.9618E+03
0  STEP  CHI SQUARED    PARAMETER      VALUE         ERROR
 ------------------------------------------------------------
     1    3.9614E+03
                       1  LAMBDA     2.2680E-01    0.0000E+00
                       2  a0uv       2.4993E+00    0.0000E+00
                       3  a1uv       6.2345E-01    1.8854E-02
                       4  a2uv       3.5329E+00    1.1739E-02
                       5  a3uv       0.0000E+00    0.0000E+00
                       6  a4uv       3.2416E+00    3.7208E-01
                       7  a5uv       0.0000E+00    0.0000E+00
                       8  a0dv       2.3078E+01    0.0000E+00
                       9  a1dv       1.1407E+00    3.6644E-02
                      10  a2dv       6.5907E+00    1.6374E-01
                      11  a3dv      -3.5426E+00    9.3399E-02
                      12  a4dv       4.8616E+00    1.4761E-01
                      13  a5dv       0.0000E+00    0.0000E+00
                      14  a0ud       1.4323E-01    5.0800E-03
                      15  a1ud      -2.1645E-01    3.9195E-03
                      16  a2ud       8.3879E+00    1.4875E-01
                      17  a3ud       0.0000E+00    0.0000E+00
                      18  a4ud       1.5661E+01    1.1255E+00
                      19  a5ud       0.0000E+00    0.0000E+00
                      20  a0du       3.5712E+04    0.0000E+00
                      21  a1du       3.9750E+00    4.9658E-02
                      22  a2du       2.0310E+01    6.7140E-01
                      23  a3du       1.7000E+01    0.0000E+00
                      24  a4du       4.6753E+01    5.7516E+00
                      25  a0g        4.6583E+01    0.0000E+00
                      26  a1g        6.1668E-01    3.8206E-02
                      27  a2g        6.1863E+00    1.1475E+00
                      28  a3g       -3.2498E+00    1.6490E-01
                      29  a4g        2.9808E+00    3.0476E-01
                      30  a5g        0.0000E+00    0.0000E+00
                      31  kappa      4.0000E-01    0.0000E+00
                      32  a6dv      -4.1861E-03    6.7933E-04
                      33  a7dv       2.0000E+00    0.0000E+00
                      34  off1      -6.1346E-03    2.2945E-03
                      35  dummy35    0.0000E+00    0.0000E+00
                      36  ht1       -2.9841E+00    2.3255E-01
                      37  ht2        1.7259E+00    9.6781E-02
                      38  ht3       -2.0880E+00    2.3172E-02
                      39  ht4        0.0000E+00    0.0000E+00
                      40  dummy40    0.0000E+00    0.0000E+00
                      41  dummy41    0.0000E+00    0.0000E+00
                      42  dummy42    0.0000E+00    0.0000E+00
                      43  dummy43    0.0000E+00    0.0000E+00
                      44  dummy44    0.0000E+00    0.0000E+00
                      45  dummy45    0.0000E+00    0.0000E+00
                      46  dummy46    0.0000E+00    0.0000E+00
                      47  dummy47    0.0000E+00    0.0000E+00
                      48  dummy48    0.0000E+00    0.0000E+00
                      49  dummy49    0.0000E+00    0.0000E+00
                      50  bcdmsh2    9.7337E-01    5.4096E-03
                      51  bcdmsd2    9.9518E-01    6.2341E-03
                      52  ccfr       1.0000E+00    0.0000E+00
                      53  nutev      1.0000E+00    0.0000E+00
                      54  zeus       9.7998E-01    0.0000E+00
                      55  h1         1.0162E+00    0.0000E+00
                      56  e605       1.0320E+00    2.8215E-02
                      57  NmcH2      1.0166E+00    7.5488E-03
                      58  ntv_nu     1.0000E+00    0.0000E+00
                      59  ntv_nuba   1.0000E+00    0.0000E+00
                      60  cdf_jet    9.8910E-01    0.0000E+00
                      61  d0_jet     8.3504E-01    0.0000E+00
                      62  slac_p     1.0041E+00    5.4837E-03
                      63  slac_d     1.0066E+00    5.7969E-03
                      64  e866pp     9.7708E-01    1.8462E-02
                      65  e866pd     9.9190E-01    1.6944E-02
                      66  d0_gamje   1.0383E+00    1.6551E-02
                      67  h1b        9.7608E-01    0.0000E+00
                      68  jlab_p     9.9466E-01    6.2452E-03
                      69  jlab_d     9.7918E-01    6.3701E-03
                      70  blank      1.0000E+00    0.0000E+00
                      71  d0run2     9.3441E-01    1.5421E-02
                      72  cdfrun2    9.2017E-01    1.7998E-02
                      73  HERA_el    9.9986E-01    3.4130E-03
                      74  HERA_ps    9.9548E-01    3.1402E-03
                      75  CDF_Z      9.7653E-01    6.8514E-03
                      76  NmcRat     1.0000E+00    0.0000E+00
                      77  BNS_F2nd   9.8424E-01    6.5898E-03
0 MINIMIZATION TERMINATED WITH STEP  1
  TOLERANCE CRITERION      SATISFIED
0 CHI SQUARED PER DEGREE OF FREEDOM IS  9.916E-01
   1.000 -0.337 -0.973  0.320  0.035  0.213 -0.437  0.500  0.441 -0.243 -0.496 -0.065 -0.125  0.004  0.147  0.088  0.083 -0.095  0.292 -0.077  0.071 -0.233  0.177  0.453  0.332 -0.084  0.209  0.441  0.368 -0.134 -0.064  0.110  0.321  0.299 -0.176 -0.160  0.036  0.146  0.484  0.071
  -0.337  1.000  0.510  0.205  0.339 -0.239  0.208 -0.103 -0.093  0.311  0.219  0.140 -0.000  0.108 -0.031  0.039  0.061 -0.020 -0.267  0.067 -0.533  0.352  0.240  0.105  0.066 -0.136  0.039  0.012  0.037  0.108  0.037  0.003  0.125  0.122 -0.028 -0.007 -0.001 -0.004 -0.018 -0.088
  -0.973  0.510  1.000 -0.222  0.057 -0.258  0.447 -0.463 -0.412  0.300  0.523  0.091  0.133  0.036 -0.127 -0.045 -0.045  0.076 -0.307  0.091 -0.158  0.276 -0.090 -0.313 -0.223  0.090 -0.132 -0.298 -0.240  0.228  0.151 -0.092 -0.182 -0.181  0.134  0.125 -0.029 -0.114 -0.377 -0.066
   0.320  0.205 -0.222  1.000  0.836 -0.638 -0.056  0.169  0.126 -0.084 -0.199  0.192 -0.149  0.254  0.366  0.390 -0.088  0.253  0.418  0.166 -0.286  0.201  0.369  0.314  0.249 -0.080  0.128  0.321  0.277  0.028 -0.044  0.053  0.265  0.179 -0.104 -0.083  0.021  0.103  0.255  0.012
   0.035  0.339  0.057  0.836  1.000 -0.885  0.463 -0.027 -0.044  0.129  0.080  0.106 -0.055  0.287  0.243  0.277 -0.123  0.242  0.014  0.005 -0.208  0.092  0.251  0.191  0.127 -0.050  0.128  0.149  0.099  0.095  0.039  0.019  0.135 -0.002 -0.043 -0.037  0.012  0.062  0.153  0.071
   0.213 -0.239 -0.258 -0.638 -0.885  1.000 -0.689  0.211  0.205 -0.166 -0.267  0.014 -0.030 -0.379 -0.160 -0.267  0.105 -0.251 -0.034 -0.029  0.218 -0.164 -0.205 -0.041 -0.045 -0.051 -0.122 -0.022 -0.012 -0.154 -0.123  0.015 -0.033  0.075 -0.003 -0.009 -0.002 -0.014 -0.027 -0.113
  -0.437  0.208  0.447 -0.056  0.463 -0.689  1.000 -0.341 -0.304  0.397  0.531 -0.191  0.197  0.168 -0.136 -0.046 -0.026  0.027 -0.463 -0.208  0.003 -0.070 -0.051 -0.094 -0.079  0.087  0.103 -0.139 -0.147  0.213  0.251 -0.048 -0.084 -0.192  0.050  0.040 -0.007 -0.036 -0.058  0.182
   0.500 -0.103 -0.463  0.169 -0.027  0.211 -0.341  1.000  0.973 -0.360 -0.803  0.066 -0.104 -0.087 -0.130  0.008  0.233 -0.181  0.141  0.003 -0.065  0.011  0.133  0.323  0.247  0.033  0.230  0.326  0.276  0.015  0.027  0.110  0.257  0.237 -0.005 -0.002  0.022  0.098  0.364  0.035
   0.441 -0.093 -0.412  0.126 -0.044  0.205 -0.304  0.973  1.000 -0.319 -0.761  0.050 -0.088 -0.087 -0.221 -0.049  0.245 -0.212  0.116  0.001 -0.060  0.015  0.110  0.274  0.208  0.019  0.207  0.271  0.227 -0.002  0.009  0.098  0.212  0.197  0.013  0.011  0.018  0.018  0.303  0.026
  -0.243  0.311  0.300 -0.084  0.129 -0.166  0.397 -0.360 -0.319  1.000  0.687 -0.214  0.309 -0.014 -0.073 -0.252 -0.381  0.196 -0.185  0.066  0.182 -0.124 -0.250 -0.075 -0.005 -0.413  0.049 -0.103 -0.029 -0.005  0.004 -0.014 -0.071 -0.032  0.224  0.131 -0.011 -0.069 -0.108 -0.168
  -0.496  0.219  0.523 -0.199  0.080 -0.267  0.531 -0.803 -0.761  0.687  1.000 -0.149  0.245  0.046 -0.013 -0.170 -0.256  0.090 -0.247 -0.060  0.198 -0.212 -0.203 -0.061  0.019  0.087  0.071 -0.053  0.029  0.324  0.363 -0.092 -0.016  0.017 -0.000 -0.039 -0.003 -0.025 -0.027 -0.011
  -0.065  0.140  0.091  0.192  0.106  0.014 -0.191  0.066  0.050 -0.214 -0.149  1.000 -0.831 -0.254  0.132  0.034 -0.065  0.053  0.043 -0.142 -0.091  0.098  0.001 -0.013 -0.036  0.052 -0.028  0.034 -0.018  0.119 -0.031 -0.007  0.061 -0.008 -0.003 -0.007  0.001  0.017  0.008  0.146
  -0.125 -0.000  0.133 -0.149 -0.055 -0.030  0.197 -0.104 -0.088  0.309  0.245 -0.831  1.000  0.231 -0.142 -0.053  0.090 -0.094 -0.056  0.236  0.081 -0.085  0.053  0.058  0.070 -0.035  0.058  0.020  0.062  0.098  0.114  0.005 -0.018  0.041 -0.030 -0.022  0.003  0.013 -0.004 -0.213
   0.004  0.108  0.036  0.254  0.287 -0.379  0.168 -0.087 -0.087 -0.014  0.046 -0.254  0.231  1.000  0.101  0.266 -0.041  0.206  0.108  0.162 -0.138  0.165  0.175  0.114  0.060  0.045  0.187  0.112  0.065  0.112  0.027  0.036  0.076  0.033  0.004  0.014  0.009  0.036 -0.025 -0.099
   0.147 -0.031 -0.127  0.366  0.243 -0.160 -0.136 -0.130 -0.221 -0.073 -0.013  0.132 -0.142  0.101  1.000  0.690 -0.500  0.739  0.206  0.074  0.014  0.046  0.042  0.100  0.081 -0.022 -0.092  0.135  0.122 -0.058 -0.086  0.025  0.100  0.088 -0.004  0.010  0.009  0.039  0.072 -0.012
   0.088  0.039 -0.045  0.390  0.277 -0.267 -0.046  0.008 -0.049 -0.252 -0.170  0.034 -0.053  0.266  0.690  1.000  0.063  0.514  0.178  0.243 -0.226  0.330  0.297  0.128  0.105 -0.014 -0.017  0.224  0.193 -0.002 -0.035  0.042  0.187  0.148 -0.188 -0.068  0.011  0.058  0.054  0.037
   0.083  0.061 -0.045 -0.088 -0.123  0.105 -0.026  0.233  0.245 -0.381 -0.256 -0.065  0.090 -0.041 -0.500  0.063  1.000 -0.803 -0.082  0.081 -0.346  0.229  0.445  0.137  0.088  0.106  0.152  0.210  0.157  0.181  0.197  0.008  0.207  0.152 -0.479 -0.309  0.021  0.095  0.226  0.167
  -0.095 -0.020  0.076  0.253  0.242 -0.251  0.027 -0.181 -0.212  0.196  0.090  0.053 -0.094  0.206  0.739  0.514 -0.803  1.000  0.151  0.106  0.148  0.059 -0.240 -0.126 -0.082 -0.150 -0.180 -0.139 -0.105 -0.223 -0.264  0.022 -0.144 -0.114  0.377  0.294 -0.020 -0.090 -0.279 -0.152
   0.292 -0.267 -0.307  0.418  0.014 -0.034 -0.463  0.141  0.116 -0.185 -0.247  0.043 -0.056  0.108  0.206  0.178 -0.082  0.151  1.000  0.272 -0.235  0.242  0.157  0.104  0.158 -0.044  0.017  0.173  0.197 -0.089 -0.120  0.034  0.174  0.188 -0.030 -0.022  0.008  0.038  0.079 -0.105
  -0.077  0.067  0.091  0.166  0.005 -0.029 -0.208  0.003  0.001  0.066 -0.060 -0.142  0.236  0.162  0.074  0.243  0.081  0.106  0.272  1.000 -0.151  0.247  0.361 -0.070  0.210 -0.203 -0.053 -0.097  0.207 -0.094 -0.156  0.022 -0.138  0.134  0.004  0.037 -0.006 -0.025 -0.143 -0.466
   0.071 -0.533 -0.158 -0.286 -0.208  0.218  0.003 -0.065 -0.060  0.182  0.198 -0.091  0.081 -0.138  0.014 -0.226 -0.346  0.148 -0.235 -0.151  1.000 -0.817 -0.518 -0.035 -0.006  0.110  0.032 -0.055 -0.022  0.083  0.139 -0.013 -0.206 -0.150  0.164  0.074  0.000  0.002  0.052 -0.040
  -0.233  0.352  0.276  0.201  0.092 -0.164 -0.070  0.011  0.015 -0.124 -0.212  0.098 -0.085  0.165  0.046  0.330  0.229  0.059  0.242  0.247 -0.817  1.000  0.200 -0.143 -0.135 -0.238 -0.156  0.016 -0.017 -0.211 -0.293  0.018  0.104  0.070  0.020  0.081 -0.019 -0.092 -0.308 -0.032
   0.177  0.240 -0.090  0.369  0.251 -0.205 -0.051  0.133  0.110 -0.250 -0.203  0.001  0.053  0.175  0.042  0.297  0.445 -0.240  0.157  0.361 -0.518  0.200  1.000  0.246  0.191  0.018  0.100  0.113  0.041  0.107  0.067  0.032  0.113 -0.003 -0.316 -0.210  0.021  0.092  0.215  0.092
   0.453  0.105 -0.313  0.314  0.191 -0.041 -0.094  0.323  0.274 -0.075 -0.061 -0.013  0.058  0.114  0.100  0.128  0.137 -0.126  0.104 -0.070 -0.035 -0.143  0.246  1.000  0.571  0.317  0.427  0.752  0.676  0.476  0.517  0.090  0.641  0.569 -0.209 -0.197  0.045  0.193  0.661  0.127
   0.332  0.066 -0.223  0.249  0.127 -0.045 -0.079  0.247  0.208 -0.005  0.019 -0.036  0.070  0.060  0.081  0.105  0.088 -0.082  0.158  0.210 -0.006 -0.135  0.191  0.571  1.000  0.290  0.383  0.611  0.711  0.435  0.487  0.065  0.517  0.602 -0.171 -0.163  0.038  0.169  0.574 -0.023
  -0.084 -0.136  0.090 -0.080 -0.050 -0.051  0.087  0.033  0.019 -0.413  0.087  0.052 -0.035  0.045 -0.022 -0.014  0.106 -0.150 -0.044 -0.203  0.110 -0.238  0.018  0.317  0.290  1.000  0.276  0.349  0.348  0.583  0.646 -0.022  0.298  0.291 -0.163 -0.150  0.024  0.124  0.404  0.194
   0.209  0.039 -0.132  0.128  0.128 -0.122  0.103  0.230  0.207  0.049  0.071 -0.028  0.058  0.187 -0.092 -0.017  0.152 -0.180  0.017 -0.053  0.032 -0.156  0.100  0.427  0.383  0.276  1.000  0.463  0.454  0.448  0.483  0.047  0.392  0.376 -0.148 -0.141  0.034  0.158  0.497  0.089
   0.441  0.012 -0.298  0.321  0.149 -0.022 -0.139  0.326  0.271 -0.103 -0.053  0.034  0.020  0.112  0.135  0.224  0.210 -0.139  0.173 -0.097 -0.055  0.016  0.113  0.752  0.611  0.349  0.463  1.000  0.846  0.553  0.597  0.091  0.808  0.723 -0.262 -0.233  0.048  0.212  0.709  0.173
   0.368  0.037 -0.240  0.277  0.099 -0.012 -0.147  0.276  0.227 -0.029  0.029 -0.018  0.062  0.065  0.122  0.193  0.157 -0.105  0.197  0.207 -0.022 -0.017  0.041  0.676  0.711  0.348  0.454  0.846  1.000  0.540  0.602  0.071  0.723  0.846 -0.245 -0.220  0.046  0.209  0.684 -0.016
  -0.134  0.108  0.228  0.028  0.095 -0.154  0.213  0.015 -0.002 -0.005  0.324  0.119  0.098  0.112 -0.058 -0.002  0.181 -0.223 -0.089 -0.094  0.083 -0.211  0.107  0.476  0.435  0.583  0.448  0.553  0.540  1.000  0.794 -0.002  0.482  0.444 -0.238 -0.217  0.038  0.187  0.554  0.159
  -0.064  0.037  0.151 -0.044  0.039 -0.123  0.251  0.027  0.009  0.004  0.363 -0.031  0.114  0.027 -0.086 -0.035  0.197 -0.264 -0.120 -0.156  0.139 -0.293  0.067  0.517  0.487  0.646  0.483  0.597  0.602  0.794  1.000 -0.006  0.522  0.497 -0.259 -0.239  0.041  0.196  0.643  0.205
   0.110  0.003 -0.092  0.053  0.019  0.015 -0.048  0.110  0.098 -0.014 -0.092 -0.007  0.005  0.036  0.025  0.042  0.008  0.022  0.034  0.022 -0.013  0.018  0.032  0.090  0.065 -0.022  0.047  0.091  0.071 -0.002 -0.006  1.000  0.071  0.059  0.032  0.026  0.003  0.003  0.048 -0.012
   0.321  0.125 -0.182  0.265  0.135 -0.033 -0.084  0.257  0.212 -0.071 -0.016  0.061 -0.018  0.076  0.100  0.187  0.207 -0.144  0.174 -0.138 -0.206  0.104  0.113  0.641  0.517  0.298  0.392  0.808  0.723  0.482  0.522  0.071  1.000  0.675 -0.243 -0.209  0.041  0.180  0.602  0.163
   0.299  0.122 -0.181  0.179 -0.002  0.075 -0.192  0.237  0.197 -0.032  0.017 -0.008  0.041  0.033  0.088  0.148  0.152 -0.114  0.188  0.134 -0.150  0.070 -0.003  0.569  0.602  0.291  0.376  0.723  0.846  0.444  0.497  0.059  0.675  1.000 -0.218 -0.191  0.038  0.175  0.572 -0.035
  -0.176 -0.028  0.134 -0.104 -0.043 -0.003  0.050 -0.005  0.013  0.224 -0.000 -0.003 -0.030  0.004 -0.004 -0.188 -0.479  0.377 -0.030  0.004  0.164  0.020 -0.316 -0.209 -0.171 -0.163 -0.148 -0.262 -0.245 -0.238 -0.259  0.032 -0.243 -0.218  1.000  0.368 -0.034 -0.171 -0.365 -0.140
  -0.160 -0.007  0.125 -0.083 -0.037 -0.009  0.040 -0.002  0.011  0.131 -0.039 -0.007 -0.022  0.014  0.010 -0.068 -0.309  0.294 -0.022  0.037  0.074  0.081 -0.210 -0.197 -0.163 -0.150 -0.141 -0.233 -0.220 -0.217 -0.239  0.026 -0.209 -0.191  0.368  1.000 -0.028 -0.142 -0.323 -0.112
   0.036 -0.001 -0.029  0.021  0.012 -0.002 -0.007  0.022  0.018 -0.011 -0.003  0.001  0.003  0.009  0.009  0.011  0.021 -0.020  0.008 -0.006  0.000 -0.019  0.021  0.045  0.038  0.024  0.034  0.048  0.046  0.038  0.041  0.003  0.041  0.038 -0.034 -0.028  1.000  0.022  0.057  0.011
   0.146 -0.004 -0.114  0.103  0.062 -0.014 -0.036  0.098  0.018 -0.069 -0.025  0.017  0.013  0.036  0.039  0.058  0.095 -0.090  0.038 -0.025  0.002 -0.092  0.092  0.193  0.169  0.124  0.158  0.212  0.209  0.187  0.196  0.003  0.180  0.175 -0.171 -0.142  0.022  1.000  0.277  0.054
   0.484 -0.018 -0.377  0.255  0.153 -0.027 -0.058  0.364  0.303 -0.108 -0.027  0.008 -0.004 -0.025  0.072  0.054  0.226 -0.279  0.079 -0.143  0.052 -0.308  0.215  0.661  0.574  0.404  0.497  0.709  0.684  0.554  0.643  0.048  0.602  0.572 -0.365 -0.323  0.057  0.277  1.000  0.195
   0.071 -0.088 -0.066  0.012  0.071 -0.113  0.182  0.035  0.026 -0.168 -0.011  0.146 -0.213 -0.099 -0.012  0.037  0.167 -0.152 -0.105 -0.466 -0.040 -0.032  0.092  0.127 -0.023  0.194  0.089  0.173 -0.016  0.159  0.205 -0.012  0.163 -0.035 -0.140 -0.112  0.011  0.054  0.195  1.000

0                ***   ***   ***  ***   ***   ***



     X        Q2         W2       THEORY         DATA         ERROR        chi^2     _w    ITYPE
.4831E+00     3.585  0.472E+01   0.17950E+00   0.18590E+00    0.56080E-02  -1.30          jl00106F2p
.4904E+00     3.624  0.465E+01   0.17461E+00   0.18170E+00    0.55227E-02  -1.65          jl00106F2p
.4978E+00     3.663  0.458E+01   0.16969E+00   0.17590E+00    0.53000E-02  -1.37          jl00106F2p
.5052E+00     3.702  0.451E+01   0.16482E+00   0.16780E+00    0.50774E-02  -0.34          jl00106F2p
.5127E+00     3.740  0.444E+01   0.15994E+00   0.16030E+00    0.48549E-02  -0.01          jl00106F2p
.5202E+00     3.779  0.437E+01   0.15511E+00   0.15490E+00    0.47707E-02   0.00          jl00106F2p
.5278E+00     3.818  0.430E+01   0.15027E+00   0.15390E+00    0.46872E-02  -0.60          jl00106F2p
.5355E+00     3.857  0.423E+01   0.14543E+00   0.14960E+00    0.45486E-02  -0.84          jl00106F2p
.5433E+00     3.895  0.416E+01   0.14060E+00   0.13750E+00    0.42438E-02   0.53          jl00106F2p
.5511E+00     3.934  0.409E+01   0.13584E+00   0.13020E+00    0.40224E-02   1.97          jl00106F2p
.5590E+00     3.973  0.402E+01   0.13109E+00   0.12690E+00    0.40224E-02   1.08          jl00106F2p
.5669E+00     4.012  0.395E+01   0.12642E+00   0.12380E+00    0.39408E-02   0.44          jl00106F2p
.5749E+00     4.051  0.388E+01   0.12177E+00   0.12040E+00    0.38013E-02   0.13          jl00106F2p
.5830E+00     4.089  0.381E+01   0.11715E+00   0.11930E+00    0.38013E-02  -0.32          jl00106F2p
.5912E+00     4.128  0.374E+01   0.11258E+00   0.11430E+00    0.35805E-02  -0.23          jl00106F2p
.5995E+00     4.167  0.367E+01   0.10804E+00   0.10560E+00    0.33601E-02   0.53          jl00106F2p
.6000E+00     4.169  0.366E+01   0.10777E+00   0.10820E+00    0.31765E-02  -0.02          jl00106F2p
.6097E+00     4.214  0.358E+01   0.10259E+00   0.10210E+00    0.30017E-02   0.03          jl00106F2p
.6195E+00     4.259  0.350E+01   0.97496E-01   0.97600E-01    0.28653E-02  -0.00          jl00106F2p
.6293E+00     4.304  0.342E+01   0.92537E-01   0.89300E-01    0.26420E-02   1.50          jl00106F2p
.6393E+00     4.349  0.334E+01   0.87625E-01   0.86400E-01    0.25554E-02   0.23          jl00106F2p
.6494E+00     4.395  0.325E+01   0.82812E-01   0.79900E-01    0.24187E-02   1.45          jl00106F2p
.6597E+00     4.440  0.317E+01   0.78067E-01   0.76600E-01    0.23324E-02   0.40          jl00106F2p
.6700E+00     4.485  0.309E+01   0.73475E-01   0.76100E-01    0.23324E-02  -1.27          jl00106F2p
.6804E+00     4.530  0.301E+01   0.68999E-01   0.73900E-01    0.22472E-02  -4.76          jl00106F2p
.5300E+00     3.995  0.442E+01   0.14724E+00   0.15580E+00    0.52498E-02  -2.66          jl00106F2p
.5379E+00     4.039  0.435E+01   0.14226E+00   0.14340E+00    0.48918E-02  -0.05          jl00106F2p
.5458E+00     4.082  0.428E+01   0.13735E+00   0.13850E+00    0.47508E-02  -0.06          jl00106F2p
.5538E+00     4.125  0.421E+01   0.13247E+00   0.13450E+00    0.46755E-02  -0.19          jl00106F2p
.5619E+00     4.168  0.413E+01   0.12761E+00   0.13210E+00    0.45343E-02  -0.98          jl00106F2p
.5700E+00     4.211  0.406E+01   0.12283E+00   0.12320E+00    0.43186E-02  -0.01          jl00106F2p
.5782E+00     4.255  0.399E+01   0.11808E+00   0.11910E+00    0.41773E-02  -0.06          jl00106F2p
.5865E+00     4.298  0.391E+01   0.11336E+00   0.11650E+00    0.41037E-02  -0.58          jl00106F2p
.5948E+00     4.341  0.384E+01   0.10874E+00   0.11300E+00    0.40311E-02  -1.11          jl00106F2p
.6032E+00     4.384  0.377E+01   0.10417E+00   0.10210E+00    0.36770E-02   0.32          jl00106F2p
.6117E+00     4.427  0.369E+01   0.99643E-01   0.99200E-01    0.36069E-02   0.02          jl00106F2p
.6203E+00     4.471  0.362E+01   0.95173E-01   0.96700E-01    0.36069E-02  -0.18          jl00106F2p
.6289E+00     4.514  0.355E+01   0.90812E-01   0.88900E-01    0.33971E-02   0.32          jl00106F2p
.6376E+00     4.557  0.347E+01   0.86513E-01   0.84700E-01    0.32558E-02   0.31          jl00106F2p
.6463E+00     4.600  0.340E+01   0.82325E-01   0.78900E-01    0.30480E-02   1.26          jl00106F2p
.6552E+00     4.643  0.333E+01   0.78168E-01   0.79600E-01    0.30480E-02  -0.22          jl00106F2p
.6556E+00     4.646  0.332E+01   0.77981E-01   0.77000E-01    0.23854E-02   0.17          jl00106F2p
.6660E+00     4.696  0.324E+01   0.73281E-01   0.71900E-01    0.21633E-02   0.41          jl00106F2p
.6765E+00     4.746  0.315E+01   0.68704E-01   0.69900E-01    0.21633E-02  -0.31          jl00106F2p
.6871E+00     4.796  0.307E+01   0.64259E-01   0.68400E-01    0.21633E-02  -3.66          jl00106F2p
.5472E+00     4.282  0.442E+01   0.13475E+00   0.13960E+00    0.47508E-02  -1.04          jl00106F2p
.5551E+00     4.328  0.435E+01   0.12991E+00   0.13540E+00    0.46098E-02  -1.42          jl00106F2p
.5629E+00     4.374  0.428E+01   0.12520E+00   0.13390E+00    0.44688E-02  -3.79          jl00106F2p
.5709E+00     4.421  0.420E+01   0.12047E+00   0.11770E+00    0.41037E-02   0.45          jl00106F2p
.5789E+00     4.467  0.413E+01   0.11581E+00   0.11710E+00    0.41037E-02  -0.10          jl00106F2p
.5869E+00     4.513  0.406E+01   0.11125E+00   0.11210E+00    0.39623E-02  -0.05          jl00106F2p
.5950E+00     4.559  0.399E+01   0.10672E+00   0.10440E+00    0.37483E-02   0.38          jl00106F2p
.6032E+00     4.606  0.391E+01   0.10224E+00   0.98400E-01    0.35355E-02   1.18          jl00106F2p
.6114E+00     4.652  0.384E+01   0.97847E-01   0.97100E-01    0.35355E-02   0.04          jl00106F2p
.6197E+00     4.698  0.376E+01   0.93511E-01   0.89200E-01    0.33242E-02   1.68          jl00106F2p
.6281E+00     4.745  0.369E+01   0.89232E-01   0.90300E-01    0.33242E-02  -0.10          jl00106F2p
.6365E+00     4.791  0.362E+01   0.85058E-01   0.82200E-01    0.31145E-02   0.84          jl00106F2p
.6449E+00     4.837  0.355E+01   0.80991E-01   0.76000E-01    0.29732E-02   2.82          jl00106F2p
.6535E+00     4.883  0.347E+01   0.76951E-01   0.75900E-01    0.29069E-02   0.13          jl00106F2p
.6620E+00     4.930  0.340E+01   0.73065E-01   0.69200E-01    0.27659E-02   1.95          jl00106F2p
.6707E+00     4.976  0.332E+01   0.69214E-01   0.67900E-01    0.26249E-02   0.25          jl00106F2p
.6712E+00     4.979  0.332E+01   0.68996E-01   0.67500E-01    0.21401E-02   0.49          jl00106F2p
.6813E+00     5.032  0.324E+01   0.64689E-01   0.61800E-01    0.20616E-02   1.96          jl00106F2p
.6916E+00     5.086  0.315E+01   0.60467E-01   0.59700E-01    0.19209E-02   0.16          jl00106F2p
.7019E+00     5.140  0.306E+01   0.56407E-01   0.62700E-01    0.20616E-02  -9.32          jl00106F2p
.6032E+00     5.015  0.418E+01   0.99019E-01   0.10560E+00    0.36125E-02  -3.32          jl00106F2p
.6113E+00     5.069  0.411E+01   0.94669E-01   0.96100E-01    0.33971E-02  -0.18          jl00106F2p
.6195E+00     5.123  0.403E+01   0.90376E-01   0.90600E-01    0.32527E-02  -0.00          jl00106F2p
.6277E+00     5.178  0.395E+01   0.86187E-01   0.87400E-01    0.31113E-02  -0.15          jl00106F2p
.6359E+00     5.232  0.388E+01   0.82102E-01   0.82300E-01    0.29698E-02  -0.00          jl00106F2p
.6442E+00     5.286  0.380E+01   0.78082E-01   0.75500E-01    0.27586E-02   0.88          jl00106F2p
.6526E+00     5.340  0.372E+01   0.74132E-01   0.73600E-01    0.27586E-02   0.04          jl00106F2p
.6609E+00     5.394  0.365E+01   0.70336E-01   0.71400E-01    0.26173E-02  -0.17          jl00106F2p
.6694E+00     5.449  0.357E+01   0.66572E-01   0.61300E-01    0.24083E-02   4.79          jl00106F2p
.6778E+00     5.503  0.350E+01   0.62966E-01   0.58600E-01    0.23431E-02   3.47          jl00106F2p
.6863E+00     5.557  0.342E+01   0.59437E-01   0.56500E-01    0.22672E-02   1.68          jl00106F2p
.6949E+00     5.611  0.335E+01   0.55989E-01   0.53500E-01    0.22023E-02   1.28          jl00106F2p
.7035E+00     5.666  0.327E+01   0.52663E-01   0.50000E-01    0.20616E-02   1.67          jl00106F2p
.7122E+00     5.720  0.319E+01   0.49424E-01   0.49200E-01    0.20616E-02   0.01          jl00106F2p
.7209E+00     5.774  0.312E+01   0.46306E-01   0.45900E-01    0.19209E-02   0.04          jl00106F2p
.7296E+00     5.828  0.304E+01   0.43310E-01   0.47300E-01    0.19209E-02  -4.31          jl00106F2p
.7302E+00     5.832  0.304E+01   0.43109E-01   0.47700E-01    0.13892E-02 -10.92          jl00106F2p
.5156E+00     4.525  0.513E+01   0.15130E+00   0.16440E+00    0.70803E-02  -3.43          jl00106F2p
.5222E+00     4.574  0.507E+01   0.14693E+00   0.16940E+00    0.71400E-02  -9.91          jl00106F2p
.5288E+00     4.623  0.500E+01   0.14261E+00   0.15740E+00    0.67201E-02  -4.85          jl00106F2p
.5354E+00     4.672  0.494E+01   0.13834E+00   0.14350E+00    0.63008E-02  -0.67          jl00106F2p
.5420E+00     4.721  0.487E+01   0.13412E+00   0.14140E+00    0.61612E-02  -1.40          jl00106F2p
.5487E+00     4.770  0.480E+01   0.12990E+00   0.13960E+00    0.61612E-02  -2.48          jl00106F2p
.5554E+00     4.819  0.474E+01   0.12574E+00   0.12740E+00    0.58249E-02  -0.08          jl00106F2p
.5621E+00     4.868  0.467E+01   0.12164E+00   0.12490E+00    0.57689E-02  -0.32          jl00106F2p
.5689E+00     4.917  0.461E+01   0.11755E+00   0.11470E+00    0.54378E-02   0.28          jl00106F2p
.5756E+00     4.965  0.454E+01   0.11358E+00   0.11500E+00    0.54083E-02  -0.07          jl00106F2p
.5824E+00     5.014  0.448E+01   0.10963E+00   0.10800E+00    0.52154E-02   0.10          jl00106F2p
.5893E+00     5.063  0.441E+01   0.10569E+00   0.10800E+00    0.51313E-02  -0.20          jl00106F2p
.5961E+00     5.112  0.435E+01   0.10188E+00   0.10190E+00    0.49396E-02  -0.00          jl00106F2p
.6030E+00     5.161  0.428E+01   0.98091E-01   0.10000E+00    0.49396E-02  -0.15          jl00106F2p
.6099E+00     5.210  0.421E+01   0.94370E-01   0.90600E-01    0.46141E-02   0.67          jl00106F2p
.6168E+00     5.259  0.415E+01   0.90727E-01   0.93900E-01    0.45793E-02  -0.48          jl00106F2p
.6173E+00     5.262  0.414E+01   0.90467E-01   0.92000E-01    0.36125E-02  -0.18          jl00106F2p
.6254E+00     5.319  0.407E+01   0.86296E-01   0.86600E-01    0.33302E-02  -0.01          jl00106F2p
.6335E+00     5.376  0.399E+01   0.82229E-01   0.84800E-01    0.33302E-02  -0.60          jl00106F2p
.6417E+00     5.433  0.392E+01   0.78224E-01   0.76200E-01    0.30480E-02   0.44          jl00106F2p
.6499E+00     5.490  0.384E+01   0.74329E-01   0.68000E-01    0.27803E-02   5.18          jl00106F2p
.6582E+00     5.547  0.376E+01   0.70504E-01   0.67700E-01    0.27803E-02   1.02          jl00106F2p
.6665E+00     5.604  0.369E+01   0.66790E-01   0.68500E-01    0.28425E-02  -0.36          jl00106F2p
.6748E+00     5.660  0.361E+01   0.63192E-01   0.62300E-01    0.26401E-02   0.11          jl00106F2p
.6831E+00     5.717  0.353E+01   0.59709E-01   0.54300E-01    0.24413E-02   4.91          jl00106F2p
.6915E+00     5.774  0.346E+01   0.56302E-01   0.55000E-01    0.24413E-02   0.28          jl00106F2p
.7000E+00     5.831  0.338E+01   0.52979E-01   0.49400E-01    0.22204E-02   2.60          jl00106F2p
.7085E+00     5.888  0.330E+01   0.49775E-01   0.47900E-01    0.22472E-02   0.70          jl00106F2p
.7170E+00     5.945  0.323E+01   0.46689E-01   0.46600E-01    0.21633E-02   0.00          jl00106F2p
.7255E+00     6.002  0.315E+01   0.43720E-01   0.43100E-01    0.20248E-02   0.09          jl00106F2p
.7341E+00     6.059  0.308E+01   0.40841E-01   0.44600E-01    0.21095E-02  -3.18          jl00106F2p
.7356E+00     6.069  0.306E+01   0.40351E-01   0.41700E-01    0.15556E-02  -0.75          jl00106F2p
.6032E+00     5.383  0.442E+01   0.96511E-01   0.10310E+00    0.38949E-02  -2.86          jl00106F2p
.6107E+00     5.441  0.435E+01   0.92463E-01   0.91000E-01    0.35468E-02   0.17          jl00106F2p
.6183E+00     5.500  0.428E+01   0.88460E-01   0.88200E-01    0.35468E-02   0.01          jl00106F2p
.6259E+00     5.558  0.420E+01   0.84550E-01   0.88000E-01    0.34713E-02  -0.99          jl00106F2p
.6336E+00     5.616  0.413E+01   0.80688E-01   0.78500E-01    0.32016E-02   0.47          jl00106F2p
.6412E+00     5.674  0.406E+01   0.76969E-01   0.79000E-01    0.31241E-02  -0.42          jl00106F2p
.6489E+00     5.732  0.398E+01   0.73305E-01   0.70500E-01    0.29206E-02   0.92          jl00106F2p
.6566E+00     5.790  0.391E+01   0.69739E-01   0.68700E-01    0.29206E-02   0.13          jl00106F2p
.6644E+00     5.849  0.384E+01   0.66232E-01   0.67500E-01    0.28601E-02  -0.20          jl00106F2p
