# fitpack15: fit parameters                                                                         
# CJ15_WJC2                                                                                         
# Created on 07/01/2015 at 06:37:30                                                                 

 # QCD setup
  INS	                    0
  NVL                          11
  IORD                          1
  Q02                   1.6899999999999999     
  IPARAMC                       7
  FLAVOR                4.0000000000000000     
  xmc                   1.3000000000000000     
  xmb                   4.5000000000000000     
  ncb                          12

 # Theory corrections
  inuke                     10744
  itmc                          1
  iht                           1

 # fit parameters
 LAMBDA       0.22680        0.0000    
 a0uv          2.5001        0.0000    
 a1uv         0.62363       0.18904E-01
 a2uv          3.5347       0.11741E-01
 a3uv          0.0000        0.0000    
 a4uv          3.2477       0.37340    
 a5uv          0.0000        0.0000    
 a0dv          23.228        0.0000    
 a1dv          1.1420       0.36399E-01
 a2dv          6.5688       0.16284    
 a3dv         -3.5504       0.91917E-01
 a4dv          4.8596       0.14574    
 a5dv          0.0000        0.0000    
 a0ud         0.14325       0.50801E-02
 a1ud        -0.21646       0.39189E-02
 a2ud          8.3891       0.14844    
 a3ud          0.0000        0.0000    
 a4ud          15.663        1.1258    
 a5ud          0.0000        0.0000    
 a0du          35712.        0.0000    
 a1du          3.9839       0.50027E-01
 a2du          20.278       0.67456    
 a3du          17.000        0.0000    
 a4du          47.406        5.8664    
 a0g           46.799        0.0000    
 a1g          0.61763       0.38222E-01
 a2g           6.2049        1.1506    
 a3g          -3.2488       0.16496    
 a4g           2.9786       0.30440    
 a5g           0.0000        0.0000    
 kappa        0.40000        0.0000    
 a6dv        -0.38885E-02   0.66071E-03
 a7dv          2.0000        0.0000    
 off1        -0.47710E-02   0.35769E-02
 dummy35       0.0000        0.0000    
 ht1          -2.9881       0.22982    
 ht2           1.7113       0.94817E-01
 ht3          -2.0922       0.22531E-01
 ht4           0.0000        0.0000    
 dummy40       0.0000        0.0000    
 dummy41       0.0000        0.0000    
 dummy42       0.0000        0.0000    
 dummy43       0.0000        0.0000    
 dummy44       0.0000        0.0000    
 dummy45       0.0000        0.0000    
 dummy46       0.0000        0.0000    
 dummy47       0.0000        0.0000    
 dummy48       0.0000        0.0000    
 dummy49       0.0000        0.0000    
 bcdmsh2      0.97377       0.54076E-02
 bcdmsd2      0.98705       0.61674E-02
 ccfr          1.0000        0.0000    
 nutev         1.0000        0.0000    
 zeus         0.97998        0.0000    
 h1            1.0162        0.0000    
 e605          1.0320       0.28240E-01
 NmcH2         1.0169       0.75505E-02
 ntv_nu        1.0000        0.0000    
 ntv_nubar     1.0000        0.0000    
 cdf_jet      0.98910        0.0000    
 d0_jet       0.83504        0.0000    
 slac_p        1.0046       0.54832E-02
 slac_d        1.0061       0.57955E-02
 e866pp       0.97902       0.18499E-01
 e866pd       0.99214       0.16965E-01
 d0_gamjet     1.0384       0.16553E-01
 h1b          0.97608        0.0000    
 jlab_p       0.99610       0.62587E-02
 jlab_d       0.97696       0.63568E-02
 blank         1.0000        0.0000    
 d0run2       0.93440       0.15391E-01
 cdfrun2      0.92010       0.17987E-01
 HERA_el      0.99987       0.34130E-02
 HERA_ps      0.99554       0.31402E-02
 CDF_Z        0.97662       0.68509E-02
 NmcRat        1.0000        0.0000    
 BNS_F2nd     0.98634       0.65848E-02
 END 0. 0.

 # Hessian matrix (Bevington alpha)
   0.45260976114162E+07 -0.12278971348363E+07  0.22928658339092E+06  0.41839632815470E+06 -0.11586474400060E+06 -0.41702616103704E+05  0.38402093516668E+05  0.81431873869487E+06 -0.17531375291913E+06 -0.42094934922880E+05  0.56440462819131E+04  0.12489760260303E+05  0.14555823192672E+04 -0.11253481242423E+03 -0.20525829032917E+05  0.19337038150241E+04 -0.19651991795815E+05 -0.10320706154862E+05 -0.66685675696005E+07  0.19254161159304E+07
  -0.12278971348363E+07  0.39822381740648E+06 -0.63990146756228E+05 -0.12477935695315E+06  0.33128634376284E+05  0.11573069968965E+05 -0.92061276735334E+04 -0.12892559069550E+06  0.30627777564882E+05  0.71011203374423E+04 -0.83883917599639E+03 -0.11513802896540E+04 -0.12732421656968E+03  0.13317197064967E+02  0.35927737748472E+04 -0.43402444461632E+03  0.35306352892478E+04  0.21317648314509E+04  0.23148243401028E+07 -0.51337065426024E+06
   0.22928658339092E+06 -0.63990146756228E+05  0.11717081624892E+05  0.21674226352077E+05 -0.60184765299445E+04 -0.22188167225441E+04  0.19329847485513E+04  0.32586889727658E+05 -0.71575894610230E+04 -0.18897816491042E+04  0.22350204515871E+03  0.41860516283803E+03  0.55936008026334E+02 -0.53452610392305E+01 -0.13410993034047E+04  0.13358038321008E+03 -0.12926937270797E+04 -0.70269786122631E+03 -0.35154516184668E+06  0.96852197817857E+05
   0.41839632815470E+06 -0.12477935695315E+06  0.21674226352077E+05  0.38086248678534E+06 -0.60046444603652E+05  0.65420803408278E+05  0.57674060494885E+05  0.32949764713825E+06 -0.22074459699615E+05 -0.17180604224199E+05  0.29279125043060E+04 -0.18877788959979E+04 -0.21716310969696E+03  0.69414960494302E+02  0.23157831988345E+05 -0.26756463244101E+04  0.22346750932835E+05  0.13092727152978E+05 -0.20016072812205E+07  0.59631307300777E+06
  -0.11586474400060E+06  0.33128634376284E+05 -0.60184765299445E+04 -0.60046444603652E+05  0.11262031159990E+05 -0.64033887812529E+04 -0.82862205630343E+04 -0.32530939193587E+05  0.71965241964884E+03  0.22900561028860E+04 -0.30374941647690E+03 -0.29683183091208E+02  0.88187836892142E+01 -0.64262674909126E+01 -0.17124469478252E+04  0.20343642777275E+03 -0.15988303963203E+04 -0.95839520020320E+03  0.44216184294772E+06 -0.11450288383779E+06
  -0.41702616103704E+05  0.11573069968965E+05 -0.22188167225441E+04  0.65420803408278E+05 -0.64033887812529E+04  0.20435211673555E+05  0.12155937140221E+05  0.93044774259454E+05 -0.79875558223663E+04 -0.38935038955914E+04  0.81463948859307E+03 -0.90715291208752E+03 -0.89601931844998E+02  0.22194556530393E+02  0.71951226511155E+04 -0.84653628157369E+03  0.71513729010820E+04  0.42266107894751E+04 -0.25926205534253E+05  0.56541634601612E+05
   0.38402093516668E+05 -0.92061276735334E+04  0.19329847485513E+04  0.57674060494885E+05 -0.82862205630343E+04  0.12155937140221E+05  0.96157517191260E+04  0.53926511474111E+05 -0.30383451818118E+04 -0.28922536132709E+04  0.48819211956721E+03 -0.28911001397054E+03 -0.37453492446554E+02  0.11939242522708E+02  0.34817251078110E+04 -0.41876148093052E+03  0.33700250573008E+04  0.20300318073142E+04 -0.20085033983022E+06  0.81990866826909E+05
   0.81431873869487E+06 -0.12892559069550E+06  0.32586889727658E+05  0.32949764713825E+06 -0.32530939193587E+05  0.93044774259454E+05  0.53926511474111E+05  0.50096569806805E+07 -0.25094256637501E+07 -0.85694384340945E+05  0.23069593145625E+05  0.22393940011221E+05  0.16799196283642E+04  0.11826484629446E+03  0.52768300109489E+05 -0.68163235796336E+04  0.59796608852100E+05  0.34196677796609E+05 -0.55777945704464E+06  0.69914260490377E+06
  -0.17531375291913E+06  0.30627777564882E+05 -0.71575894610230E+04 -0.22074459699615E+05  0.71965241964884E+03 -0.79875558223663E+04 -0.30383451818118E+04 -0.25094256637501E+07  0.22209211196715E+07  0.18595887132814E+05 -0.56561475721373E+04 -0.52683625242984E+04 -0.35707659847870E+03 -0.14051752725875E+02  0.45966383037538E+05 -0.23977754778377E+04  0.19744778113344E+05  0.10454680861553E+05 -0.12117545616583E+05 -0.12515610165432E+06
  -0.42094934922880E+05  0.71011203374423E+04 -0.18897816491042E+04 -0.17180604224199E+05  0.22900561028860E+04 -0.38935038955914E+04 -0.28922536132709E+04 -0.85694384340945E+05  0.18595887132814E+05  0.27797858621070E+04 -0.59423313802282E+03 -0.58724899944631E+03 -0.56588874255514E+02 -0.26709144282305E+01 -0.26479117518997E+04  0.31840816940136E+03 -0.25919079820100E+04 -0.15708094905506E+04  0.51183405428903E+05 -0.34951112556331E+05
   0.56440462819131E+04 -0.83883917599639E+03  0.22350204515871E+03  0.29279125043060E+04 -0.30374941647690E+03  0.81463948859307E+03  0.48819211956721E+03  0.23069593145625E+05 -0.56561475721373E+04 -0.59423313802282E+03  0.14992679738614E+03  0.15236284878800E+03  0.11998216566849E+02  0.87331807547300E+00  0.81283184576775E+03 -0.86488909273649E+02  0.74839924182826E+03  0.42940895496041E+03 -0.53859308032439E+04  0.52138485666335E+04
   0.12489760260303E+05 -0.11513802896540E+04  0.41860516283803E+03 -0.18877788959979E+04 -0.29683183091208E+02 -0.90715291208752E+03 -0.28911001397054E+03  0.22393940011221E+05 -0.52683625242984E+04 -0.58724899944631E+03  0.15236284878800E+03  0.27810093497264E+04  0.18160082064734E+03  0.63516828026762E+00  0.61453894407017E+03 -0.92338568462533E+02  0.84948176277518E+03  0.52193168797783E+03 -0.65268633198785E+04 -0.13250141464971E+04
   0.14555823192672E+04 -0.12732421656968E+03  0.55936008026334E+02 -0.21716310969696E+03  0.88187836892142E+01 -0.89601931844998E+02 -0.37453492446554E+02  0.16799196283642E+04 -0.35707659847870E+03 -0.56588874255514E+02  0.11998216566849E+02  0.18160082064734E+03  0.15638883471185E+02 -0.13664495101933E+00  0.24855154969594E+02 -0.55269035236773E+01  0.45503592338946E+02  0.32126457452382E+02 -0.24324619180659E+03 -0.26714730501214E+03
  -0.11253481242423E+03  0.13317197064967E+02 -0.53452610392305E+01  0.69414960494302E+02 -0.64262674909126E+01  0.22194556530393E+02  0.11939242522708E+02  0.11826484629446E+03 -0.14051752725875E+02 -0.26709144282305E+01  0.87331807547300E+00  0.63516828026762E+00 -0.13664495101933E+00  0.79312182980136E-01  0.15783701684664E+02 -0.14191655525738E+01  0.12606283389591E+02  0.66845877796589E+01 -0.10208513314865E+03  0.12036320776665E+02
  -0.20525829032917E+05  0.35927737748472E+04 -0.13410993034047E+04  0.23157831988345E+05 -0.17124469478252E+04  0.71951226511155E+04  0.34817251078110E+04  0.52768300109489E+05  0.45966383037538E+05 -0.26479117518997E+04  0.81283184576775E+03  0.61453894407017E+03  0.24855154969594E+02  0.15783701684664E+02  0.26610511231731E+05 -0.23670667619781E+04  0.20746357515584E+05  0.11397722739453E+05 -0.26225451734462E+05 -0.54049479076781E+04
   0.19337038150241E+04 -0.43402444461632E+03  0.13358038321008E+03 -0.26756463244101E+04  0.20343642777275E+03 -0.84653628157369E+03 -0.41876148093052E+03 -0.68163235796336E+04 -0.23977754778377E+04  0.31840816940136E+03 -0.86488909273649E+02 -0.92338568462533E+02 -0.55269035236773E+01 -0.14191655525738E+01 -0.23670667619781E+04  0.24549773939269E+03 -0.21439554626192E+04 -0.12251027410229E+04  0.29356298515812E+04  0.58954575764125E+03
  -0.19651991795815E+05  0.35306352892478E+04 -0.12926937270797E+04  0.22346750932835E+05 -0.15988303963203E+04  0.71513729010820E+04  0.33700250573008E+04  0.59796608852100E+05  0.19744778113344E+05 -0.25919079820100E+04  0.74839924182826E+03  0.84948176277518E+03  0.45503592338946E+02  0.12606283389591E+02  0.20746357515584E+05 -0.21439554626192E+04  0.19027470689808E+05  0.10800354130702E+05 -0.25515370132068E+05 -0.74661248991532E+04
  -0.10320706154862E+05  0.21317648314509E+04 -0.70269786122631E+03  0.13092727152978E+05 -0.95839520020320E+03  0.42266107894751E+04  0.20300318073142E+04  0.34196677796609E+05  0.10454680861553E+05 -0.15708094905506E+04  0.42940895496041E+03  0.52193168797783E+03  0.32126457452382E+02  0.66845877796589E+01  0.11397722739453E+05 -0.12251027410229E+04  0.10800354130702E+05  0.62200252462394E+04 -0.14900081389864E+05 -0.40407362437827E+04
  -0.66685675696005E+07  0.23148243401028E+07 -0.35154516184668E+06 -0.20016072812205E+07  0.44216184294772E+06 -0.25926205534253E+05 -0.20085033983022E+06 -0.55777945704464E+06 -0.12117545616583E+05  0.51183405428903E+05 -0.53859308032439E+04 -0.65268633198785E+04 -0.24324619180659E+03 -0.10208513314865E+03 -0.26225451734462E+05  0.29356298515812E+04 -0.25515370132068E+05 -0.14900081389864E+05  0.28143330670693E+08 -0.51832194992723E+07
   0.19254161159304E+07 -0.51337065426024E+06  0.96852197817857E+05  0.59631307300777E+06 -0.11450288383779E+06  0.56541634601612E+05  0.81990866826909E+05  0.69914260490377E+06 -0.12515610165432E+06 -0.34951112556331E+05  0.52138485666335E+04 -0.13250141464971E+04 -0.26714730501214E+03  0.12036320776665E+02 -0.54049479076781E+04  0.58954575764125E+03 -0.74661248991532E+04 -0.40407362437827E+04 -0.51832194992723E+07  0.25078939705796E+07

 # Covariance matrix (Bevington epsilon)
   0.35735244606006E-03 -0.74504548537902E-04 -0.68672729900635E-02  0.22334266143256E-03  0.12006750574521E-03  0.36723246932179E-03 -0.12055921113671E-02  0.48072464937090E-04  0.32702782761611E-04 -0.68039986545390E-03 -0.10550381839164E-01 -0.64030419888845E-04 -0.15681111832038E-02  0.85026239581512E-03  0.10750659784114E-03  0.19786027927894E-02  0.25814318581804E-03 -0.53729349604793E-03  0.35351468209106E-05 -0.30871396129285E-05  0.30243680884277E-03 -0.41596246202395E-03  0.77119172487233E-04  0.46312882615420E-04  0.38899553229769E-04 -0.45544533285441E-04  0.29858287910120E-04  0.45675222291580E-04  0.40254455556863E-04 -0.47236841529724E-04 -0.21134561252632E-04  0.34670153906616E-04  0.37936312542445E-04  0.35886165551823E-04 -0.50886249571872E-04 -0.54113754941365E-04  0.23519836989023E-05  0.86474046709784E-05  0.62613979981290E-04  0.85567240498174E-05
  -0.74504548537900E-04  0.13786074264249E-03  0.22274504021435E-02  0.86119189153109E-04  0.64057063036640E-03 -0.25298522925257E-03  0.35247232482863E-03 -0.61407353684934E-05 -0.42802554912878E-05  0.54285601374414E-03  0.29031954753941E-02  0.83025068710633E-04 -0.16760766427859E-04  0.73033099804490E-02 -0.15114923711329E-04  0.46829520498360E-03  0.11935587662455E-03 -0.81933594929579E-04 -0.22965679766093E-05  0.22425006992997E-05 -0.14422824068696E-02  0.39350093843752E-03  0.64142122515819E-04  0.66331553139415E-05  0.47869888441503E-05 -0.45087193954311E-04  0.34354330978986E-05  0.72161152255928E-06  0.25808272298924E-05  0.23373340582389E-04  0.72487415914809E-05  0.48420921992115E-06  0.91944424239034E-05  0.91790432963777E-05 -0.50048281872379E-05 -0.16023743273210E-05 -0.50090258861787E-07 -0.16442038538192E-06 -0.14827587504674E-05 -0.69118032498950E-05
  -0.68672729900635E-02  0.22274504021435E-02  0.13942667368549E+00 -0.30969063776544E-02  0.31643656898202E-02 -0.87638896585941E-02  0.24357571755424E-01 -0.88044419919117E-03 -0.60311301139623E-03  0.16630659086040E-01  0.22028403796851E+00  0.17346979491952E-02  0.33040685347019E-01  0.69142095291612E-01 -0.18475294347531E-02 -0.21061497857913E-01 -0.27923466994859E-02  0.83384126978017E-02 -0.75795629155335E-04  0.97250492540204E-04 -0.13385444164972E-01  0.97018324186716E-02 -0.80214823217073E-03 -0.63372568814301E-03 -0.51737651967060E-03  0.96715872450639E-03 -0.37260720091964E-03 -0.61122855959122E-03 -0.51946474954982E-03  0.15725779799719E-02  0.95881506779366E-03 -0.57328413662939E-03 -0.42541373772269E-03 -0.42891924836840E-03  0.76957971618442E-03  0.83515057227871E-03 -0.37068990433140E-04 -0.13422174202315E-03 -0.96572159193336E-03 -0.16042701004702E-03
   0.22334266143257E-03  0.86119189153106E-04 -0.30969063776546E-02  0.13249016565240E-02  0.49577176834153E-02 -0.21196536479417E-02 -0.30121016666429E-03  0.31638024884715E-04  0.18324669845876E-04 -0.46750552415045E-03 -0.83145346403624E-02  0.35317564549910E-03 -0.36739789558328E-02  0.53983124067546E-01  0.50823580836827E-03  0.16254283257607E-01 -0.51524820748174E-03  0.27684402834174E-02  0.80692964568361E-05  0.33001063857528E-04 -0.23803763505980E-02  0.68834230236708E-03  0.30318167879507E-03  0.61751890888177E-04  0.55798889072765E-04 -0.83581690826146E-04  0.34905217639672E-04  0.64236726493126E-04  0.58145505224253E-04  0.16750950717086E-04 -0.29292755611659E-04  0.32382207743197E-04  0.61000208187572E-04  0.41349157982900E-04 -0.57534795266928E-04 -0.54215337058726E-04  0.25671691534240E-05  0.11779917448911E-04  0.63259620415461E-04  0.29151957618926E-05
   0.12006750574528E-03  0.64057063036639E-03  0.31643656898189E-02  0.49577176834154E-02  0.26515474427108E-01 -0.13226188946747E-01  0.10951841048926E-01 -0.20780366745685E-04 -0.26671378773681E-04  0.29958123938182E-02  0.13753648886560E-01  0.89437500810106E-03 -0.63452388273802E-02  0.27358607041097E+00  0.15137896588683E-02  0.52386281676631E-01 -0.31717189134259E-02  0.11870949952353E-01 -0.77257977316253E-05  0.38611142430309E-04 -0.79949504041107E-02  0.15073825765697E-02  0.94612523204112E-03  0.16827102953340E-03  0.12609152114075E-03 -0.23418036518498E-03  0.15601451087293E-03  0.13551405433748E-03  0.91660821322784E-04  0.27854398782899E-03  0.10184462288874E-03  0.52378850174337E-04  0.14112763654639E-03 -0.40520408131962E-05 -0.10995669443717E-03 -0.10919973530564E-03  0.66007258638934E-05  0.31541040389334E-04  0.16961679855538E-03  0.80818569118316E-04
   0.36723246932175E-03 -0.25298522925256E-03 -0.87638896585933E-02 -0.21196536479418E-02 -0.13226188946747E-01  0.84487519039054E-02 -0.92673067953823E-02  0.98766121885396E-04  0.73964759476342E-04 -0.22283361354252E-02 -0.27411689643301E-01  0.55689649407263E-04 -0.17528271233958E-02 -0.20375317338570E+00 -0.55575635621279E-03 -0.28110544322665E-01  0.15445374748462E-02 -0.69385572157964E-02  0.24514286118391E-05 -0.29928612313257E-04  0.46450398983851E-02 -0.14485252388506E-02 -0.42750437910095E-03 -0.19971588981442E-04 -0.24518250274487E-04 -0.13610682067555E-03 -0.84402964752020E-04 -0.11388111866968E-04 -0.53081447623448E-05 -0.25927213358109E-03 -0.19088100118084E-03  0.22547029459920E-04 -0.19600390876974E-04  0.45007571030091E-04 -0.51365145719749E-05 -0.16134555177010E-04 -0.63557020016179E-06 -0.37158631927569E-05 -0.15880574660731E-04 -0.70150531678432E-04
  -0.12055921113670E-02  0.35247232482863E-03  0.24357571755423E-01 -0.30121016666413E-03  0.10951841048926E-01 -0.92673067953825E-02  0.21241603785643E-01 -0.25292568533203E-03 -0.17402531949968E-03  0.85330037616771E-02  0.87005750293911E-01 -0.13855938676378E-02  0.19166921010487E-01  0.14355819405652E+00 -0.75590534290008E-03 -0.72371861312092E-02 -0.57781212373982E-03  0.12125598809930E-02 -0.46762989889359E-04 -0.10786458280931E-03 -0.12902326356196E-03 -0.86487382184177E-03 -0.15147562332812E-03 -0.74154728051412E-04 -0.72311242811553E-04  0.36620753279878E-03  0.11410999444231E-03 -0.10985485100583E-03 -0.12426269170496E-03  0.57529890847866E-03  0.62225951784721E-03 -0.11664051940418E-03 -0.75630487782118E-04 -0.17800237774472E-03  0.11031543969405E-03  0.10289409865788E-03 -0.35163028663924E-05 -0.16422324798440E-04 -0.57458252130775E-04  0.17860748286573E-03
   0.48072464937089E-04 -0.61407353684935E-05 -0.88044419919116E-03  0.31638024884714E-04 -0.20780366745691E-04  0.98766121885399E-04 -0.25292568533204E-03  0.25807179733246E-04  0.19370273334173E-04 -0.27117028010946E-03 -0.45903314005983E-02  0.16420446240091E-04 -0.34847282614363E-03 -0.25761976891397E-02 -0.25180561103108E-04  0.44004829456765E-04  0.19377910028107E-03 -0.27977569463148E-03  0.45876640590546E-06  0.73518715830714E-06 -0.73300363024922E-04  0.42119006091216E-05  0.15033582361886E-04  0.88556602748573E-05  0.77794619869526E-05  0.46254573012821E-05  0.87971062824105E-05  0.90599470590923E-05  0.81122960077678E-05  0.13504165369036E-05  0.22088371635678E-05  0.92559688202798E-05  0.81608035478085E-05  0.76725676687172E-05 -0.22535398439220E-06 -0.84217249282816E-07  0.38892210199978E-06  0.15621357810590E-05  0.12659451158692E-04  0.11039097427895E-05
   0.32702782761611E-04 -0.42802554912878E-05 -0.60311301139623E-03  0.18324669845876E-04 -0.26671378773685E-04  0.73964759476344E-04 -0.17402531949968E-03  0.19370273334173E-04  0.15357656969904E-04 -0.18514429098900E-03 -0.33547910335544E-02  0.95778983626491E-05 -0.22782769181349E-03 -0.20011981651462E-02 -0.32972626957694E-04 -0.22616588048931E-03  0.15730201025111E-03 -0.25206598348493E-03  0.29447934600480E-06  0.45669537893851E-06 -0.52599768333248E-04  0.49129068418264E-05  0.95918296714082E-05  0.57845175457648E-05  0.50419277058564E-05  0.19642636873193E-05  0.61118420528196E-05  0.58192179334919E-05  0.51576616025958E-05 -0.22944233621343E-06  0.53205994166517E-06  0.63780096836219E-05  0.52125015981388E-05  0.49078583235876E-05  0.85252383420396E-06  0.81922634314552E-06  0.23855790873546E-06  0.21704621916019E-06  0.81102395926258E-05  0.62840693680588E-06
  -0.68039986545387E-03  0.54285601374413E-03  0.16630659086039E-01 -0.46750552415044E-03  0.29958123938182E-02 -0.22283361354251E-02  0.85330037616771E-02 -0.27117028010945E-03 -0.18514429098900E-03  0.22034274280835E-01  0.11474997199838E+00 -0.15760111907584E-02  0.30782021157647E-01 -0.14659480285970E-01 -0.41163227915102E-03 -0.42841862544275E-01 -0.92845608276785E-02  0.88344613634819E-02 -0.17886583306517E-04 -0.25561004386182E-04  0.61408764460689E-02 -0.17263540293407E-02 -0.80811377239941E-03 -0.57639846745601E-04 -0.44369301790642E-05 -0.17205012435721E-02  0.56162608570553E-04 -0.82190314300579E-04 -0.25089223695731E-04 -0.49545055094066E-05  0.20592524571990E-04 -0.33242434586614E-04 -0.67003919913615E-04 -0.32127235217160E-04  0.50398529947739E-03  0.34291971260211E-03 -0.52587477264794E-05 -0.31564349602361E-04 -0.10595991815373E-03 -0.15938184637616E-03
  -0.10550381839164E-01  0.29031954753940E-02  0.22028403796850E+00 -0.83145346403620E-02  0.13753648886562E-01 -0.27411689643301E-01  0.87005750293912E-01 -0.45903314005983E-02 -0.33547910335544E-02  0.11474997199838E+00  0.12673684046287E+01 -0.83309426424177E-02  0.18395154338901E+00  0.28526452359991E+00 -0.57551792902223E-03 -0.21946097572810E+00 -0.47336867170979E-01  0.30755540599997E-01 -0.17926675257202E-03 -0.62338777811417E-03  0.50580022809437E-01 -0.22580672091136E-01 -0.50254340086110E-02 -0.35878357160785E-03  0.13644001249595E-03  0.28416601319078E-02  0.61246486474840E-03 -0.31965852587420E-03  0.19246652720241E-03  0.68006715642191E-02  0.70073281950236E-02 -0.17164403263436E-02 -0.12250868692156E-03  0.11562798711037E-03 -0.51948440856194E-04 -0.82224223340880E-03 -0.12074030908620E-04 -0.84686125247887E-04 -0.18356613176493E-03 -0.51738302056361E-04
  -0.64030419888850E-04  0.83025068710633E-04  0.17346979491953E-02  0.35317564549909E-03  0.89437500810102E-03  0.55689649407283E-04 -0.13855938676378E-02  0.16420446240090E-04  0.95778983626486E-05 -0.15760111907584E-02 -0.83309426424175E-02  0.25027389299033E-02 -0.27999381842509E-01 -0.70795306643112E-01  0.25220341358656E-03  0.18604521293079E-02 -0.57176000610152E-03  0.84598159121277E-03  0.95575157401146E-06 -0.16601918610481E-04 -0.10294094238208E-02  0.46276255285374E-03 -0.43478279312268E-05 -0.38335291406251E-05 -0.11100212545959E-04  0.72017253587569E-04 -0.10445095042647E-04  0.88644487000098E-05 -0.51978536797410E-05  0.11080637128308E-03 -0.27418292814300E-04 -0.57866057962633E-05  0.18831959704759E-04 -0.22903225925551E-05 -0.26615728473650E-06 -0.43903096473216E-05  0.13394425332658E-06  0.25608594810178E-05  0.19369603627254E-05  0.46487348892027E-04
  -0.15681111832037E-02 -0.16760766427861E-04  0.33040685347017E-01 -0.36739789558326E-02 -0.63452388273793E-02 -0.17528271233962E-02  0.19166921010488E-01 -0.34847282614362E-03 -0.22782769181348E-03  0.30782021157647E-01  0.18395154338901E+00 -0.27999381842509E-01  0.45503389307083E+00  0.87870267618506E+00 -0.36505953270663E-02 -0.39307387434023E-01  0.10613454273932E-01 -0.19922365713411E-01 -0.20383723340569E-04  0.46045858546732E-03  0.12277800658426E-01 -0.53668157142233E-02  0.93045190631131E-03  0.21838398699812E-03  0.29104919785316E-03 -0.67031048102146E-03  0.29247069231286E-03  0.77771637661300E-04  0.24072504075295E-03  0.12228478312825E-02  0.13051270853018E-02  0.53652263277326E-04 -0.71656850351057E-04  0.17100580199894E-03 -0.33804418058905E-03 -0.29288180293656E-03  0.76080726017457E-05  0.27666277673396E-04 -0.10935181610569E-04 -0.93053735603011E-03
   0.85026239581580E-03  0.73033099804490E-02  0.69142095291600E-01  0.53983124067547E-01  0.27358607041097E+00 -0.20375317338570E+00  0.14355819405651E+00 -0.25761976891396E-02 -0.20011981651462E-02 -0.14659480285970E-01  0.28526452359990E+00 -0.70795306643111E-01  0.87870267618505E+00  0.34414337991430E+02  0.22376463286874E-01  0.17961304200208E+01 -0.36023958137112E-01  0.36428456574274E+00  0.30487083028130E-03  0.45419170177938E-02 -0.18464861151809E+00  0.91011259844822E-01  0.23275486236841E-01  0.36159201351257E-02  0.21319128678993E-02  0.72404184831644E-02  0.82666882109247E-02  0.36274940868216E-02  0.21588286616596E-02  0.11942872889722E-01  0.24763708448211E-02  0.35038904206832E-02  0.28479303315721E-02  0.11812474899702E-02  0.34028578726219E-03  0.15324341691140E-02  0.18886678140488E-03  0.64832777469194E-03 -0.10347774983608E-02 -0.37972462518371E-02
   0.10750659784113E-03 -0.15114923711331E-04 -0.18475294347531E-02  0.50823580836825E-03  0.15137896588682E-02 -0.55575635621273E-03 -0.75590534290017E-03 -0.25180561103109E-04 -0.32972626957694E-04 -0.41163227915103E-03 -0.57551792902225E-03  0.25220341358657E-03 -0.36505953270663E-02  0.22376463286873E-01  0.14609123093782E-02  0.30332547262433E-01 -0.31411825770415E-02  0.85883652059667E-02  0.44976191642011E-05  0.14429993385349E-04  0.16286269828691E-03  0.14937050645572E-03  0.32672341065871E-04  0.20528643099571E-04  0.19041029571883E-04 -0.24631314306686E-04 -0.26774376626440E-04  0.28104859818296E-04  0.26737599670866E-04 -0.41609046476694E-04 -0.56098555738057E-04  0.15667600846815E-04  0.23750911804003E-04  0.21259067964876E-04 -0.15365227999969E-05  0.74582041206037E-05  0.11797962373347E-05  0.46950086591913E-05  0.18816335692233E-04 -0.31052811870625E-05
   0.19786027927895E-02  0.46829520498359E-03 -0.21061497857914E-01  0.16254283257607E-01  0.52386281676631E-01 -0.28110544322665E-01 -0.72371861312110E-02  0.44004829456750E-04 -0.22616588048932E-03 -0.42841862544275E-01 -0.21946097572810E+00  0.18604521293081E-02 -0.39307387434025E-01  0.17961304200208E+01  0.30332547262434E-01  0.13238250571817E+01  0.12600117683889E-01  0.17917775245712E+00  0.10532592993700E-03  0.15374579829881E-02 -0.57551817565595E-01  0.35141512953694E-01  0.73700675084565E-02  0.77695352510254E-03  0.74522041870396E-03 -0.50068860364484E-03 -0.15474090233133E-03  0.14068078285007E-02  0.12870550189976E-02 -0.10708221952399E-03 -0.73868168733913E-03  0.80534559545740E-03  0.13632293687084E-02  0.10899786051374E-02 -0.32859234410250E-02 -0.13762628116789E-02  0.43862339027859E-04  0.20743969834650E-03  0.40698742032407E-03  0.24960082188581E-03
   0.25814318581805E-03  0.11935587662457E-03 -0.27923466994860E-02 -0.51524820748161E-03 -0.31717189134253E-02  0.15445374748458E-02 -0.57781212373961E-03  0.19377910028108E-03  0.15730201025111E-03 -0.92845608276785E-02 -0.47336867170979E-01 -0.57176000610149E-03  0.10613454273931E-01 -0.36023958137105E-01 -0.31411825770415E-02  0.12600117683890E-01  0.27213441465728E-01 -0.40296349817950E-01 -0.88747503584142E-05  0.12745524868974E-03 -0.13058764439680E-01  0.35968653499916E-02  0.16255298139435E-02  0.11943249473228E-03  0.90432046008150E-04  0.48007262921094E-03  0.18897099658910E-03  0.19034226852998E-03  0.15308182475225E-03  0.54409551276987E-03  0.54202910936268E-03  0.21910262405463E-04  0.21817960016746E-03  0.16379290668721E-03 -0.12125507330872E-02 -0.91110040196131E-03  0.11608379488820E-04  0.48965095375801E-04  0.25205569381965E-03  0.17341698440275E-03
  -0.53729349604795E-03 -0.81933594929602E-04  0.83384126978017E-02  0.27684402834173E-02  0.11870949952353E-01 -0.69385572157960E-02  0.12125598809926E-02 -0.27977569463149E-03 -0.25206598348494E-03  0.88344613634818E-02  0.30755540599997E-01  0.84598159121276E-03 -0.19922365713411E-01  0.36428456574274E+00  0.85883652059667E-02  0.17917775245712E+00 -0.40296349817951E-01  0.92658051004413E-01  0.26128242196952E-04  0.71680394013497E-04  0.10703939030343E-01  0.15641886440690E-02 -0.16583404576161E-02 -0.20604221959104E-03 -0.15629649547256E-03 -0.12864050467877E-02 -0.41506491081563E-03 -0.23298511715037E-03 -0.19080520372738E-03 -0.12568866999574E-02 -0.13584393093474E-02  0.11007951501791E-03 -0.27887614488680E-03 -0.22683128340550E-03  0.17722734530870E-02  0.16098099111352E-02 -0.21197402478678E-04 -0.86524135330405E-04 -0.58030963243149E-03 -0.29812451080526E-03
   0.35351468209105E-05 -0.22965679766093E-05 -0.75795629155333E-04  0.80692964568357E-05 -0.77257977316273E-05  0.24514286118401E-05 -0.46762989889360E-04  0.45876640590545E-06  0.29447934600479E-06 -0.17886583306517E-04 -0.17926675257202E-03  0.95575157401152E-06 -0.20383723340569E-04  0.30487083028128E-03  0.44976191642010E-05  0.10532592993700E-03 -0.88747503584144E-05  0.26128242196951E-04  0.43654032893382E-06  0.58753990457532E-06 -0.31134187016110E-04  0.13797953044398E-04  0.17186152862671E-05  0.29066011116690E-06  0.60059924409616E-06 -0.74067288964041E-06  0.31306329951536E-07  0.54769367791933E-06  0.72013955630797E-06 -0.11938684851392E-05 -0.13644592934628E-05  0.33321851703063E-06  0.65153744004047E-06  0.79635023953764E-06 -0.21191579795673E-06 -0.18034127632889E-06  0.14682777754532E-07  0.65754014153200E-07  0.28374142273419E-06 -0.52060284415556E-06
  -0.30871396129288E-05  0.22425006992999E-05  0.97250492540210E-04  0.33001063857528E-04  0.38611142430309E-04 -0.29928612313257E-04 -0.10786458280931E-03  0.73518715830708E-06  0.45669537893847E-06 -0.25561004386180E-04 -0.62338777811415E-03 -0.16601918610481E-04  0.46045858546732E-03  0.45419170177938E-02  0.14429993385349E-04  0.15374579829881E-02  0.12745524868974E-03  0.71680394013500E-04  0.58753990457532E-06  0.12794319615315E-04 -0.19898938706030E-03  0.11989735339730E-03  0.46618715919726E-04 -0.45554574873678E-06  0.36158991311017E-05 -0.20627519438944E-04 -0.14964211642414E-05 -0.63969015659190E-06  0.28813018783595E-05 -0.55133675183407E-05 -0.98356935002102E-05  0.20600897670298E-05 -0.21576058453770E-05  0.92382793164468E-06 -0.28319260226252E-05  0.45456518841827E-06 -0.46210917561715E-07 -0.23204653699593E-06 -0.32761606011127E-05 -0.74586471869229E-05
   0.30243680884279E-03 -0.14422824068696E-02 -0.13385444164972E-01 -0.23803763505981E-02 -0.79949504041110E-02  0.46450398983852E-02 -0.12902326356201E-03 -0.73300363024919E-04 -0.52599768333245E-04  0.61408764460687E-02  0.50580022809435E-01 -0.10294094238208E-02  0.12277800658426E-01 -0.18464861151810E+00  0.16286269828687E-03 -0.57551817565595E-01 -0.13058764439679E-01  0.10703939030342E-01 -0.31134187016110E-04 -0.19898938706030E-03  0.52816774682899E-01 -0.17790151576285E-01 -0.26598070257640E-02 -0.40678343427865E-04 -0.92932073560530E-05  0.71907689761425E-03  0.55197522219188E-04 -0.66711938146160E-04 -0.28685806060590E-04  0.36791572648924E-03  0.55348630373119E-03 -0.48477151305283E-04 -0.30127149926721E-03 -0.22217381178762E-03  0.57172902208005E-03  0.30405216849338E-03  0.37369282594455E-06  0.20671005499912E-05  0.83873948331701E-04 -0.52215524502859E-04
  -0.41596246202397E-03  0.39350093843753E-03  0.97018324186720E-02  0.68834230236708E-03  0.15073825765698E-02 -0.14485252388506E-02 -0.86487382184169E-03  0.42119006091183E-05  0.49129068418240E-05 -0.17263540293405E-02 -0.22580672091135E-01  0.46276255285375E-03 -0.53668157142232E-02  0.91011259844822E-01  0.14937050645573E-03  0.35141512953694E-01  0.35968653499915E-02  0.15641886440691E-02  0.13797953044397E-04  0.11989735339730E-03 -0.17790151576285E-01  0.89901807877600E-02  0.39825697586334E-03 -0.75268317484850E-04 -0.79302622513445E-04 -0.64302546073515E-03 -0.11213677606157E-03  0.72562035659114E-05 -0.91912583934549E-05 -0.37727582564583E-03 -0.47715510816849E-03  0.27703350535239E-04  0.63947096101464E-04  0.44422574077865E-04  0.32501319460727E-04  0.13993228829939E-03 -0.63417641081209E-05 -0.27661980886247E-04 -0.20235475498451E-03 -0.23043530236897E-04
   0.77119172487236E-04  0.64142122515820E-04 -0.80214823217077E-03  0.30318167879508E-03  0.94612523204114E-03 -0.42750437910095E-03 -0.15147562332814E-03  0.15033582361886E-04  0.95918296714084E-05 -0.80811377239940E-03 -0.50254340086111E-02 -0.43478279312223E-05  0.93045190631125E-03  0.23275486236841E-01  0.32672341065876E-04  0.73700675084565E-02  0.16255298139435E-02 -0.16583404576161E-02  0.17186152862672E-05  0.46618715919726E-04 -0.26598070257640E-02  0.39825697586334E-03  0.50765479281706E-03  0.29677369890679E-04  0.27072225856876E-04  0.99139685078508E-05  0.17122709314175E-04  0.13184530552922E-04  0.52194733002075E-05  0.43247588937780E-04  0.24187219672706E-04  0.11628364841573E-04  0.16347525805548E-04  0.23489179621844E-07 -0.10775795309543E-03 -0.84143168572756E-04  0.16177315072547E-05  0.64971043848264E-05  0.33104661457940E-04  0.11881035683094E-04
   0.46312882615421E-04  0.66331553139411E-05 -0.63372568814303E-03  0.61751890888177E-04  0.16827102953340E-03 -0.19971588981437E-04 -0.74154728051424E-04  0.88556602748575E-05  0.57845175457649E-05 -0.57639846745605E-04 -0.35878357160791E-03 -0.38335291406244E-05  0.21838398699810E-03  0.36159201351256E-02  0.20528643099572E-04  0.77695352510254E-03  0.11943249473228E-03 -0.20604221959103E-03  0.29066011116693E-06 -0.45554574873677E-06 -0.40678343427863E-04 -0.75268317484849E-04  0.29677369890678E-04  0.29242538763993E-04  0.19100716853472E-04  0.48272485946786E-04  0.17454807230585E-04  0.22269448049800E-04  0.21165395265199E-04  0.47570534528940E-04  0.47386997176898E-04  0.80529565586639E-05  0.21692954153670E-04  0.19561383463651E-04 -0.17193722292990E-04 -0.19035321165691E-04  0.82224788545867E-06  0.32762835599386E-05  0.24484799669395E-04  0.44314142751288E-05
   0.38899553229770E-04  0.47869888441500E-05 -0.51737651967062E-03  0.55798889072765E-04  0.12609152114074E-03 -0.24518250274482E-04 -0.72311242811564E-04  0.77794619869527E-05  0.50419277058566E-05 -0.44369301790674E-05  0.13644001249589E-03 -0.11100212545958E-04  0.29104919785314E-03  0.21319128678992E-02  0.19041029571884E-04  0.74522041870395E-03  0.90432046008144E-04 -0.15629649547255E-03  0.60059924409619E-06  0.36158991311017E-05 -0.92932073560505E-05 -0.79302622513445E-04  0.27072225856876E-04  0.19100716853472E-04  0.38037319803917E-04  0.50574181562707E-04  0.17883139038527E-04  0.20703512589025E-04  0.25479320005759E-04  0.49750875538020E-04  0.51033883995249E-04  0.66602698313891E-05  0.19969529287888E-04  0.23650563646947E-04 -0.16239545114127E-04 -0.18158318987620E-04  0.79513434174193E-06  0.32890812166824E-05  0.24315995614906E-04 -0.98677141540420E-06
  -0.45544533285439E-04 -0.45087193954310E-04  0.96715872450638E-03 -0.83581690826140E-04 -0.23418036518495E-03 -0.13610682067557E-03  0.36620753279880E-03  0.46254573012823E-05  0.19642636873194E-05 -0.17205012435721E-02  0.28416601319078E-02  0.72017253587568E-04 -0.67031048102146E-03  0.72404184831648E-02 -0.24631314306685E-04 -0.50068860364478E-03  0.48007262921095E-03 -0.12864050467877E-02 -0.74067288964042E-06 -0.20627519438944E-04  0.71907689761424E-03 -0.64302546073515E-03  0.99139685078528E-05  0.48272485946787E-04  0.50574181562707E-04  0.79748618805105E-03  0.58896073809365E-04  0.53932691109875E-04  0.56937686396933E-04  0.30458175530307E-03  0.30952047652888E-03 -0.10493123661170E-04  0.52396090752716E-04  0.52242800703880E-04 -0.70224065474481E-04 -0.75634043259696E-04  0.23471825399407E-05  0.10968938764912E-04  0.78202014824905E-04  0.35958165738779E-04
   0.29858287910122E-04  0.34354330978983E-05 -0.37260720091967E-03  0.34905217639674E-04  0.15601451087293E-03 -0.84402964752019E-04  0.11410999444230E-03  0.87971062824107E-05  0.61118420528198E-05  0.56162608570549E-04  0.61246486474834E-03 -0.10445095042646E-04  0.29247069231284E-03  0.82666882109247E-02 -0.26774376626438E-04 -0.15474090233131E-03  0.18897099658909E-03 -0.41506491081562E-03  0.31306329951567E-07 -0.14964211642414E-05  0.55197522219188E-04 -0.11213677606157E-03  0.17122709314175E-04  0.17454807230585E-04  0.17883139038527E-04  0.58896073809365E-04  0.57009675277764E-04  0.19164328939949E-04  0.19861946278278E-04  0.62548219831724E-04  0.61820085383350E-04  0.58468048026396E-05  0.18487533696157E-04  0.18044766222426E-04 -0.17149600908397E-04 -0.19119071153093E-04  0.87476722971518E-06  0.37434570942297E-05  0.25716263687172E-04  0.44090218473557E-05
   0.45675222291580E-04  0.72161152255904E-06 -0.61122855959123E-03  0.64236726493126E-04  0.13551405433748E-03 -0.11388111866964E-04 -0.10985485100584E-03  0.90599470590924E-05  0.58192179334920E-05 -0.82190314300582E-04 -0.31965852587425E-03  0.88644487000107E-05  0.77771637661285E-04  0.36274940868215E-02  0.28104859818297E-04  0.14068078285007E-02  0.19034226852997E-03 -0.23298511715036E-03  0.54769367791936E-06 -0.63969015659188E-06 -0.66711938146160E-04  0.72562035659124E-05  0.13184530552922E-04  0.22269448049800E-04  0.20703512589025E-04  0.53932691109875E-04  0.19164328939949E-04  0.30064994327937E-04  0.26865762551615E-04  0.55926275003657E-04  0.55361837949870E-04  0.82376991718124E-05  0.27725792924678E-04  0.25215114053846E-04 -0.21898373862797E-04 -0.22819433126703E-04  0.90381182232284E-06  0.36523116492135E-05  0.26593071941443E-04  0.61712159605692E-05
   0.40254455556864E-04  0.25808272298920E-05 -0.51946474954984E-03  0.58145505224253E-04  0.91660821322777E-04 -0.53081447623399E-05 -0.12426269170497E-03  0.81122960077680E-05  0.51576616025959E-05 -0.25089223695734E-04  0.19246652720236E-03 -0.51978536797404E-05  0.24072504075293E-03  0.21588286616595E-02  0.26737599670867E-04  0.12870550189976E-02  0.15308182475224E-03 -0.19080520372737E-03  0.72013955630799E-06  0.28813018783595E-05 -0.28685806060588E-04 -0.91912583934548E-05  0.52194733002071E-05  0.21165395265199E-04  0.25479320005759E-04  0.56937686396933E-04  0.19861946278278E-04  0.26865762551615E-04  0.33587331681887E-04  0.57826100534016E-04  0.59028799879963E-04  0.68251444322690E-05  0.26168385399712E-04  0.31206209684081E-04 -0.21816855564967E-04 -0.22911156005523E-04  0.90629698332112E-06  0.38007270890782E-05  0.27126113884420E-04 -0.66636179971129E-06
  -0.47236841529720E-04  0.23373340582389E-04  0.15725779799718E-02  0.16750950717093E-04  0.27854398782902E-03 -0.25927213358110E-03  0.57529890847866E-03  0.13504165369041E-05 -0.22944233621308E-06 -0.49545055094040E-05  0.68006715642190E-02  0.11080637128308E-03  0.12228478312825E-02  0.11942872889722E-01 -0.41609046476691E-04 -0.10708221952393E-03  0.54409551276986E-03 -0.12568866999574E-02 -0.11938684851392E-05 -0.55133675183407E-05  0.36791572648925E-03 -0.37727582564583E-03  0.43247588937781E-04  0.47570534528941E-04  0.49750875538021E-04  0.30458175530307E-03  0.62548219831724E-04  0.55926275003657E-04  0.57826100534017E-04  0.34219777388758E-03  0.24932072490384E-03 -0.54425347311385E-06  0.55610822841749E-04  0.52181787182871E-04 -0.67149588130887E-04 -0.71852061366248E-04  0.23857021475726E-05  0.10856003491933E-04  0.70163433078698E-04  0.19184176781885E-04
