# fitpack15: fit parameters                                                                         
# CJ15_WJC2                                                                                         
# Created on 07/01/2015 at 03:38:42                                                                 

 # QCD setup
  INS	                    0
  NVL                          11
  IORD                          0
  Q02                   1.6899999999999999     
  IPARAMC                       7
  FLAVOR                5.0000000000000000     
  xmc                   1.3000000000000000     
  xmb                   4.5000000000000000     
  ncb                          12

 # Theory corrections
  inuke                     10344
  itmc                          1
  iht                           1

 # fit parameters
 LAMBDA       0.22680        0.0000    
 a0uv          1.2971        0.0000    
 a1uv         0.47836       0.25329E-01
 a2uv          3.1052       0.10058E-01
 a3uv          0.0000        0.0000    
 a4uv          5.6294       0.81175    
 a5uv          0.0000        0.0000    
 a0dv          9.1205        0.0000    
 a1dv         0.92229       0.37005E-01
 a2dv          5.3778       0.20067    
 a3dv         -3.1623       0.15476    
 a4dv          4.5325       0.19962    
 a5dv          0.0000        0.0000    
 a0ud         0.20290       0.47769E-02
 a1ud        -0.19049       0.26957E-02
 a2ud          6.5424       0.23323    
 a3ud          0.0000        0.0000    
 a4ud          4.2911       0.70523    
 a5ud          0.0000        0.0000    
 a0du          35712.        0.0000    
 a1du          4.0732       0.55702E-01
 a2du          18.144       0.61370    
 a3du          17.000        0.0000    
 a4du          50.439        7.2603    
 a0g           2.8306        0.0000    
 a1g          0.13380E-01   0.11037E-01
 a2g         -0.53529       0.18149    
 a3g          -2.2316       0.20985E-01
 a4g           1.2327       0.28038E-01
 a5g           0.0000        0.0000    
 kappa        0.40000        0.0000    
 a6dv        -0.68639E-02   0.23214E-02
 a7dv          2.0000        0.0000    
 x0_KP       -0.16938       0.48428E-01
 C_KP         0.26069       0.48711E-01
 ht1          -3.1722       0.17190    
 ht2           1.5080       0.61623E-01
 ht3          -2.2718       0.13763E-01
 ht4           0.0000        0.0000    
 dummy40       0.0000        0.0000    
 dummy41       0.0000        0.0000    
 dummy42       0.0000        0.0000    
 dummy43       0.0000        0.0000    
 dummy44       0.0000        0.0000    
 dummy45       0.0000        0.0000    
 dummy46       0.0000        0.0000    
 dummy47       0.0000        0.0000    
 dummy48       0.0000        0.0000    
 dummy49       0.0000        0.0000    
 bcdmsh2      0.98837       0.53300E-02
 bcdmsd2       1.0159       0.62661E-02
 ccfr          1.0000        0.0000    
 nutev         1.0000        0.0000    
 zeus         0.97998        0.0000    
 h1            1.0162        0.0000    
 e605         0.69676       0.19639E-01
 NmcH2         1.0625       0.79202E-02
 ntv_nu        1.0000        0.0000    
 ntv_nubar     1.0000        0.0000    
 cdf_jet      0.98910        0.0000    
 d0_jet       0.83504        0.0000    
 slac_p        1.0257       0.54746E-02
 slac_d        1.0309       0.57700E-02
 e866pp       0.65312       0.12564E-01
 e866pd       0.66031       0.11601E-01
 d0_gamjet    0.76830       0.13608E-01
 h1b          0.97608        0.0000    
 jlab_p        1.0180       0.63822E-02
 jlab_d        1.0074       0.63481E-02
 blank         1.0000        0.0000    
 d0run2       0.85542       0.12825E-01
 cdfrun2      0.84373       0.15496E-01
 HERA_el       1.0001       0.34127E-02
 HERA_ps      0.99680       0.31299E-02
 CDF_Z        0.73460       0.49763E-02
 NmcRat        1.0000        0.0000    
 BNS_F2nd     0.95523       0.64503E-02
 END 0. 0.

 # Hessian matrix (Bevington alpha)
   0.57387359748218E+07 -0.15165879169008E+07  0.17180926816208E+06  0.48674554971674E+06 -0.14489726065653E+06 -0.22913286538505E+05  0.46652014333062E+05  0.61840824765955E+06 -0.18521444632666E+06 -0.52693796777333E+05  0.16089297104617E+05  0.14760824886038E+05  0.20168219385970E+04 -0.14276074181626E+03 -0.48399408557502E+03  0.41296962580422E+04  0.16207854070719E+07  0.11083734095875E+07 -0.32842876692388E+07  0.26260166968814E+05  0.89425013445363E+05
  -0.15165879169008E+07  0.47680188609613E+06 -0.45645120925430E+05 -0.14554443070212E+06  0.41846541624705E+05  0.53073389195683E+04 -0.12375159712513E+05 -0.10611470355068E+06  0.36795187338129E+05  0.96212142732157E+04 -0.26049694901688E+04 -0.12644352367735E+04 -0.18630155431297E+03  0.18102019500699E+02  0.67036401669924E+04 -0.25334387915359E+04 -0.60178552406114E+06 -0.41735960463594E+06  0.10978912216965E+07 -0.13293594469284E+05 -0.23431604207973E+05
   0.17180926816208E+06 -0.45645120925430E+05  0.51634281789534E+04  0.13828480945664E+05 -0.42937460211309E+04 -0.87421705400010E+03  0.13047149218675E+04  0.15944848422399E+05 -0.52749507840276E+04 -0.14773014469988E+04  0.42317249024845E+03  0.36280664243209E+03  0.55326718769404E+02 -0.46486498606010E+01 -0.48887605161442E+03  0.16203023682716E+03  0.48043050185642E+05  0.32877183468382E+05 -0.98180192372481E+05  0.79792915461636E+03  0.26700817472879E+04
   0.48674554971674E+06 -0.14554443070212E+06  0.13828480945664E+05  0.44724645963369E+06 -0.70458779315630E+05  0.64379084218669E+05  0.55927728828664E+05  0.21788373652959E+06 -0.20984579914955E+03 -0.19338698205941E+05  0.72087275894884E+04 -0.28246193877509E+04 -0.32555844280204E+03  0.84370539611380E+02  0.35188246371273E+05 -0.31358758532732E+04  0.34597419157843E+06  0.22945636287740E+06 -0.96117647828605E+06  0.59340312794039E+03  0.24866650440639E+05
  -0.14489726065653E+06  0.41846541624705E+05 -0.42937460211309E+04 -0.70458779315630E+05  0.13515336384898E+05 -0.69683297033116E+04 -0.83588068280468E+04 -0.23748916295225E+05 -0.36256492746707E+03  0.27700265185178E+04 -0.86272565896351E+03  0.59664952306147E+02  0.18439096887422E+02 -0.77270435666147E+01 -0.26551601346100E+04  0.10648894225728E+03 -0.73334679203939E+05 -0.49167714700321E+05  0.22241656013266E+06 -0.95957498831269E+03 -0.55813381084336E+04
  -0.22913286538505E+05  0.53073389195683E+04 -0.87421705400010E+03  0.64379084218669E+05 -0.69683297033116E+04  0.13643055951444E+05  0.88028324688555E+04  0.42020287375545E+05  0.49231233666347E+03 -0.30980589222045E+04  0.13544322932189E+04 -0.84807934303203E+03 -0.89977960045192E+02  0.20051405911807E+02  0.82952278623337E+04 -0.93532155082650E+03  0.21068320171258E+05  0.13112501124019E+05 -0.40625899106135E+05 -0.12001356122199E+04  0.13539154206549E+04
   0.46652014333062E+05 -0.12375159712513E+05  0.13047149218675E+04  0.55927728828664E+05 -0.83588068280468E+04  0.88028324688555E+04  0.73107940336207E+04  0.26992495953526E+05  0.59029171391317E+03 -0.25195364591882E+04  0.93426689006311E+03 -0.32624472688614E+03 -0.42263099617731E+02  0.11222701755894E+02  0.44912432162464E+04 -0.46475870090829E+03  0.33910365844394E+05  0.22170389523623E+05 -0.96468048975056E+05 -0.44002046761816E+03  0.27913873558594E+04
   0.61840824765955E+06 -0.10611470355068E+06  0.15944848422399E+05  0.21788373652959E+06 -0.23748916295225E+05  0.42020287375545E+05  0.26992495953526E+05  0.21709812579572E+07 -0.18552987056303E+07 -0.46923124596532E+05  0.23663190363052E+05  0.96468602075770E+04  0.85236330026760E+03  0.69075116450804E+02  0.27576857887277E+05 -0.40337814508101E+04  0.67530475379672E+05  0.38763245965450E+05 -0.21233952759242E+06 -0.53601301274130E+04  0.79233668978896E+04
  -0.18521444632666E+06  0.36795187338129E+05 -0.52749507840276E+04 -0.20984579914955E+03 -0.36256492746707E+03  0.49231233666347E+03  0.59029171391317E+03 -0.18552987056303E+07  0.26904666469620E+07  0.12179542938819E+05 -0.67091493558879E+04 -0.21450365610720E+04 -0.18033231684160E+03  0.10833162943949E+01  0.97774632038260E+05 -0.34235806037007E+04  0.95223087630015E+05  0.61530830417961E+05  0.46654654711814E+04  0.97825448845376E+03 -0.47500994792631E+03
  -0.52693796777333E+05  0.96212142732157E+04 -0.14773014469988E+04 -0.19338698205941E+05  0.27700265185178E+04 -0.30980589222045E+04 -0.25195364591882E+04 -0.46923124596532E+05  0.12179542938819E+05  0.25584424024992E+04 -0.10888012188840E+04 -0.47135751661515E+03 -0.53811049971512E+02 -0.26326422915170E+01 -0.42755935162527E+04  0.42029656464157E+03 -0.18134926986895E+05 -0.11561986590243E+05  0.29517688125535E+05  0.36605908695388E+03 -0.10951376891249E+04
   0.16089297104617E+05 -0.26049694901688E+04  0.42317249024845E+03  0.72087275894884E+04 -0.86272565896351E+03  0.13544322932189E+04  0.93426689006311E+03  0.23663190363052E+05 -0.67091493558879E+04 -0.10888012188840E+04  0.50484921379139E+03  0.23172005374239E+03  0.23031753506136E+02  0.15140412736205E+01  0.22315780967685E+04 -0.20466888332665E+03  0.59264472548006E+04  0.37200643467572E+04 -0.77757297774628E+04 -0.15399180229473E+03  0.28900537589259E+03
   0.14760824886038E+05 -0.12644352367735E+04  0.36280664243209E+03 -0.28246193877509E+04  0.59664952306147E+02 -0.84807934303203E+03 -0.32624472688614E+03  0.96468602075770E+04 -0.21450365610720E+04 -0.47135751661515E+03  0.23172005374239E+03  0.25110454805778E+04  0.18519856709584E+03 -0.11304239818265E+01  0.11564198855511E+04 -0.11230347950075E+03  0.18698557254823E+04  0.10824669881441E+04 -0.19300957608504E+04  0.77159131120327E+02  0.15852802253961E+03
   0.20168219385970E+04 -0.18630155431297E+03  0.55326718769404E+02 -0.32555844280204E+03  0.18439096887422E+02 -0.89977960045192E+02 -0.42263099617731E+02  0.85236330026760E+03 -0.18033231684160E+03 -0.53811049971512E+02  0.23031753506136E+02  0.18519856709584E+03  0.18219740284525E+02 -0.24145607191077E+00  0.89140642032402E+02 -0.11852351007583E+02  0.22750337292458E+03  0.13386437277984E+03 -0.39445328303106E+02  0.11394425327517E+02  0.60361675605981E+01
  -0.14276074181626E+03  0.18102019500699E+02 -0.46486498606010E+01  0.84370539611380E+02 -0.77270435666147E+01  0.20051405911807E+02  0.11222701755894E+02  0.69075116450804E+02  0.10833162943949E+01 -0.26326422915170E+01  0.15140412736205E+01 -0.11304239818265E+01 -0.24145607191077E+00  0.79665962060991E-01  0.17240843018603E+02 -0.12284253951475E+01  0.26935328935350E+02  0.17097096721911E+02 -0.48201129948149E+02 -0.14921470716060E+01  0.16197477986837E+01
  -0.48399408557502E+03  0.67036401669924E+04 -0.48887605161442E+03  0.35188246371273E+05 -0.26551601346100E+04  0.82952278623337E+04  0.44912432162464E+04  0.27576857887277E+05  0.97774632038260E+05 -0.42755935162527E+04  0.22315780967685E+04  0.11564198855511E+04  0.89140642032402E+02  0.17240843018603E+02  0.57973540564371E+05 -0.38482771673081E+04  0.47619284595397E+05  0.26275127974055E+05  0.19472097920651E+04 -0.59115058661436E+03  0.38975436178601E+02
   0.41296962580422E+04 -0.25334387915359E+04  0.16203023682716E+03 -0.31358758532732E+04  0.10648894225728E+03 -0.93532155082650E+03 -0.46475870090829E+03 -0.40337814508101E+04 -0.34235806037007E+04  0.42029656464157E+03 -0.20466888332665E+03 -0.11230347950075E+03 -0.11852351007583E+02 -0.12284253951475E+01 -0.38482771673081E+04  0.37935904676630E+03  0.60264414841897E+04  0.50766927740057E+04 -0.68003443970638E+04  0.16529822719632E+03  0.47236657888395E+02
   0.16207854070719E+07 -0.60178552406114E+06  0.48043050185642E+05  0.34597419157843E+06 -0.73334679203939E+05  0.21068320171258E+05  0.33910365844394E+05  0.67530475379672E+05  0.95223087630015E+05 -0.18134926986895E+05  0.59264472548006E+04  0.18698557254823E+04  0.22750337292458E+03  0.26935328935350E+02  0.47619284595397E+05  0.60264414841897E+04  0.32334910245073E+07  0.23171005770248E+07 -0.20179342398122E+07  0.24060117444373E+05  0.24003499698410E+05
   0.11083734095875E+07 -0.41735960463594E+06  0.32877183468382E+05  0.22945636287740E+06 -0.49167714700321E+05  0.13112501124019E+05  0.22170389523623E+05  0.38763245965450E+05  0.61530830417961E+05 -0.11561986590243E+05  0.37200643467572E+04  0.10824669881441E+04  0.13386437277984E+03  0.17097096721911E+02  0.26275127974055E+05  0.50766927740057E+04  0.23171005770248E+07  0.16656167081352E+07 -0.13876675489786E+07  0.16971678614532E+05  0.16031380289715E+05
  -0.32842876692388E+07  0.10978912216965E+07 -0.98180192372481E+05 -0.96117647828605E+06  0.22241656013266E+06 -0.40625899106135E+05 -0.96468048975056E+05 -0.21233952759242E+06  0.46654654711814E+04  0.29517688125535E+05 -0.77757297774628E+04 -0.19300957608504E+04 -0.39445328303106E+02 -0.48201129948149E+02  0.19472097920651E+04 -0.68003443970638E+04 -0.20179342398122E+07 -0.13876675489786E+07  0.51860065235212E+07 -0.56846758166239E+05 -0.97563286880800E+05
   0.26260166968814E+05 -0.13293594469284E+05  0.79792915461636E+03  0.59340312794039E+03 -0.95957498831269E+03 -0.12001356122199E+04 -0.44002046761816E+03 -0.53601301274130E+04  0.97825448845376E+03  0.36605908695388E+03 -0.15399180229473E+03  0.77159131120327E+02  0.11394425327517E+02 -0.14921470716060E+01 -0.59115058661436E+03  0.16529822719632E+03  0.24060117444373E+05  0.16971678614532E+05 -0.56846758166239E+05  0.19425692658804E+04  0.36388160847029E+03
   0.89425013445363E+05 -0.23431604207973E+05  0.26700817472879E+04  0.24866650440639E+05 -0.55813381084336E+04  0.13539154206549E+04  0.27913873558594E+04  0.79233668978896E+04 -0.47500994792631E+03 -0.10951376891249E+04  0.28900537589259E+03  0.15852802253961E+03  0.60361675605981E+01  0.16197477986837E+01  0.38975436178601E+02  0.47236657888395E+02  0.24003499698410E+05  0.16031380289715E+05 -0.97563286880800E+05  0.36388160847029E+03  0.41067509507783E+04

 # Covariance matrix (Bevington epsilon)
   0.64153600084582E-03  0.17608856522396E-05 -0.20329431964337E-01 -0.12608278946151E-03 -0.87153857440496E-03  0.11724451224531E-02 -0.11634869790057E-02  0.44481553608060E-04  0.18728592184436E-04 -0.32918592877564E-02 -0.11523098033914E-01 -0.55747300072124E-03  0.36123667509471E-02 -0.16065515170353E-01  0.33449030898836E-04  0.79118610166160E-03 -0.12491290907589E-03  0.15549884893489E-03 -0.20179813142999E-05  0.28421207570800E-04 -0.41338658490622E-03  0.59092870584043E-03 -0.28028584220938E-03  0.74814129044881E-04  0.52526982952799E-04  0.47141409913090E-04 -0.86257281135223E-04  0.48353422477763E-04  0.55154368398355E-04  0.43684969117931E-04 -0.11857552259988E-03 -0.89548786477725E-04  0.57770871289198E-04  0.49649467591906E-04  0.37151784178827E-04 -0.38214332985929E-04 -0.39786187274281E-04  0.31425150258144E-05  0.90695066434986E-05  0.47649121370621E-04 -0.19925839363440E-04
   0.17608856522451E-05  0.10115996208733E-03  0.85609056559453E-03  0.12706073604542E-03  0.63221772930872E-03 -0.25605969271669E-03  0.11072314686297E-03  0.37696410113703E-05  0.20669304142232E-05  0.42263959569941E-03 -0.14695066356485E-03  0.97920865579446E-04 -0.10272707649157E-02  0.14137894478267E-01  0.17613381816455E-06  0.13035795866707E-03  0.37501090854222E-04 -0.47806014319480E-04 -0.37394940424838E-05  0.28658713302145E-04  0.29621141157853E-05 -0.10063081223808E-02  0.19661693377577E-03  0.69053053473395E-04  0.68753832417407E-05  0.40801021071572E-05 -0.67732493440724E-04  0.83935980047538E-06 -0.24486786365332E-05 -0.15303290531588E-05 -0.22268933259505E-04 -0.29384156380137E-04  0.77557162946142E-05  0.29281305603369E-05  0.40614979748329E-05  0.21786526652861E-04  0.14565452778496E-04 -0.60979000671368E-07 -0.73639061840744E-06 -0.10513472671814E-05 -0.86903948617884E-05
  -0.20329431964337E-01  0.85609056559471E-03  0.65894343499023E+00  0.59072792739880E-02  0.36926106415210E-01 -0.41450750225773E-01  0.39973100808874E-01 -0.13104195958106E-02 -0.54951270049831E-03  0.11322308917961E+00  0.38162483537248E+00  0.18920052701761E-01 -0.11802759806381E+00  0.69846833618656E+00 -0.98884130491082E-03 -0.20347442957202E-01  0.37123268629335E-02 -0.46323864532293E-02 -0.11228878575619E-05 -0.82762003839250E-03  0.12865467524469E-01 -0.24729830416780E-01  0.96467988645366E-02 -0.18574520282961E-02 -0.13220274024305E-02 -0.11840503876687E-02  0.25272820388364E-02 -0.12482444422381E-02 -0.14095058339259E-02 -0.10550145700852E-02  0.41682455058580E-02  0.31396703201607E-02 -0.16588890822147E-02 -0.11846165704914E-02 -0.82657340945616E-03  0.12694265918939E-02  0.12342987578872E-02 -0.90027701029182E-04 -0.25091489256413E-03 -0.12771926702952E-02  0.59006048127392E-03
  -0.12608278946148E-03  0.12706073604542E-03  0.59072792739871E-02  0.13693445757007E-02  0.65029352726929E-02 -0.47001354833229E-02  0.27372039516972E-02 -0.17276154670790E-04 -0.10925737135184E-04  0.14081843281061E-02  0.42114098562506E-02  0.48173199742489E-03 -0.26100083620639E-02  0.62262119331177E-01  0.42283130994851E-04  0.15106454161136E-02 -0.25285986248116E-04  0.20825191857855E-04 -0.16959565346859E-04 -0.70143163007919E-04  0.52177126050275E-04 -0.18276624806742E-02  0.40000680593240E-03  0.84864374276124E-04  0.28894703989436E-04  0.29770654345377E-04 -0.29158866279697E-04  0.46865792240567E-04  0.33989052184667E-04  0.38165828777978E-04  0.72173387397052E-04  0.31951930850446E-04 -0.19752383863745E-05  0.47375013901219E-04  0.33306275948166E-04 -0.21602756932478E-04 -0.31781274430691E-04  0.12191319019559E-05  0.77487031358357E-05  0.35813362430024E-04  0.10955722732759E-04
  -0.87153857440483E-03  0.63221772930875E-03  0.36926106415206E-01  0.65029352726930E-02  0.40268835987548E-01 -0.28343429459300E-01  0.28894714963880E-01 -0.13246441904636E-03 -0.81140460284274E-04  0.13240596316128E-01  0.43316769531007E-01  0.10993721574599E-02 -0.57650950824646E-03  0.25470137339738E+00  0.31311345910633E-03  0.10927457785242E-01  0.73092524858871E-04 -0.19492911216750E-03 -0.22719739994439E-03 -0.54609879414325E-03  0.20135498292550E-02 -0.68504225965224E-02 -0.13283182461241E-03  0.63186232156038E-03  0.14414051338615E-03  0.18308771754420E-03  0.10787335305631E-03  0.27612074523395E-03  0.10555740045485E-03  0.18519200014937E-03  0.53278150451550E-03  0.42823793070845E-03 -0.49105453526292E-04  0.15249645195060E-03  0.11430309221684E-03 -0.14136472949576E-03 -0.20237074714045E-03  0.80734416997314E-05  0.50948161671363E-04  0.23320137098562E-03  0.43876475101036E-04
   0.11724451224530E-02 -0.25605969271672E-03 -0.41450750225770E-01 -0.47001354833230E-02 -0.28343429459301E-01  0.23950748254721E-01 -0.24522977421313E-01  0.20827192416340E-03  0.10983215315115E-03 -0.14184623305357E-01 -0.50614927718963E-01 -0.68516557827030E-03  0.14325332212769E-02 -0.35632521291626E+00 -0.65791565245967E-04 -0.59102511522072E-02 -0.25506062316454E-03  0.39141270849645E-03  0.81911322286762E-04 -0.61814369283682E-03 -0.10017178734941E-02  0.50529691436532E-02 -0.28870293489045E-03 -0.35015780189764E-03 -0.33714040311499E-04 -0.69422378765937E-04 -0.30880979728203E-03 -0.20776574431588E-03 -0.10437031005880E-04 -0.73602060108567E-04 -0.53331137697712E-03 -0.46233265910035E-03  0.96657731390220E-04 -0.37350469539414E-04 -0.30080282483209E-04  0.23276679702344E-04  0.70474927746526E-04 -0.22528930474058E-05 -0.20505237464931E-04 -0.10582905468948E-03 -0.14675380318924E-03
  -0.11634869790057E-02  0.11072314686301E-03  0.39973100808873E-01  0.27372039516974E-02  0.28894714963881E-01 -0.24522977421314E-01  0.39848429636637E-01 -0.22788795496213E-03 -0.12215675933150E-03  0.22726449330973E-01  0.77542171608831E-01 -0.16734391109394E-02  0.19827545823051E-01  0.21681593310621E+00  0.12617383540821E-03  0.89879201853765E-02  0.50054081683521E-03 -0.74842309273367E-03 -0.17841403923035E-03  0.10989008937216E-02  0.24932866562777E-02 -0.33586554723109E-03 -0.25722169618910E-02  0.48219554833980E-03  0.63337772920102E-04  0.12772800371296E-03  0.56009077304618E-03  0.26647249817336E-03 -0.21092116221546E-04  0.90580391080657E-04  0.70995642469421E-03  0.81116196083527E-03 -0.10341182924506E-03 -0.28481288020059E-04  0.44932396967704E-05 -0.26110622208204E-05 -0.73330172136365E-04  0.48793019853148E-05  0.31609425377352E-04  0.17761776045626E-03  0.19237946028856E-03
   0.44481553608061E-04  0.37696410113698E-05 -0.13104195958106E-02 -0.17276154670792E-04 -0.13246441904637E-03  0.20827192416341E-03 -0.22788795496214E-03  0.22819210688065E-04  0.12294935613085E-04 -0.42162247887033E-03 -0.19451399055625E-02 -0.87922413335042E-05  0.96515124346208E-04 -0.88967262924750E-02 -0.11532260239408E-04 -0.21011102293044E-03 -0.13321076602442E-04  0.18296005022753E-04 -0.11121350377967E-05 -0.28276325690539E-04 -0.14586636096822E-04  0.28687517810587E-04 -0.65509040641742E-05 -0.53758053251808E-06  0.80029637973993E-05  0.72611121509741E-05  0.10659470681218E-05  0.87547862113906E-05  0.89189857890054E-05  0.76745710630117E-05  0.20576632051003E-06  0.14503599001177E-05  0.75673612487080E-05  0.87835289325306E-05  0.72989516751443E-05  0.68850850785188E-06  0.11973559168388E-05  0.36392669132991E-06  0.10887770322178E-05  0.92275320104773E-05 -0.13759231123859E-05
   0.18728592184437E-04  0.20669304142229E-05 -0.54951270049832E-03 -0.10925737135185E-04 -0.81140460284280E-04  0.10983215315116E-03 -0.12215675933150E-03  0.12294935613085E-04  0.72666507791885E-05 -0.19401608505960E-03 -0.97812668312451E-03 -0.61656617742128E-06 -0.16286975873180E-05 -0.44244683586868E-02 -0.10079398242747E-04 -0.16214406534304E-03 -0.38611322506440E-05  0.58116555639044E-05 -0.36697193472358E-06 -0.14301121133227E-04 -0.59736848688417E-05  0.68308376208337E-05  0.27357967532335E-05 -0.12403926348246E-05  0.33803777528833E-05  0.30098703255716E-05 -0.38657787473258E-06  0.37014939433718E-05  0.37315527996476E-05  0.31177542856168E-05 -0.47217079636454E-06  0.52041358488608E-07  0.35562345942950E-05  0.36531934953206E-05  0.29883129256959E-05  0.15569337237309E-05  0.18748479850660E-05  0.12693114852000E-06 -0.36426090247714E-06  0.37061899773980E-05 -0.72815554004637E-06
  -0.32918592877565E-02  0.42263959569945E-03  0.11322308917962E+00  0.14081843281063E-02  0.13240596316129E-01 -0.14184623305358E-01  0.22726449330974E-01 -0.42162247887033E-03 -0.19401608505960E-03  0.54398453235492E-01  0.14593172076233E+00  0.29957697334535E-03  0.11816934618066E-01  0.15879378665430E+00 -0.39213821295668E-03  0.82206314810552E-03  0.14594216665969E-02 -0.19292444748043E-02 -0.95069912595895E-05  0.11948797285169E-03  0.32290942034671E-02  0.14954377679950E-02 -0.10591747236312E-02 -0.31488594443299E-03 -0.12147782064630E-03 -0.90704022866119E-04 -0.73789519867280E-03  0.33997011887734E-04 -0.15684685749091E-03 -0.89547506856428E-04  0.80817995100189E-03  0.79569501913595E-03 -0.18083680683923E-03 -0.15477261915919E-03 -0.10594082477747E-03  0.47251754601611E-03  0.33779074661149E-03 -0.11473183988332E-04 -0.38996052877281E-04 -0.90845222003544E-04  0.88185295719227E-04
  -0.11523098033914E-01 -0.14695066356470E-03  0.38162483537249E+00  0.42114098562514E-02  0.43316769531011E-01 -0.50614927718965E-01  0.77542171608832E-01 -0.19451399055625E-02 -0.97812668312451E-03  0.14593172076233E+00  0.49734499585301E+00  0.14511668452747E-02  0.26684577587208E-01  0.58683789329068E+00 -0.17725702939740E-03  0.24500720175897E-01  0.27082345492058E-02 -0.37450095429530E-02 -0.78169852597960E-04  0.14164156079011E-02  0.11117414961799E-01  0.13806342669605E-01 -0.83019119608770E-02 -0.10767510694417E-02 -0.18844191372929E-03 -0.34506400654591E-04  0.26143505004859E-02  0.40754497799969E-03 -0.21169120405076E-03  0.92417980115488E-04  0.44151583436633E-02  0.44935738602461E-02 -0.91537650555419E-03 -0.23074030129451E-03  0.28313436349533E-04  0.55774310138985E-03  0.18429494268831E-03 -0.20122669595886E-04 -0.17753259694963E-04  0.53532898237696E-04  0.71184334611366E-03
  -0.55747300072123E-03  0.97920865579449E-04  0.18920052701761E-01  0.48173199742490E-03  0.10993721574599E-02 -0.68516557827030E-03 -0.16734391109395E-02 -0.87922413335028E-05 -0.61656617742058E-06  0.29957697334524E-03  0.14511668452743E-02  0.31026813921442E-02 -0.28066421058342E-01  0.35181370462062E-01 -0.44572489092041E-04 -0.14187158086499E-02  0.26330498838342E-04 -0.19752570585056E-04  0.69060288820428E-05  0.18155522985785E-03 -0.11366497278537E-03 -0.15191068149762E-02  0.76397982678956E-03 -0.19500883276945E-04 -0.41782168783110E-04 -0.24237154739730E-04 -0.92376123908925E-05 -0.21221564003633E-04 -0.33692452874943E-04 -0.18801534316068E-04  0.14678797059343E-03 -0.25767170771014E-05 -0.32708881362230E-04 -0.21109702835211E-04 -0.11841861883530E-04  0.29659087321547E-04  0.36697068200123E-04 -0.23381596896473E-05 -0.63609086182910E-05 -0.48291127521939E-04  0.26348458954475E-04
   0.36123667509470E-02 -0.10272707649157E-02 -0.11802759806381E+00 -0.26100083620639E-02 -0.57650950824627E-03  0.14325332212766E-02  0.19827545823052E-01  0.96515124346197E-04 -0.16286975873233E-05  0.11816934618067E-01  0.26684577587211E-01 -0.28066421058342E-01  0.37663069931734E+00  0.18100014572695E+00  0.76936419235444E-03  0.23058882423550E-01 -0.49882934705271E-03  0.43588108800793E-03 -0.13423876223097E-03 -0.32695779949578E-02 -0.35929754869413E-04  0.18533040514462E-01 -0.10145390924535E-01  0.81182183089603E-03  0.73218763958461E-03  0.53866559802228E-03  0.52666001561118E-03  0.49870016624068E-03  0.63245014572936E-03  0.43357472640378E-03  0.35650265814347E-03  0.74091777048593E-03  0.40788970680572E-03  0.47123541715389E-03  0.28289266413805E-03 -0.42176323631949E-03 -0.55794553747187E-03  0.38061990047905E-04  0.15057699575573E-03  0.58411259473787E-03 -0.59142470107847E-03
  -0.16065515170351E-01  0.14137894478268E-01  0.69846833618651E+00  0.62262119331178E-01  0.25470137339738E+00 -0.35632521291626E+00  0.21681593310620E+00 -0.88967262924749E-02 -0.44244683586867E-02  0.15879378665429E+00  0.58683789329063E+00  0.35181370462062E-01  0.18100014572695E+00  0.52712501657487E+02 -0.11538348685881E-01 -0.83200745600026E-01  0.61109023981146E-02 -0.74392074629603E-02  0.27299014125275E-02  0.10900051066870E+00 -0.11658769937626E+00 -0.19784516729282E+00  0.65852416774531E-01  0.27089908092564E-01  0.21962586678201E-02  0.25111320851363E-02 -0.47139757363369E-02  0.86530877380505E-02  0.32818771441248E-04  0.45168890315731E-03  0.10682314243882E-01 -0.39843389707283E-02  0.25341582044580E-02 -0.73613952893669E-03  0.22370396528732E-03  0.29779619604273E-02  0.23271698178357E-02  0.10009331642728E-03 -0.83960889531689E-04 -0.51049265306256E-02 -0.48320400940926E-02
   0.33449030898836E-04  0.17613381816452E-06 -0.98884130491082E-03  0.42283130994850E-04  0.31311345910632E-03 -0.65791565245964E-04  0.12617383540820E-03 -0.11532260239408E-04 -0.10079398242747E-04 -0.39213821295668E-03 -0.17725702939740E-03 -0.44572489092041E-04  0.76936419235443E-03 -0.11538348685881E-01  0.12182005172099E-03  0.15653062026203E-02 -0.41520329731674E-04  0.46348048737179E-04 -0.43330073425554E-05 -0.17320731037933E-04  0.12549841058318E-04  0.94570047111223E-05 -0.74223897269148E-04  0.17083783635529E-04  0.50956161310262E-05  0.47741931606416E-05  0.11432379994732E-04  0.23051826324223E-05  0.73500362971896E-05  0.72496459684104E-05  0.44886804335253E-05  0.58479813865792E-05 -0.19901078624813E-05  0.93467580373354E-05  0.75232314855499E-05 -0.21942576556784E-04 -0.25087457253353E-04  0.72888470445240E-06  0.36375001794673E-05  0.11252342130990E-04  0.12004350228884E-05
   0.79118610166159E-03  0.13035795866707E-03 -0.20347442957202E-01  0.15106454161136E-02  0.10927457785242E-01 -0.59102511522070E-02  0.89879201853762E-02 -0.21011102293044E-03 -0.16214406534304E-03  0.82206314810556E-03  0.24500720175897E-01 -0.14187158086499E-02  0.23058882423550E-01 -0.83200745600028E-01  0.15653062026203E-02  0.32937470092257E-01  0.18321919719710E-03 -0.46160836774958E-03 -0.64739248412560E-04  0.44645474233570E-03  0.64534875481272E-03  0.22328597891678E-02 -0.31444941744725E-02  0.51231505154238E-03  0.26355352333609E-03  0.25427819736373E-03  0.69008533477493E-03  0.30712277073991E-03  0.29017918006315E-03  0.29227320304090E-03  0.51075407538126E-03  0.56545885328682E-03  0.36736769052717E-05  0.30395978338665E-03  0.26479703422249E-03 -0.17137051850085E-03 -0.38941844809573E-03  0.19813869532188E-04  0.97899932600860E-04  0.35352676772909E-03  0.62904617609243E-04
  -0.12491290907589E-03  0.37501090854222E-04  0.37123268629334E-02 -0.25285986248126E-04  0.73092524858814E-04 -0.25506062316449E-03  0.50054081683517E-03 -0.13321076602442E-04 -0.38611322506439E-05  0.14594216665968E-02  0.27082345492057E-02  0.26330498838339E-04 -0.49882934705269E-03  0.61109023981139E-02 -0.41520329731674E-04  0.18321919719709E-03  0.44038049353938E-03 -0.58730128989894E-03  0.13597033972695E-04  0.12668424228368E-03  0.16916367824902E-03 -0.42479011556990E-03  0.15470081443152E-03 -0.24186148275240E-05 -0.32521894066853E-04 -0.33925955085119E-04 -0.58166100381756E-04 -0.33148951757776E-04 -0.45175625576844E-04 -0.45858833278405E-04 -0.36385638206260E-04 -0.38797658049994E-04 -0.41361684162941E-05 -0.46878656843228E-04 -0.45813596908899E-04  0.13534907522734E-03  0.10866401203163E-03 -0.24539030232557E-05 -0.10758052260138E-04 -0.41067847259541E-04 -0.79140529681480E-05
   0.15549884893488E-03 -0.47806014319480E-04 -0.46323864532292E-02  0.20825191857869E-04 -0.19492911216742E-03  0.39141270849638E-03 -0.74842309273361E-03  0.18296005022752E-04  0.58116555639042E-05 -0.19292444748042E-02 -0.37450095429529E-02 -0.19752570585052E-04  0.43588108800790E-03 -0.74392074629593E-02  0.46348048737178E-04 -0.46160836774957E-03 -0.58730128989894E-03  0.78611446318674E-03 -0.17052344703278E-04 -0.16810622173971E-03 -0.22519455190420E-03  0.50647279214301E-03 -0.17224445007014E-03  0.13396356056480E-05  0.39938230354131E-04  0.41841134104712E-04  0.69417045363898E-04  0.40194066787609E-04  0.56134706879120E-04  0.57137816945213E-04  0.42567386792067E-04  0.45102341750138E-04  0.46728017153219E-05  0.58420406701926E-04  0.57559951013690E-04 -0.17501074625370E-03 -0.13972078513263E-03  0.30505085340039E-05  0.13320705973429E-04  0.50537370831718E-04  0.98302152174911E-05
  -0.20179813143001E-05 -0.37394940424840E-05 -0.11228878575574E-05 -0.16959565346860E-04 -0.22719739994440E-03  0.81911322286765E-04 -0.17841403923035E-03 -0.11121350377967E-05 -0.36697193472358E-06 -0.95069912595883E-05 -0.78169852597954E-04  0.69060288820424E-05 -0.13423876223097E-03  0.27299014125274E-02 -0.43330073425554E-05 -0.64739248412561E-04  0.13597033972695E-04 -0.17052344703278E-04  0.53887718177394E-05  0.51698160686650E-04 -0.22483391788339E-04 -0.44690491629233E-04  0.39155273788600E-04 -0.31099878342906E-05 -0.21068089267042E-05 -0.28162879989219E-05 -0.35192809139074E-05 -0.20370876379263E-05 -0.17304866071573E-05 -0.26843984094123E-05 -0.38653105721926E-05 -0.45490417595012E-05 -0.80327564698323E-07 -0.17184282098581E-05 -0.15595226257124E-05  0.62704357228184E-05  0.53407579218190E-05 -0.15290932375753E-06 -0.78074936749396E-06 -0.33199012176137E-05  0.14249525970995E-05
   0.28421207570798E-04  0.28658713302145E-04 -0.82762003839246E-03 -0.70143163007919E-04 -0.54609879414325E-03 -0.61814369283682E-03  0.10989008937216E-02 -0.28276325690539E-04 -0.14301121133228E-04  0.11948797285171E-03  0.14164156079012E-02  0.18155522985785E-03 -0.32695779949578E-02  0.10900051066870E+00 -0.17320731037933E-04  0.44645474233571E-03  0.12668424228369E-03 -0.16810622173972E-03  0.51698160686650E-04  0.23452857543709E-02 -0.28729464654977E-04  0.36235703703680E-03  0.33300057633678E-04  0.84866699219386E-04  0.16868708656551E-05  0.70560830391905E-05  0.17488627063713E-04  0.19719123119640E-04 -0.19030028242573E-04  0.22628235961299E-04  0.16469367375115E-06 -0.14845863660499E-04  0.56442369923372E-05 -0.52510830125355E-04  0.41714319268723E-04  0.32669101442079E-04  0.24369582099959E-04  0.23885094207075E-07 -0.15591461127537E-05 -0.13727244773464E-04  0.12862926725067E-04
  -0.41338658490622E-03  0.29621141157898E-05  0.12865467524469E-01  0.52177126050300E-04  0.20135498292551E-02 -0.10017178734942E-02  0.24932866562778E-02 -0.14586636096821E-04 -0.59736848688416E-05  0.32290942034671E-02  0.11117414961798E-01 -0.11366497278536E-03 -0.35929754869498E-04 -0.11658769937626E+00  0.12549841058319E-04  0.64534875481273E-03  0.16916367824902E-03 -0.22519455190420E-03 -0.22483391788339E-04 -0.28729464654979E-04  0.23727539771700E-02 -0.46002811565309E-03  0.15305087524505E-03 -0.86957741422151E-04 -0.38870475698481E-04  0.52755517790305E-05  0.12132343219256E-03 -0.24487240208963E-04 -0.41830807753079E-04  0.43041334942991E-04  0.75597881719731E-04  0.12462716095070E-03 -0.50382588748872E-04 -0.50482481724454E-04  0.60227427891359E-04  0.23400042240941E-04  0.16172157599005E-04 -0.16031290844451E-05 -0.92120078673912E-06  0.15631033357281E-05 -0.62834779275127E-04
   0.59092870584029E-03 -0.10063081223808E-02 -0.24729830416775E-01 -0.18276624806742E-02 -0.68504225965222E-02  0.50529691436529E-02 -0.33586554723052E-03  0.28687517810577E-04  0.68308376208290E-05  0.14954377679959E-02  0.13806342669608E-01 -0.15191068149761E-02  0.18533040514462E-01 -0.19784516729282E+00  0.94570047111184E-05  0.22328597891677E-02 -0.42479011556989E-03  0.50647279214300E-03 -0.44690491629235E-04  0.36235703703680E-03 -0.46002811565298E-03  0.29549094628665E-01 -0.84981374641603E-02 -0.12017398537090E-02  0.94064573744807E-04  0.62047747849139E-04  0.63266985751080E-03  0.16760740516371E-03  0.14507368770774E-03  0.10195261884221E-03  0.44900237233643E-03  0.56036676687153E-03  0.32207911785767E-04 -0.68820344036095E-04 -0.84351082132882E-04 -0.20223960581792E-03 -0.19241879798526E-03  0.88980722086235E-05  0.39236189280394E-04  0.18394427418396E-03  0.99116692590696E-04
  -0.28028584220933E-03  0.19661693377577E-03  0.96467988645351E-02  0.40000680593239E-03 -0.13283182461253E-03 -0.28870293489032E-03 -0.25722169618912E-02 -0.65509040641707E-05  0.27357967532352E-05 -0.10591747236315E-02 -0.83019119608780E-02  0.76397982678953E-03 -0.10145390924535E-01  0.65852416774529E-01 -0.74223897269147E-04 -0.31444941744725E-02  0.15470081443151E-03 -0.17224445007013E-03  0.39155273788600E-04  0.33300057633679E-04  0.15305087524502E-03 -0.84981374641603E-02  0.37973933167507E-02  0.11880167570356E-05 -0.70811779779321E-04 -0.57191772343613E-04 -0.33133905712349E-03 -0.10615001268310E-03 -0.36163114755854E-04 -0.17548847134385E-04 -0.22335219651578E-03 -0.26801579947255E-03 -0.17984450292490E-04  0.36894752897004E-05  0.31910952696019E-04  0.93100525434738E-04  0.10698718461526E-03 -0.55976445475694E-05 -0.25752571753777E-04 -0.11444764536202E-03 -0.37728411011860E-04
   0.74814129044885E-04  0.69053053473394E-04 -0.18574520282962E-02  0.84864374276122E-04  0.63186232156036E-03 -0.35015780189763E-03  0.48219554833977E-03 -0.53758053251781E-06 -0.12403926348245E-05 -0.31488594443301E-03 -0.10767510694418E-02 -0.19500883276948E-04  0.81182183089605E-03  0.27089908092564E-01  0.17083783635529E-04  0.51231505154239E-03 -0.24186148275239E-05  0.13396356056478E-05 -0.31099878342905E-05  0.84866699219386E-04 -0.86957741422155E-04 -0.12017398537090E-02  0.11880167570326E-05  0.18940807287116E-03  0.11117801616361E-04  0.21546430596595E-04 -0.16649879575039E-04  0.12362584511348E-04 -0.72512834576725E-05  0.30902248806566E-05 -0.10686237459359E-04 -0.20976067652198E-04  0.90117118040569E-05  0.33177230782957E-05  0.93037618303164E-05 -0.37558024361846E-05 -0.76903282036074E-05  0.71092736902626E-06  0.24557477016454E-05  0.64589601384386E-05 -0.20175955368439E-04
   0.52526982952799E-04  0.68753832417405E-05 -0.13220274024305E-02  0.28894703989435E-04  0.14414051338615E-03 -0.33714040311494E-04  0.63337772920097E-04  0.80029637973993E-05  0.33803777528833E-05 -0.12147782064630E-03 -0.18844191372928E-03 -0.41782168783110E-04  0.73218763958461E-03  0.21962586678200E-02  0.50956161310262E-05  0.26355352333610E-03 -0.32521894066853E-04  0.39938230354131E-04 -0.21068089267042E-05  0.16868708656553E-05 -0.38870475698481E-04  0.94064573744815E-04 -0.70811779779324E-04  0.11117801616360E-04  0.28409364279474E-04  0.18377818804851E-04  0.27165002697813E-04  0.18981724402796E-04  0.21748262407424E-04  0.20393347660470E-04  0.23616654113335E-04  0.24216003430377E-04  0.10232836131369E-04  0.21635600625931E-04  0.19171946942269E-04 -0.69163189046324E-05 -0.90066640247208E-05  0.77693648107997E-06  0.29753167165472E-05  0.17023507757601E-04  0.86163220489072E-06
   0.47141409913090E-04  0.40801021071571E-05 -0.11840503876687E-02  0.29770654345377E-04  0.18308771754419E-03 -0.69422378765935E-04  0.12772800371296E-03  0.72611121509741E-05  0.30098703255716E-05 -0.90704022866118E-04 -0.34506400654586E-04 -0.24237154739730E-04  0.53866559802228E-03  0.25111320851363E-02  0.47741931606416E-05  0.25427819736373E-03 -0.33925955085119E-04  0.41841134104712E-04 -0.28162879989219E-05  0.70560830391907E-05  0.52755517790304E-05  0.62047747849146E-04 -0.57191772343615E-04  0.21546430596594E-04  0.18377818804851E-04  0.39264176721628E-04  0.29095679362689E-04  0.19421823982424E-04  0.20257667813640E-04  0.25264907843027E-04  0.25659692198993E-04  0.25831057631936E-04  0.92517448819361E-05  0.19499186307529E-04  0.23385711074319E-04 -0.79311518206300E-05 -0.97189803650596E-05  0.76960432198689E-06  0.30222369621338E-05  0.16796371888526E-04 -0.43114830432679E-05
  -0.86257281135228E-04 -0.67732493440723E-04  0.25272820388366E-02 -0.29158866279686E-04  0.10787335305637E-03 -0.30880979728208E-03  0.56009077304622E-03  0.10659470681214E-05 -0.38657787473274E-06 -0.73789519867278E-03  0.26143505004860E-02 -0.92376123908857E-05  0.52666001561114E-03 -0.47139757363363E-02  0.11432379994732E-04  0.69008533477493E-03 -0.58166100381756E-04  0.69417045363897E-04 -0.35192809139076E-05  0.17488627063713E-04  0.12132343219256E-03  0.63266985751076E-03 -0.33133905712348E-03 -0.16649879575038E-04  0.27165002697813E-04  0.29095679362689E-04  0.38567300547604E-03  0.37666797003663E-04  0.32095529906957E-04  0.36097455678190E-04  0.14487578667388E-03  0.15246316809833E-03 -0.64503647450590E-05  0.29580571602457E-04  0.33721158646811E-04 -0.20884770125010E-04 -0.23632978924855E-04  0.11533180850185E-05  0.65315044393824E-05  0.35103189696848E-04  0.24503893365675E-04
   0.48353422477763E-04  0.83935980047537E-06 -0.12482444422381E-02  0.46865792240567E-04  0.27612074523395E-03 -0.20776574431588E-03  0.26647249817336E-03  0.87547862113905E-05  0.37014939433718E-05  0.33997011887737E-04  0.40754497799970E-03 -0.21221564003633E-04  0.49870016624068E-03  0.86530877380505E-02  0.23051826324223E-05  0.30712277073991E-03 -0.33148951757776E-04  0.40194066787608E-04 -0.20370876379262E-05  0.19719123119640E-04 -0.24487240208963E-04  0.16760740516371E-03 -0.10615001268310E-03  0.12362584511347E-04  0.18981724402796E-04  0.19421823982424E-04  0.37666797003663E-04  0.62730341355512E-04  0.21193828158229E-04  0.21490907002257E-04  0.35312687246476E-04  0.35306494467408E-04  0.90548538598309E-05  0.20166100944344E-04  0.19512440402241E-04 -0.98647545756293E-05 -0.12154885339313E-04  0.98285506870007E-06  0.41453899443637E-05  0.20715272507370E-04  0.24330624657233E-05
   0.55154368398355E-04 -0.24486786365334E-05 -0.14095058339259E-02  0.33989052184666E-04  0.10555740045485E-03 -0.10437031005874E-04 -0.21092116221552E-04  0.89189857890054E-05  0.37315527996476E-05 -0.15684685749091E-03 -0.21169120405076E-03 -0.33692452874943E-04  0.63245014572936E-03  0.32818771441171E-04  0.73500362971896E-05  0.29017918006315E-03 -0.45175625576844E-04  0.56134706879120E-04 -0.17304866071573E-05 -0.19030028242573E-04 -0.41830807753079E-04  0.14507368770775E-03 -0.36163114755857E-04 -0.72512834576728E-05  0.21748262407424E-04  0.20257667813640E-04  0.32095529906957E-04  0.21193828158229E-04  0.29971679805285E-04  0.25846975733852E-04  0.28542891151356E-04  0.29728645355244E-04  0.10637009584843E-04  0.27913923166035E-04  0.24188375561064E-04 -0.10379964737676E-04 -0.12120277417956E-04  0.86611057840980E-06  0.33984956143798E-05  0.19398308790277E-04  0.28316016408277E-05
