# fitpack15: fit parameters                                                                         
# CJ15_AV18                                                                                         
# Created on 06/30/2015 at 21:44:39                                                                 

 # QCD setup
  INS	                    0
  NVL                          11
  IORD                          1
  Q02                   1.6899999999999999     
  IPARAMC                       7
  FLAVOR                4.0000000000000000     
  xmc                   1.3000000000000000     
  xmb                   4.5000000000000000     
  ncb                          12

 # Theory corrections
  inuke                     10334
  itmc                          1
  iht                           1

 # fit parameters
 LAMBDA       0.22680        0.0000    
 a0uv          2.2283        0.0000    
 a1uv         0.59676       0.21156E-01
 a2uv          3.5469       0.11138E-01
 a3uv          0.0000        0.0000    
 a4uv          3.8119       0.46923    
 a5uv          0.0000        0.0000    
 a0dv          20.529        0.0000    
 a1dv          1.1133       0.35577E-01
 a2dv          6.4279       0.16835    
 a3dv         -3.4816       0.98883E-01
 a4dv          4.7864       0.15565    
 a5dv          0.0000        0.0000    
 a0ud         0.14098       0.50634E-02
 a1ud        -0.21792       0.39617E-02
 a2ud          8.4422       0.14895    
 a3ud          0.0000        0.0000    
 a4ud          16.218        1.2095    
 a5ud          0.0000        0.0000    
 a0du          35712.        0.0000    
 a1du          3.9915       0.51889E-01
 a2du          20.394       0.67990    
 a3du          17.000        0.0000    
 a4du          43.914        6.2242    
 a0g           44.339        0.0000    
 a1g          0.60824       0.38722E-01
 a2g           6.1647        1.1177    
 a3g          -3.2192       0.16251    
 a4g           2.9568       0.32199    
 a5g           0.0000        0.0000    
 kappa        0.40000        0.0000    
 a6dv        -0.36808E-02   0.87961E-03
 a7dv          2.0000        0.0000    
 x0_KP       -0.25326       0.79734E-01
 C_KP         0.13158       0.48962E-01
 ht1          -3.2169       0.24743    
 ht2           1.8225       0.96369E-01
 ht3          -2.0844       0.19732E-01
 ht4           0.0000        0.0000    
 dummy40       0.0000        0.0000    
 dummy41       0.0000        0.0000    
 dummy42       0.0000        0.0000    
 dummy43       0.0000        0.0000    
 dummy44       0.0000        0.0000    
 dummy45       0.0000        0.0000    
 dummy46       0.0000        0.0000    
 dummy47       0.0000        0.0000    
 dummy48       0.0000        0.0000    
 dummy49       0.0000        0.0000    
 bcdmsh2      0.97015       0.54214E-02
 bcdmsd2      0.99451       0.62838E-02
 ccfr          1.0000        0.0000    
 nutev         1.0000        0.0000    
 zeus         0.97998        0.0000    
 h1            1.0162        0.0000    
 e605          1.0290       0.28523E-01
 NmcH2         1.0136       0.75719E-02
 ntv_nu        1.0000        0.0000    
 ntv_nubar     1.0000        0.0000    
 cdf_jet      0.98910        0.0000    
 d0_jet       0.83504        0.0000    
 slac_p        1.0009       0.55020E-02
 slac_d        1.0053       0.59243E-02
 e866pp       0.97970       0.18799E-01
 e866pd       0.99181       0.17803E-01
 d0_gamjet     1.0363       0.16573E-01
 h1b          0.97608        0.0000    
 jlab_p       0.99354       0.63810E-02
 jlab_d       0.97692       0.64551E-02
 blank         1.0000        0.0000    
 d0run2       0.93614       0.15373E-01
 cdfrun2      0.92328       0.18045E-01
 HERA_el      0.99968       0.34137E-02
 HERA_ps      0.99486       0.31427E-02
 CDF_Z        0.97162       0.69380E-02
 NmcRat        1.0000        0.0000    
 BNS_F2nd     0.98000       0.64689E-02
 END 0. 0.

 # Hessian matrix (Bevington alpha)
   0.46958637645323E+07 -0.12476104190044E+07  0.20751336237817E+06  0.43544061971395E+06 -0.12267994695450E+06 -0.31434045580613E+05  0.44465295696046E+05  0.86198984824521E+06 -0.18285762461303E+06 -0.43252737785274E+05  0.57072222942104E+04  0.12616057832582E+05  0.14554381993811E+04 -0.11863166823097E+03 -0.20543368209602E+05  0.19552597744190E+04 -0.18862678657593E+05 -0.99249147733213E+04 -0.59868608000509E+07  0.31357393942113E+05  0.59845937142069E+05
  -0.12476104190044E+07  0.39605108592328E+06 -0.56337958342377E+05 -0.12624775935337E+06  0.34587097364589E+05  0.86571629346026E+04 -0.10727906275801E+05 -0.13230086682618E+06  0.31017252170140E+05  0.71079464654558E+04 -0.82306125566635E+03 -0.11383514117879E+04 -0.12476763487125E+03  0.13897687995255E+02  0.36744305515179E+04 -0.44774627670217E+03  0.34410501113143E+04  0.20859416944855E+04  0.20263513899661E+07 -0.11617096831736E+05 -0.13252039139054E+05
   0.20751336237817E+06 -0.56337958342377E+05  0.92310419983636E+04  0.19340429908038E+05 -0.55123232386917E+04 -0.15211715816145E+04  0.19308720856369E+04  0.30538410205297E+05 -0.66257658047875E+04 -0.17132813418210E+04  0.20010746379867E+03  0.38909965079515E+03  0.51072773452177E+02 -0.52039645816813E+01 -0.12265422521828E+04  0.12228350868610E+03 -0.11230461543218E+04 -0.60947770004477E+03 -0.27203207820214E+06  0.14383395503149E+04  0.26320837814390E+04
   0.43544061971395E+06 -0.12624775935337E+06  0.19340429908038E+05  0.38810804458565E+06 -0.61790640951790E+05  0.66412636161221E+05  0.58120185094241E+05  0.33989610794385E+06 -0.22975776476727E+05 -0.17337828519041E+05  0.28854032005191E+04 -0.19127838094061E+04 -0.21701103110308E+03  0.74825646319012E+02  0.23481918737864E+05 -0.27349662274674E+04  0.21462843044871E+05  0.12625275981576E+05 -0.17941910271845E+07  0.55494109598977E+04  0.20493203495788E+05
  -0.12267994695450E+06  0.34587097364589E+05 -0.55123232386917E+04 -0.61790640951790E+05  0.11789633530453E+05 -0.67982430670267E+04 -0.85362432527767E+04 -0.33521149534189E+05  0.77828819918605E+03  0.23116409320512E+04 -0.29861057308893E+03 -0.26415883990214E+02  0.88833351744690E+01 -0.70369061463134E+01 -0.17312847009553E+04  0.20758115689542E+03 -0.15318662691532E+04 -0.92276762001278E+03  0.40783985453892E+06 -0.15735080642984E+04 -0.42325287263405E+04
  -0.31434045580613E+05  0.86571629346026E+04 -0.15211715816145E+04  0.66412636161221E+05 -0.67982430670267E+04  0.19158257345561E+05  0.11694940270885E+05  0.92138293393740E+05 -0.77386526269515E+04 -0.38431906545873E+04  0.77310450715122E+03 -0.85443206711504E+03 -0.84217489751666E+02  0.22859928199282E+02  0.69834016252258E+04 -0.82810779764933E+03  0.65633014500050E+04  0.38944266548491E+04 -0.48648960229564E+05 -0.56759468400214E+03  0.17245687574922E+04
   0.44465295696046E+05 -0.10727906275801E+05  0.19308720856369E+04  0.58120185094241E+05 -0.85362432527767E+04  0.11694940270885E+05  0.93971634212324E+04  0.53637746636280E+05 -0.29812504632266E+04 -0.28484657211256E+04  0.46439556521620E+03 -0.27413268680710E+03 -0.35438234780682E+02  0.12454536959596E+02  0.33892628522217E+04 -0.41107186428147E+03  0.31038301037811E+04  0.18778247557920E+04 -0.19139184102598E+06  0.30864305103976E+03  0.28874809073338E+04
   0.86198984824521E+06 -0.13230086682618E+06  0.30538410205297E+05  0.33989610794385E+06 -0.33521149534189E+05  0.92138293393740E+05  0.53637746636280E+05  0.51796268337111E+07 -0.25494535497554E+07 -0.87193982684357E+05  0.22975639943857E+05  0.22429069069049E+05  0.16803724247966E+04  0.13619942654528E+03  0.53291068333113E+05 -0.69618997257309E+04  0.57417776594989E+05  0.32981635253705E+05 -0.50554325503350E+06 -0.20351427905960E+04  0.12474812186646E+05
  -0.18285762461303E+06  0.31017252170140E+05 -0.66257658047875E+04 -0.22975776476727E+05  0.77828819918605E+03 -0.77386526269515E+04 -0.29812504632266E+04 -0.25494535497554E+07  0.22167682653669E+07  0.18666067879658E+05 -0.55623730794423E+04 -0.52113062890923E+04 -0.35283539298068E+03 -0.16867223929526E+02  0.46422870449325E+05 -0.24625516979607E+04  0.19252257828757E+05  0.10208821636398E+05 -0.10044103701809E+05  0.50804410057714E+03 -0.96418457241342E+03
  -0.43252737785274E+05  0.71079464654558E+04 -0.17132813418210E+04 -0.17337828519041E+05  0.23116409320512E+04 -0.38431906545873E+04 -0.28484657211256E+04 -0.87193982684357E+05  0.18666067879658E+05  0.27756802536251E+04 -0.57973388624189E+03 -0.57490747357494E+03 -0.55297838951095E+02 -0.29896947983311E+01 -0.26499883283971E+04  0.32213218530681E+03 -0.24584671593735E+04 -0.14984268228272E+04  0.45341365158192E+05  0.86617649750265E+00 -0.95036077212277E+03
   0.57072222942104E+04 -0.82306125566635E+03  0.20010746379867E+03  0.28854032005191E+04 -0.29861057308893E+03  0.77310450715122E+03  0.46439556521620E+03  0.22975639943857E+05 -0.55623730794423E+04 -0.57973388624189E+03  0.14326935211788E+03  0.14643988261202E+03  0.11491397451661E+02  0.96463208057591E+00  0.79628250167089E+03 -0.85410819370676E+02  0.69532644963428E+03  0.40031113287516E+03 -0.46550678884666E+04 -0.13519451614735E+02  0.10265292504662E+03
   0.12616057832582E+05 -0.11383514117879E+04  0.38909965079515E+03 -0.19127838094061E+04 -0.26415883990214E+02 -0.85443206711504E+03 -0.27413268680710E+03  0.22429069069049E+05 -0.52113062890923E+04 -0.57490747357494E+03  0.14643988261202E+03  0.26663421019553E+04  0.17427421178952E+03  0.15517878972535E+01  0.60515268652203E+03 -0.92293698354235E+02  0.79222981107391E+03  0.49066370704384E+03 -0.55725448775765E+04  0.50718208212411E+02  0.12304548380799E+03
   0.14554381993811E+04 -0.12476763487125E+03  0.51072773452177E+02 -0.21701103110308E+03  0.88833351744690E+01 -0.84217489751666E+02 -0.35438234780682E+02  0.16803724247966E+04 -0.35283539298068E+03 -0.55297838951095E+02  0.11491397451661E+02  0.17427421178952E+03  0.14982857617633E+02 -0.11160954194832E+00  0.24773439544823E+02 -0.55592254868738E+01  0.42344631811499E+02  0.30209738368789E+02 -0.20507636388781E+03  0.47811608250318E+01  0.26182193323502E+01
  -0.11863166823097E+03  0.13897687995255E+02 -0.52039645816813E+01  0.74825646319012E+02 -0.70369061463134E+01  0.22859928199282E+02  0.12454536959596E+02  0.13619942654528E+03 -0.16867223929526E+02 -0.29896947983311E+01  0.96463208057591E+00  0.15517878972535E+01 -0.11160954194832E+00  0.99080141949155E-01  0.17461348342018E+02 -0.15939686205340E+01  0.13427535725226E+02  0.71349884686324E+01 -0.10035807633409E+03 -0.36832107698304E+00  0.22133435554351E+01
  -0.20543368209602E+05  0.36744305515179E+04 -0.12265422521828E+04  0.23481918737864E+05 -0.17312847009553E+04  0.69834016252258E+04  0.33892628522217E+04  0.53291068333113E+05  0.46422870449325E+05 -0.26499883283971E+04  0.79628250167089E+03  0.60515268652203E+03  0.24773439544823E+02  0.17461348342018E+02  0.26935246902167E+05 -0.24248493869262E+04  0.20059922861720E+05  0.11060263342106E+05 -0.23117492895852E+05 -0.34659533441838E+02 -0.24075566345137E+03
   0.19552597744190E+04 -0.44774627670217E+03  0.12228350868610E+03 -0.27349662274674E+04  0.20758115689542E+03 -0.82810779764933E+03 -0.41107186428147E+03 -0.69618997257309E+04 -0.24625516979607E+04  0.32213218530681E+03 -0.85410819370676E+02 -0.92293698354235E+02 -0.55592254868738E+01 -0.15939686205340E+01 -0.24248493869262E+04  0.25445592564787E+03 -0.20903290082080E+04 -0.12000280838504E+04  0.26246457970452E+04  0.12152968056031E+02  0.37451028799817E+02
  -0.18862678657593E+05  0.34410501113143E+04 -0.11230461543218E+04  0.21462843044871E+05 -0.15318662691532E+04  0.65633014500050E+04  0.31038301037811E+04  0.57417776594989E+05  0.19252257828757E+05 -0.24584671593735E+04  0.69532644963428E+03  0.79222981107391E+03  0.42344631811499E+02  0.13427535725226E+02  0.20059922861720E+05 -0.20903290082080E+04  0.17450450648454E+05  0.99398195897790E+04 -0.21167621639816E+05 -0.19436777074977E+02 -0.33049775764870E+03
  -0.99249147733213E+04  0.20859416944855E+04 -0.60947770004477E+03  0.12625275981576E+05 -0.92276762001278E+03  0.38944266548491E+04  0.18778247557920E+04  0.32981635253705E+05  0.10208821636398E+05 -0.14984268228272E+04  0.40031113287516E+03  0.49066370704384E+03  0.30209738368789E+02  0.71349884686324E+01  0.11060263342106E+05 -0.12000280838504E+04  0.99398195897790E+04  0.57482280505282E+04 -0.12439656405469E+05 -0.33397058007291E+02 -0.21704203900994E+03
  -0.59868608000509E+07  0.20263513899661E+07 -0.27203207820214E+06 -0.17941910271845E+07  0.40783985453892E+06 -0.48648960229564E+05 -0.19139184102598E+06 -0.50554325503350E+06 -0.10044103701809E+05  0.45341365158192E+05 -0.46550678884666E+04 -0.55725448775765E+04 -0.20507636388781E+03 -0.10035807633409E+03 -0.23117492895852E+05  0.26246457970452E+04 -0.21167621639816E+05 -0.12439656405469E+05  0.21917996498972E+08 -0.11021524427769E+06 -0.11993542619945E+06
   0.31357393942113E+05 -0.11617096831736E+05  0.14383395503149E+04  0.55494109598977E+04 -0.15735080642984E+04 -0.56759468400214E+03  0.30864305103976E+03 -0.20351427905960E+04  0.50804410057714E+03  0.86617649750265E+00 -0.13519451614735E+02  0.50718208212411E+02  0.47811608250318E+01 -0.36832107698304E+00 -0.34659533441838E+02  0.12152968056031E+02 -0.19436777074977E+02 -0.33397058007291E+02 -0.11021524427769E+06  0.89717027210773E+03  0.46448146580284E+03
   0.59845937142069E+05 -0.13252039139054E+05  0.26320837814390E+04  0.20493203495788E+05 -0.42325287263405E+04  0.17245687574922E+04  0.28874809073338E+04  0.12474812186646E+05 -0.96418457241342E+03 -0.95036077212277E+03  0.10265292504662E+03  0.12304548380799E+03  0.26182193323502E+01  0.22133435554351E+01 -0.24075566345137E+03  0.37451028799817E+02 -0.33049775764870E+03 -0.21704203900994E+03 -0.11993542619945E+06  0.46448146580284E+03  0.30894710183101E+04

 # Covariance matrix (Bevington epsilon)
   0.44758972309625E-03 -0.59681148630242E-04 -0.97206129739539E-02  0.23346284079097E-03 -0.11291912099136E-03  0.46335488076087E-03 -0.15549557471679E-02  0.53964222670554E-04  0.37145720115612E-04 -0.10185749571350E-02 -0.14668817314198E-01 -0.10939291790453E-03 -0.10891296382845E-02  0.14802002338347E-01  0.14003659610258E-03  0.43676840536647E-02  0.41630399697323E-03 -0.36926777332167E-03  0.58805692053368E-05 -0.24196463101227E-04 -0.27580630239584E-03  0.37655929310049E-03 -0.38069605742110E-03  0.11189699041760E-03  0.50050287705974E-04  0.45056289311281E-04 -0.88764632185698E-04  0.31527889162391E-04  0.50638962207542E-04  0.44640328161789E-04 -0.83938699454183E-04 -0.65772984495839E-04  0.45511045728011E-04  0.40956062380136E-04  0.37722929133388E-04 -0.57379352689389E-04 -0.56747813850497E-04  0.25943040500465E-05  0.89111775945952E-05  0.60258611517251E-04  0.45371027358485E-05
  -0.59681148630243E-04  0.12404621837339E-03  0.21531305855541E-02  0.10151356244465E-03  0.65738621752802E-03 -0.23882651824909E-03  0.28839409104926E-03 -0.27599643827860E-05 -0.19861650673522E-05  0.50499236158715E-03  0.24251853765391E-02  0.90092352219625E-04 -0.39409468666079E-03  0.47366645973885E-02 -0.84687903426662E-05  0.48367671096798E-03  0.13164811948296E-03 -0.12611979416031E-03 -0.27831222009664E-05  0.23800423779964E-04  0.40061086274206E-04 -0.15546995339722E-02  0.36622645872200E-03  0.73765457395502E-04  0.93529902282296E-05  0.63880201433752E-05 -0.42718181579668E-04  0.49443637107338E-05  0.29988712854952E-05  0.44851156976703E-05  0.22532036662597E-04  0.10024314093992E-04  0.16507421158903E-05  0.10146103198283E-04  0.10922339169618E-04 -0.89079581650861E-05 -0.57512981928466E-05  0.94505074308580E-07  0.47576971194881E-06  0.37489188991797E-05 -0.45435409973933E-05
  -0.97206129739539E-02  0.21531305855541E-02  0.22017560945963E+00 -0.38457361745647E-02  0.81314543315124E-02 -0.11760406359116E-01  0.35066078185660E-01 -0.11224394193628E-02 -0.77681797098919E-03  0.26352286871203E-01  0.34059174728478E+00  0.29323116890808E-02  0.25953392067956E-01 -0.24599344539872E+00 -0.28430514482933E-02 -0.81993994017823E-01 -0.72851303044661E-02  0.58822439063666E-02 -0.14049659001539E-03  0.54776503941794E-03  0.58923758907148E-02 -0.16652138812274E-01  0.96523258656493E-02 -0.18306026967160E-02 -0.79824194081241E-03 -0.71134997999019E-03  0.20753999316536E-02 -0.45142053908845E-03 -0.80429513339133E-03 -0.67335544523446E-03  0.25727647325623E-02  0.20682575553554E-02 -0.89063361445840E-03 -0.54947646697978E-03 -0.50508830134590E-03  0.10217110675859E-02  0.10004198676578E-02 -0.46922610592104E-04 -0.15578868821671E-03 -0.10260276528773E-02 -0.98904028771910E-04
   0.23346284079097E-03  0.10151356244465E-03 -0.38457361745646E-02  0.12657281547639E-02  0.49036073703742E-02 -0.22822136085913E-02  0.60507513416742E-06  0.26520902390912E-04  0.15144841862925E-04 -0.34853588263506E-03 -0.71209603040307E-02  0.33768374723607E-03 -0.37430122706336E-02  0.54861815138906E-01  0.49076921069308E-03  0.13036627582498E-01 -0.11213691538400E-02  0.33019002057769E-02  0.44254200735987E-05 -0.84989239817643E-04 -0.17361154731069E-03 -0.20973886508226E-02  0.44064469416414E-03  0.17148374175515E-03  0.58596705219546E-04  0.56143960508364E-04 -0.58797764759674E-04  0.38937055130558E-04  0.60300316456698E-04  0.59212939287787E-04  0.14988146382452E-04 -0.32948782174261E-04  0.29124552858712E-04  0.61705235161663E-04  0.48038890507901E-04 -0.39400827850448E-04 -0.44443406992492E-04  0.25741629439323E-05  0.11857002358333E-04  0.62918484709867E-04 -0.19465306857265E-05
  -0.11291912099139E-03  0.65738621752803E-03  0.81314543315131E-02  0.49036073703741E-02  0.28340639094359E-01 -0.14747975438630E-01  0.13789966096267E-01 -0.53252543527123E-04 -0.48916745177134E-04  0.51651544667160E-02  0.31926866037905E-01  0.51784493528508E-03 -0.23137616963579E-02  0.18069211868168E+00  0.14082908159250E-02  0.37472351465444E-01 -0.58886001406732E-02  0.14131204998297E-01 -0.41734304119151E-04 -0.75632995772772E-04  0.12265846551271E-02 -0.70101522062328E-02  0.54399375100720E-03  0.56550498037550E-03  0.13533575691121E-03  0.15419221944673E-03 -0.12833893648086E-03  0.16089855137779E-03  0.91202538236051E-04  0.13137648292145E-03  0.32466970874872E-03  0.20510869866357E-03  0.84721970689868E-05  0.10438063666360E-03  0.49950579485438E-04 -0.20999794417413E-04 -0.57459614344547E-04  0.55928644227776E-05  0.30723478559844E-04  0.17729721011307E-03 -0.23601881121319E-04
   0.46335488076090E-03 -0.23882651824909E-03 -0.11760406359116E-01 -0.22822136085912E-02 -0.14747975438630E-01  0.97777709931850E-02 -0.11046541020245E-01  0.11476618053311E-03  0.86372900210091E-04 -0.31277624241821E-02 -0.37437091976813E-01  0.18688354378508E-03 -0.21080289144377E-02 -0.17558219031117E+00 -0.56063907368274E-03 -0.20904036728289E-01  0.31945554820853E-02 -0.84498396854545E-02  0.11867487248800E-04 -0.57873112729162E-03 -0.23184718788448E-03  0.41283444822063E-02 -0.85003400454194E-03 -0.20409958102622E-03 -0.14754801280872E-04 -0.38369449839496E-04 -0.24647557840081E-03 -0.99675097979029E-04  0.30274947011811E-05 -0.28923050701536E-04 -0.31574063839276E-03 -0.26614731994816E-03  0.45811026160165E-04 -0.59310658816261E-05  0.85618953247227E-05 -0.36905107627433E-04 -0.27150881589790E-04 -0.72504992359322E-06 -0.59837638402369E-05 -0.35064155635663E-04 -0.48885342563251E-04
  -0.15549557471679E-02  0.28839409104926E-03  0.35066078185661E-01  0.60507513399034E-06  0.13789966096266E-01 -0.11046541020244E-01  0.24227151002548E-01 -0.27740245888309E-03 -0.19362351367410E-03  0.10747999612761E-01  0.10862657498336E+00 -0.18303269684994E-02  0.23804599192586E-01  0.41244771387840E-01 -0.80815336702629E-03 -0.12633710960224E-01 -0.14485973803212E-02  0.16358784478275E-02 -0.60951849818545E-04  0.14451476542948E-02  0.17364863352913E-02  0.32927788255958E-03 -0.12870576210378E-02 -0.84546151769592E-04 -0.90075163160605E-04 -0.38589563886975E-04  0.47817238293200E-03  0.12110684962148E-03 -0.14371962609949E-03 -0.71958350635498E-04  0.69587765487711E-03  0.82554977489384E-03 -0.16402670542016E-03 -0.12764200503878E-03 -0.12246661667917E-03  0.11962559228827E-03  0.10220939025256E-03 -0.41780169760037E-05 -0.14843882818631E-04 -0.26700032581450E-04  0.11032422234102E-03
   0.53964222670552E-04 -0.27599643827857E-05 -0.11224394193628E-02  0.26520902390913E-04 -0.53252543527114E-04  0.11476618053311E-03 -0.27740245888308E-03  0.25637856579092E-04  0.19525019675512E-04 -0.27727549231047E-03 -0.48615267670681E-02  0.13545367015522E-04 -0.29500896918726E-03 -0.14623129696646E-02 -0.25231354458237E-04  0.65378683435718E-04  0.19163507791999E-03 -0.26561936675406E-03  0.56949815882181E-06 -0.20887454226170E-04 -0.25808275411259E-04 -0.62414443240700E-04 -0.14049895453285E-06  0.11818029477830E-04  0.88082209127157E-05  0.81659124599253E-05  0.18642500639134E-05  0.88695483181883E-05  0.91312365072994E-05  0.82799212651804E-05 -0.15173246878533E-05 -0.11548645978686E-05  0.98248329124841E-05  0.85088075401351E-05  0.78413742413367E-05  0.23249107097721E-06  0.32504949487851E-06  0.39564726477435E-06  0.15418148842431E-05  0.12178198060333E-04  0.25697397688953E-06
   0.37145720115611E-04 -0.19861650673520E-05 -0.77681797098916E-03  0.15144841862926E-04 -0.48916745177128E-04  0.86372900210086E-04 -0.19362351367410E-03  0.19525019675512E-04  0.15695014416983E-04 -0.19181850638981E-03 -0.35967406692259E-02  0.79956704154194E-05 -0.19550392305853E-03 -0.12826343580432E-02 -0.33580192181447E-04 -0.21116306436318E-03  0.16100723616500E-03 -0.25130035543766E-03  0.37591061981768E-06 -0.15042417856275E-04 -0.17195426326380E-04 -0.46918051591422E-04  0.25526495384073E-05  0.77640493224132E-05  0.58386518382595E-05  0.53634042978131E-05  0.13358570208368E-06  0.62370951028204E-05  0.59614117216764E-05  0.53221945572815E-05 -0.21433983633368E-05 -0.17063007079417E-05  0.68605310418514E-05  0.55336139586333E-05  0.50488864623165E-05  0.11463355716492E-05  0.10924583819824E-05  0.24654048941171E-06  0.21508159986678E-06  0.79072351199905E-05  0.84316561106932E-07
  -0.10185749571351E-02  0.50499236158715E-03  0.26352286871204E-01 -0.34853588263513E-03  0.51651544667158E-02 -0.31277624241819E-02  0.10747999612761E-01 -0.27727549231047E-03 -0.19181850638981E-03  0.22184620103274E-01  0.12510568847542E+00 -0.14284110940115E-02  0.27548523106913E-01 -0.12233180462662E+00 -0.47726321284242E-03 -0.43072987957307E-01 -0.85112836667051E-02  0.70745745940821E-02 -0.38777342922039E-04  0.16806933784237E-03  0.19322044946093E-02  0.45709745617679E-02 -0.88105099035730E-03 -0.66098788689357E-03 -0.65502613292237E-04 -0.68914881770332E-04 -0.15292778496747E-02  0.38000187284705E-04 -0.77168135781398E-04 -0.76393091695303E-04  0.10515415352487E-03  0.20451337215710E-03 -0.71166102933034E-04 -0.59772018685440E-04 -0.83943639222549E-04  0.48439473388620E-03  0.32892982056350E-03 -0.64924603605873E-05 -0.33951915964214E-04 -0.88336212318792E-04 -0.67830699384320E-04
  -0.14668817314198E-01  0.24251853765390E-02  0.34059174728478E+00 -0.71209603040314E-02  0.31926866037902E-01 -0.37437091976811E-01  0.10862657498336E+00 -0.48615267670682E-02 -0.35967406692259E-02  0.12510568847542E+00  0.14629616411696E+01 -0.85679709910765E-02  0.17651672327741E+00 -0.79787042459459E+00 -0.14762444263345E-02 -0.25983794367021E+00 -0.45329423850110E-01  0.16792723199247E-01 -0.28966180235127E-03  0.66515702066477E-02  0.16284270930190E-01  0.47922970448892E-01 -0.21301423405855E-01 -0.44654267233316E-02 -0.45515903852592E-03 -0.27751978515068E-03  0.49439214805218E-02  0.52387744715434E-03 -0.38278447261412E-03 -0.56173599002419E-04  0.83925293887470E-02  0.93862692170180E-02 -0.22319546725128E-02 -0.19676523205501E-03 -0.66280110815824E-04 -0.25869930328344E-03 -0.10407456466933E-02 -0.22884862543996E-04 -0.94405031428499E-04  0.58427866067395E-04  0.54681844940432E-03
  -0.10939291790453E-03  0.90092352219625E-04  0.29323116890806E-02  0.33768374723610E-03  0.51784493528518E-03  0.18688354378503E-03 -0.18303269684994E-02  0.13545367015522E-04  0.79956704154193E-05 -0.14284110940115E-02 -0.85679709910766E-02  0.26924570301642E-02 -0.29178079907973E-01 -0.62848449762329E-01  0.24451330855984E-03  0.21358513638999E-02 -0.56571130443174E-03  0.98952565400470E-03  0.29665132905478E-05  0.65338346983822E-04 -0.14629691157857E-03 -0.14301587113464E-02  0.67073198327565E-03  0.19756364637594E-04 -0.13637281683038E-04 -0.22836877731148E-05  0.16908264451388E-04 -0.21307446445181E-04 -0.36385822477876E-05  0.27388800117617E-05  0.92836768525780E-04 -0.60464028016816E-04 -0.67879007885741E-05  0.54410893524994E-05  0.63916926599838E-05  0.82110072469799E-05  0.79723830393877E-05 -0.33218296656956E-06  0.73223678028592E-06 -0.14162332953157E-04  0.18386515355863E-04
  -0.10891296382846E-02 -0.39409468666079E-03  0.25953392067959E-01 -0.37430122706338E-02 -0.23137616963588E-02 -0.21080289144372E-02  0.23804599192586E-01 -0.29500896918727E-03 -0.19550392305854E-03  0.27548523106913E-01  0.17651672327741E+00 -0.29178079907972E-01  0.46226864869127E+00  0.84153944274688E+00 -0.36544112018468E-02 -0.50976228427175E-01  0.11154013208101E-01 -0.24249427076922E-01 -0.72697050630972E-04 -0.36365162877742E-02  0.14707907322837E-02  0.16697853686716E-01 -0.80767300771048E-02  0.38544038793781E-03  0.32534430519951E-03  0.12930941160690E-03 -0.90213723593830E-04  0.38097782773409E-03  0.23455804187920E-03  0.57676133151253E-04  0.14326028395027E-02  0.15600527322854E-02  0.79233645082941E-04  0.12207713827755E-03 -0.37355580436991E-04 -0.40477648362168E-03 -0.41633309766173E-03  0.12241020832230E-04  0.43409134442373E-04  0.13124119521756E-03 -0.51474363806657E-03
   0.14802002338347E-01  0.47366645973885E-02 -0.24599344539872E+00  0.54861815138905E-01  0.18069211868168E+00 -0.17558219031117E+00  0.41244771387848E-01 -0.14623129696647E-02 -0.12826343580433E-02 -0.12233180462662E+00 -0.79787042459454E+00 -0.62848449762331E-01  0.84153944274690E+00  0.38740990519829E+02  0.33347742240752E-01  0.23928164339573E+01 -0.89346914630826E-02  0.44704259885997E+00  0.10977808555261E-02  0.53939696147543E-01 -0.11518665436881E+00 -0.23854374241295E+00  0.12893190920541E+00  0.33441891849109E-01  0.36443525615042E-02  0.38870561397941E-02 -0.67939555086453E-02  0.74610166254433E-02  0.33219181757002E-02  0.31995522779053E-02  0.44261597265452E-02 -0.13460959311560E-01  0.60908010673770E-02  0.15015973211731E-02  0.18302314311045E-02 -0.47143163738223E-03  0.20848082278450E-02  0.20415214202426E-03  0.50056151637000E-03 -0.42359460971709E-02 -0.51045100565376E-02
   0.14003659610259E-03 -0.84687903426666E-05 -0.28430514482936E-02  0.49076921069309E-03  0.14082908159251E-02 -0.56063907368279E-03 -0.80815336702622E-03 -0.25231354458237E-04 -0.33580192181447E-04 -0.47726321284240E-03 -0.14762444263343E-02  0.24451330855982E-03 -0.36544112018467E-02  0.33347742240754E-01  0.14994200747217E-02  0.30747201085220E-01 -0.35628669783928E-02  0.95363986548942E-02  0.40034736188674E-05 -0.30820485958805E-04 -0.13675452943202E-03  0.17418498517941E-03  0.16267904394743E-03 -0.57602498189654E-05  0.20067308356660E-04  0.21823187998533E-04 -0.40130662307773E-04 -0.25676037168413E-04  0.27861782651833E-04  0.29343957927198E-04 -0.57907969566683E-04 -0.80167430387427E-04  0.19257364691074E-04  0.25167909412512E-04  0.25621104075176E-04  0.74606550596106E-05  0.14695826547847E-04  0.12318929273384E-05  0.46700915634970E-05  0.14807948802158E-04 -0.96153489381597E-05
   0.43676840536649E-02  0.48367671096798E-03 -0.81993994017826E-01  0.13036627582498E-01  0.37472351465445E-01 -0.20904036728290E-01 -0.12633710960222E-01  0.65378683435704E-04 -0.21116306436319E-03 -0.43072987957306E-01 -0.25983794367020E+00  0.21358513638994E-02 -0.50976228427170E-01  0.23928164339573E+01  0.30747201085219E-01  0.12492754233159E+01 -0.11088078500470E-01  0.21653974467309E+00  0.11313577468243E-03 -0.20805074855192E-02 -0.11286176343195E-01 -0.49648336945717E-01  0.27918326163196E-01  0.29285818977705E-02  0.75004617703491E-03  0.10543029526668E-02 -0.11292854244061E-02 -0.14820167940059E-04  0.12916857500501E-02  0.15613172242023E-02 -0.98303895329792E-03 -0.21166590895157E-02  0.98699530712919E-03  0.13942774964291E-02  0.15599255338681E-02 -0.26337394190706E-02 -0.97726792730620E-03  0.51137093194471E-04  0.22131306873621E-03  0.27546399430839E-03 -0.30745523054316E-03
   0.41630399697318E-03  0.13164811948296E-03 -0.72851303044652E-02 -0.11213691538401E-02 -0.58886001406735E-02  0.31945554820855E-02 -0.14485973803214E-02  0.19163507791999E-03  0.16100723616500E-03 -0.85112836667052E-02 -0.45329423850110E-01 -0.56571130443168E-03  0.11154013208101E-01 -0.89346914630914E-02 -0.35628669783929E-02 -0.11088078500474E-01  0.26408721235218E-01 -0.42502762244673E-01 -0.45483794584354E-07 -0.49527280242004E-03 -0.13315991890113E-02 -0.10765571573899E-01  0.16363605210646E-02  0.10771127624951E-02  0.11139291481657E-03  0.12864629732473E-03  0.48803352104736E-03  0.21052935114153E-03  0.16212585744109E-03  0.18166123062758E-03  0.51465177954352E-03  0.49469767808251E-03  0.20984413019067E-04  0.20689158737886E-03  0.21424822058593E-03 -0.11609388866550E-02 -0.89655936096298E-03  0.12335265569528E-04  0.50910324351417E-04  0.25582585714855E-03  0.10465570463919E-03
  -0.36926777332158E-03 -0.12611979416031E-03  0.58822439063647E-02  0.33019002057770E-02  0.14131204998298E-01 -0.84498396854549E-02  0.16358784478281E-02 -0.26561936675407E-03 -0.25130035543766E-03  0.70745745940822E-02  0.16792723199250E-01  0.98952565400454E-03 -0.24249427076920E-01  0.44704259885999E+00  0.95363986548943E-02  0.21653974467309E+00 -0.42502762244673E-01  0.10368026182819E+00  0.12583270792034E-04  0.33584996856409E-03  0.32033673428915E-03  0.72556718004852E-02  0.40407735445798E-02 -0.14671399032683E-02 -0.19360629402604E-03 -0.16182373164659E-03 -0.14223593131757E-02 -0.42979653414507E-03 -0.19814748471923E-03 -0.18360861035037E-03 -0.13612333510824E-02 -0.15374602123754E-02  0.15314390594551E-03 -0.24530786106419E-03 -0.22401688092670E-03  0.17726129249046E-02  0.16472256030752E-02 -0.20849135727274E-04 -0.86133222822443E-04 -0.61154906143115E-03 -0.28088294302138E-03
   0.58805692053369E-05 -0.27831222009664E-05 -0.14049659001539E-03  0.44254200735991E-05 -0.41734304119149E-04  0.11867487248799E-04 -0.60951849818544E-04  0.56949815882183E-06  0.37591061981770E-06 -0.38777342922039E-04 -0.28966180235127E-03  0.29665132905477E-05 -0.72697050630971E-04  0.10977808555261E-02  0.40034736188674E-05  0.11313577468243E-03 -0.45483794584303E-07  0.12583270792034E-04  0.77371600669834E-06  0.23316024516751E-04 -0.17244504879822E-04 -0.28276310034418E-04  0.14304710439837E-04  0.18155127472091E-05  0.52573994980805E-06  0.33114345753680E-06  0.48008594248665E-06  0.22406721239584E-06  0.79243458292208E-06  0.56175393165089E-06 -0.12339678787684E-05 -0.17356067572733E-05  0.52163366166951E-06  0.73986080802218E-06  0.88404257324644E-06 -0.82510401624129E-06 -0.65129283062012E-06  0.27821611892831E-07  0.93254200684697E-07  0.36128458077048E-06  0.65632129443168E-06
  -0.24196463101229E-04  0.23800423779964E-04  0.54776503941799E-03 -0.84989239817655E-04 -0.75632995772828E-04 -0.57873112729159E-03  0.14451476542948E-02 -0.20887454226171E-04 -0.15042417856275E-04  0.16806933784236E-03  0.66515702066476E-02  0.65338346983823E-04 -0.36365162877742E-02  0.53939696147543E-01 -0.30820485958808E-04 -0.20805074855192E-02 -0.49527280242002E-03  0.33584996856406E-03  0.23316024516751E-04  0.63575268026488E-02  0.56201413638242E-03  0.51036873615460E-03  0.12859417220674E-03  0.25459449200153E-03  0.43745814909429E-05  0.59452327884626E-04  0.12894615323753E-03  0.31626174157799E-04 -0.29469282285201E-04  0.10502248769511E-03  0.54465104129749E-04  0.60578828575457E-04 -0.13225724160823E-04 -0.93719628407882E-04  0.13487951171883E-03 -0.39538446247138E-04 -0.30962503847267E-04  0.86765019971503E-06  0.43015952297623E-05  0.16562252089497E-04 -0.51908084361745E-04
  -0.27580630239584E-03  0.40061086274206E-04  0.58923758907148E-02 -0.17361154731069E-03  0.12265846551271E-02 -0.23184718788446E-03  0.17364863352913E-02 -0.25808275411260E-04 -0.17195426326381E-04  0.19322044946093E-02  0.16284270930190E-01 -0.14629691157857E-03  0.14707907322837E-02 -0.11518665436881E+00 -0.13675452943201E-03 -0.11286176343195E-01 -0.13315991890113E-02  0.32033673428924E-03 -0.17244504879822E-04  0.56201413638242E-03  0.23972649659447E-02  0.11317211548250E-04 -0.10124285426932E-03 -0.99432187102893E-04 -0.34109379104966E-04  0.19051446952527E-04  0.93537300149861E-04 -0.12505253515991E-04 -0.42210602324485E-04  0.36622218723512E-04  0.46321709303290E-04  0.12938460048672E-03 -0.43997828188602E-04 -0.43397301726927E-04  0.45390084840201E-04  0.58535562493891E-04  0.36761674366838E-04 -0.14052642957932E-05 -0.24581419039785E-05  0.34884635280293E-05 -0.10239192693516E-03
   0.37655929310050E-03 -0.15546995339722E-02 -0.16652138812274E-01 -0.20973886508226E-02 -0.70101522062328E-02  0.41283444822063E-02  0.32927788255951E-03 -0.62414443240695E-04 -0.46918051591419E-04  0.45709745617678E-02  0.47922970448891E-01 -0.14301587113464E-02  0.16697853686716E-01 -0.23854374241295E+00  0.17418498517940E-03 -0.49648336945717E-01 -0.10765571573899E-01  0.72556718004852E-02 -0.28276310034418E-04  0.51036873615462E-03  0.11317211548237E-04  0.61223582044178E-01 -0.19284675640898E-01 -0.24661454454303E-02 -0.44460138182670E-05 -0.69460386197660E-04  0.92664754815785E-03  0.71331602808530E-04 -0.10356228729994E-04 -0.88826627071273E-04  0.46371247893445E-03  0.72489098245061E-03 -0.52588762624581E-04 -0.26251460024208E-03 -0.31036389963854E-03  0.45542883645810E-03  0.20493874178612E-03  0.13841570154342E-05  0.60031148597150E-05  0.13673870476388E-03  0.12275789934660E-03
  -0.38069605742110E-03  0.36622645872200E-03  0.96523258656492E-02  0.44064469416415E-03  0.54399375100725E-03 -0.85003400454196E-03 -0.12870576210378E-02 -0.14049895453434E-06  0.25526495384060E-05 -0.88105099035732E-03 -0.21301423405855E-01  0.67073198327566E-03 -0.80767300771049E-02  0.12893190920541E+00  0.16267904394745E-03  0.27918326163196E-01  0.16363605210646E-02  0.40407735445800E-02  0.14304710439837E-04  0.12859417220672E-03 -0.10124285426933E-03 -0.19284675640898E-01  0.92868980272861E-02  0.11962164393249E-03 -0.94876538464697E-04 -0.54988628390928E-04 -0.73672932133342E-03 -0.11817542566672E-03 -0.21977573119409E-04  0.18202979609056E-04 -0.43674799875087E-03 -0.57606464866410E-03  0.32810101025282E-04  0.35424635634329E-04  0.83044186801329E-04  0.12422129776021E-03  0.20935363526823E-03 -0.67892924892852E-05 -0.29936462812495E-04 -0.23015230110107E-03 -0.10447778972528E-03
   0.11189699041760E-03  0.73765457395502E-04 -0.18306026967159E-02  0.17148374175514E-03  0.56550498037549E-03 -0.20409958102622E-03 -0.84546151769569E-04  0.11818029477830E-04  0.77640493224132E-05 -0.66098788689356E-03 -0.44654267233315E-02  0.19756364637592E-04  0.38544038793785E-03  0.33441891849109E-01 -0.57602498189724E-05  0.29285818977703E-02  0.10771127624951E-02 -0.14671399032684E-02  0.18155127472091E-05  0.25459449200153E-03 -0.99432187102889E-04 -0.24661454454303E-02  0.11962164393249E-03  0.38933762516082E-03  0.25233914322170E-04  0.40473605585317E-04  0.45991338117711E-05  0.20467776041644E-04  0.41524145951035E-05  0.21240891336182E-04  0.24003072218441E-04 -0.18875980311199E-05  0.11336529628873E-04  0.84660530458028E-05  0.23655261526414E-04 -0.89883759501542E-04 -0.74210398709445E-04  0.16794926045930E-05  0.64873505463621E-05  0.29094974708996E-04 -0.16165028421978E-04
   0.50050287705973E-04  0.93529902282299E-05 -0.79824194081238E-03  0.58596705219545E-04  0.13533575691121E-03 -0.14754801280876E-04 -0.90075163160592E-04  0.88082209127156E-05  0.58386518382595E-05 -0.65502613292230E-04 -0.45515903852586E-03 -0.13637281683039E-04  0.32534430519953E-03  0.36443525615041E-02  0.20067308356657E-04  0.75004617703485E-03  0.11139291481658E-03 -0.19360629402606E-03  0.52573994980801E-06  0.43745814909437E-05 -0.34109379104965E-04 -0.44460138182696E-05 -0.94876538464697E-04  0.25233914322170E-04  0.29391313592320E-04  0.19811744474218E-04  0.47387883893181E-04  0.17936353495680E-04  0.22502487203256E-04  0.21933785806914E-04  0.45974106770588E-04  0.45895644715907E-04  0.83366337112993E-05  0.22047610936569E-04  0.20687170255847E-04 -0.17458504196245E-04 -0.19300881121026E-04  0.83871977533061E-06  0.33287490164137E-05  0.24667843055507E-04  0.40416919834800E-05
   0.45056289311280E-04  0.63880201433753E-05 -0.71134997999017E-03  0.56143960508362E-04  0.15419221944673E-03 -0.38369449839498E-04 -0.38589563886963E-04  0.81659124599253E-05  0.53634042978132E-05 -0.68914881770326E-04 -0.27751978515063E-03 -0.22836877731161E-05  0.12930941160692E-03  0.38870561397940E-02  0.21823187998530E-04  0.10543029526667E-02  0.12864629732473E-03 -0.16182373164662E-03  0.33114345753677E-06  0.59452327884627E-04  0.19051446952528E-04 -0.69460386197662E-04 -0.54988628390929E-04  0.40473605585317E-04  0.19811744474218E-04  0.39485551928028E-04  0.50402485595669E-04  0.18371687190559E-04  0.21474132098215E-04  0.26591644785282E-04  0.48519419576298E-04  0.48475149545049E-04  0.76031459888872E-05  0.19912810001235E-04  0.24530760689181E-04 -0.18308778798974E-04 -0.19513741918649E-04  0.82957456530114E-06  0.33549546071426E-05  0.24372383127865E-04 -0.61104042938159E-06
  -0.88764632185700E-04 -0.42718181579668E-04  0.20753999316536E-02 -0.58797764759678E-04 -0.12833893648087E-03 -0.24647557840080E-03  0.47817238293200E-03  0.18642500639129E-05  0.13358570208330E-06 -0.15292778496747E-02  0.49439214805219E-02  0.16908264451390E-04 -0.90213723593851E-04 -0.67939555086456E-02 -0.40130662307774E-04 -0.11292854244063E-02  0.48803352104734E-03 -0.14223593131757E-02  0.48008594248663E-06  0.12894615323754E-03  0.93537300149863E-04  0.92664754815785E-03 -0.73672932133342E-03  0.45991338117701E-05  0.47387883893181E-04  0.50402485595668E-04  0.81355656345500E-03  0.59402028882202E-04  0.52473155371261E-04  0.59199989712682E-04  0.31981041601569E-03  0.33658121307537E-03 -0.16392375862629E-04  0.50589766618927E-04  0.56642660739380E-04 -0.73389940592877E-04 -0.78812597901835E-04  0.22604600598026E-05  0.11173262215845E-04  0.82322821642567E-04  0.36408495671289E-04
   0.31527889162389E-04  0.49443637107340E-05 -0.45142053908841E-03  0.38937055130556E-04  0.16089855137778E-03 -0.99675097979028E-04  0.12110684962149E-03  0.88695483181882E-05  0.62370951028203E-05  0.38000187284711E-04  0.52387744715441E-03 -0.21307446445181E-04  0.38097782773410E-03  0.74610166254431E-02 -0.25676037168416E-04 -0.14820167940157E-04  0.21052935114154E-03 -0.42979653414509E-03  0.22406721239580E-06  0.31626174157800E-04 -0.12505253515989E-04  0.71331602808528E-04 -0.11817542566672E-03  0.20467776041644E-04  0.17936353495679E-04  0.18371687190558E-04  0.59402028882203E-04  0.57333290807503E-04  0.19693093043636E-04  0.20609907481644E-04  0.62342607425680E-04  0.62052326083366E-04  0.60091596934295E-05  0.18678246716180E-04  0.18956540886027E-04 -0.18686836135401E-04 -0.20263175320005E-04  0.89475644248954E-06  0.38331189340730E-05  0.26293677728576E-04  0.49841735205073E-05
   0.50638962207541E-04  0.29988712854954E-05 -0.80429513339131E-03  0.60300316456697E-04  0.91202538236055E-04  0.30274947011772E-05 -0.14371962609948E-03  0.91312365072994E-05  0.59614117216765E-05 -0.77168135781392E-04 -0.38278447261407E-03 -0.36385822477888E-05  0.23455804187922E-03  0.33219181757001E-02  0.27861782651830E-04  0.12916857500500E-02  0.16212585744110E-03 -0.19814748471925E-03  0.79243458292204E-06 -0.29469282285200E-04 -0.42210602324483E-04 -0.10356228729995E-04 -0.21977573119411E-04  0.41524145951038E-05  0.22502487203257E-04  0.21474132098215E-04  0.52473155371262E-04  0.19693093043636E-04  0.30271583114262E-04  0.27369360610867E-04  0.54113832920121E-04  0.53824337005338E-04  0.85754864965477E-05  0.28442320441936E-04  0.26024252434208E-04 -0.21377088219823E-04 -0.22683664232399E-04  0.92541606939129E-06  0.37344298435642E-05  0.26994132810565E-04  0.54787572110515E-05
