# fitpack15: fit parameters                                                                         
# CJ15_AV18                                                                                         
# Created on 07/01/2015 at 04:03:19                                                                 

 # QCD setup
  INS	                    0
  NVL                          11
  IORD                          1
  Q02                   1.6899999999999999     
  IPARAMC                       7
  FLAVOR                4.0000000000000000     
  xmc                   1.3000000000000000     
  xmb                   4.5000000000000000     
  ncb                          12

 # Theory corrections
  inuke                     10714
  itmc                          1
  iht                           1

 # fit parameters
 LAMBDA       0.22680        0.0000    
 a0uv          2.4993        0.0000    
 a1uv         0.62345       0.18854E-01
 a2uv          3.5329       0.11739E-01
 a3uv          0.0000        0.0000    
 a4uv          3.2416       0.37208    
 a5uv          0.0000        0.0000    
 a0dv          23.078        0.0000    
 a1dv          1.1407       0.36644E-01
 a2dv          6.5907       0.16374    
 a3dv         -3.5426       0.93399E-01
 a4dv          4.8616       0.14761    
 a5dv          0.0000        0.0000    
 a0ud         0.14323       0.50800E-02
 a1ud        -0.21645       0.39195E-02
 a2ud          8.3879       0.14875    
 a3ud          0.0000        0.0000    
 a4ud          15.661        1.1255    
 a5ud          0.0000        0.0000    
 a0du          35712.        0.0000    
 a1du          3.9750       0.49658E-01
 a2du          20.310       0.67140    
 a3du          17.000        0.0000    
 a4du          46.753        5.7516    
 a0g           46.583        0.0000    
 a1g          0.61668       0.38206E-01
 a2g           6.1863        1.1475    
 a3g          -3.2498       0.16490    
 a4g           2.9808       0.30476    
 a5g           0.0000        0.0000    
 kappa        0.40000        0.0000    
 a6dv        -0.41861E-02   0.67933E-03
 a7dv          2.0000        0.0000    
 off1        -0.61346E-02   0.22945E-02
 dummy35       0.0000        0.0000    
 ht1          -2.9841       0.23255    
 ht2           1.7259       0.96781E-01
 ht3          -2.0880       0.23172E-01
 ht4           0.0000        0.0000    
 dummy40       0.0000        0.0000    
 dummy41       0.0000        0.0000    
 dummy42       0.0000        0.0000    
 dummy43       0.0000        0.0000    
 dummy44       0.0000        0.0000    
 dummy45       0.0000        0.0000    
 dummy46       0.0000        0.0000    
 dummy47       0.0000        0.0000    
 dummy48       0.0000        0.0000    
 dummy49       0.0000        0.0000    
 bcdmsh2      0.97337       0.54096E-02
 bcdmsd2      0.99518       0.62341E-02
 ccfr          1.0000        0.0000    
 nutev         1.0000        0.0000    
 zeus         0.97998        0.0000    
 h1            1.0162        0.0000    
 e605          1.0320       0.28215E-01
 NmcH2         1.0166       0.75488E-02
 ntv_nu        1.0000        0.0000    
 ntv_nubar     1.0000        0.0000    
 cdf_jet      0.98910        0.0000    
 d0_jet       0.83504        0.0000    
 slac_p        1.0041       0.54837E-02
 slac_d        1.0066       0.57969E-02
 e866pp       0.97708       0.18462E-01
 e866pd       0.99190       0.16944E-01
 d0_gamjet     1.0383       0.16551E-01
 h1b          0.97608        0.0000    
 jlab_p       0.99466       0.62452E-02
 jlab_d       0.97918       0.63701E-02
 blank         1.0000        0.0000    
 d0run2       0.93441       0.15421E-01
 cdfrun2      0.92017       0.17998E-01
 HERA_el      0.99986       0.34130E-02
 HERA_ps      0.99548       0.31402E-02
 CDF_Z        0.97653       0.68514E-02
 NmcRat        1.0000        0.0000    
 BNS_F2nd     0.98424       0.65898E-02
 END 0. 0.

 # Hessian matrix (Bevington alpha)
   0.45489481943463E+07 -0.12348779022791E+07  0.23073516032240E+06  0.42138198635238E+06 -0.11460550740611E+06 -0.42456167172698E+05  0.37430347885984E+05  0.81742781896706E+06 -0.17597387776300E+06 -0.42262427236706E+05  0.56646178141887E+04  0.12568838023148E+05  0.14634635743418E+04 -0.11365023645951E+03 -0.20473306183339E+05  0.19280626349899E+04 -0.19609546379800E+05 -0.10294911363196E+05 -0.66848908476518E+07  0.20025927665678E+07
  -0.12348779022791E+07  0.40068425956386E+06 -0.64436023346034E+05 -0.12571141617535E+06  0.32658539252618E+05  0.11860657596494E+05 -0.88890792090435E+04 -0.12938684050816E+06  0.30716616844989E+05  0.71308770525429E+04 -0.84195521765637E+03 -0.11601334589246E+04 -0.12799258151162E+03  0.13420688241614E+02  0.35875622479180E+04 -0.43436493827084E+03  0.35207976951180E+04  0.21275259404520E+04  0.23205036598743E+07 -0.53069449422693E+06
   0.23073516032240E+06 -0.64436023346034E+05  0.11806041353475E+05  0.21848893611426E+05 -0.59575485306136E+04 -0.22618501540486E+04  0.18834715503450E+04  0.32767160384177E+05 -0.71975671545813E+04 -0.18997457286841E+04  0.22468580843668E+03  0.42083942459257E+03  0.56240461157123E+02 -0.54117141942307E+01 -0.13406624076122E+04  0.13364113476522E+03 -0.12922763802595E+04 -0.70257046868324E+03 -0.35280716552122E+06  0.10075526137271E+06
   0.42138198635238E+06 -0.12571141617535E+06  0.21848893611426E+05  0.38092993731203E+06 -0.59511560954876E+05  0.64312483734931E+05  0.56840841946601E+05  0.32989684637324E+06 -0.22011124075774E+05 -0.17213124982186E+05  0.29325660687514E+04 -0.18772391673049E+04 -0.21813992030440E+03  0.70367690235120E+02  0.23217212555390E+05 -0.26905460543606E+04  0.22380318242106E+05  0.13126190129227E+05 -0.19974387880267E+07  0.62168530073065E+06
  -0.11460550740611E+06  0.32658539252618E+05 -0.59575485306136E+04 -0.59511560954876E+05  0.11019501725424E+05 -0.62514727914562E+04 -0.80972762690388E+04 -0.32476057000320E+05  0.72206729922124E+03  0.22834878715974E+04 -0.30322841728535E+03 -0.31597457473549E+02  0.88527800026517E+01 -0.65027239960359E+01 -0.17139018954638E+04  0.20448841152711E+03 -0.15976395043173E+04 -0.95925463244859E+03  0.43311899677718E+06 -0.11756727024656E+06
  -0.42456167172698E+05  0.11860657596494E+05 -0.22618501540486E+04  0.64312483734931E+05 -0.62514727914562E+04  0.19956407391253E+05  0.11851241992678E+05  0.91937561267620E+05 -0.78774163757878E+04 -0.38415838332829E+04  0.80520007421209E+03 -0.89989974846174E+03 -0.89249227128492E+02  0.22229865835070E+02  0.71305393283556E+04 -0.84094614374762E+03  0.70796566063872E+04  0.41872750668152E+04 -0.20678952289203E+05  0.58274289392534E+05
   0.37430347885984E+05 -0.88890792090435E+04  0.18834715503450E+04  0.56840841946601E+05 -0.80972762690388E+04  0.11851241992678E+05  0.93703723110035E+04  0.53388531007768E+05 -0.30041206574593E+04 -0.28611562183023E+04  0.48339956199370E+03 -0.28470544552978E+03 -0.37283848873660E+02  0.11980828537693E+02  0.34558662684953E+04 -0.41689143475818E+03  0.33405569719997E+04  0.20142978765986E+04 -0.19481884655764E+06  0.84367145407408E+05
   0.81742781896706E+06 -0.12938684050816E+06  0.32767160384177E+05  0.32989684637324E+06 -0.32476057000320E+05  0.91937561267620E+05  0.53388531007768E+05  0.50076253878806E+07 -0.25082652411076E+07 -0.85693053250168E+05  0.23058089309395E+05  0.22581268860922E+05  0.16892698309690E+04  0.12061409174220E+03  0.52651845670782E+05 -0.68229106213397E+04  0.59632280621141E+05  0.34136509575559E+05 -0.55620957338086E+06  0.73492929784337E+06
  -0.17597387776300E+06  0.30716616844989E+05 -0.71975671545813E+04 -0.22011124075774E+05  0.72206729922124E+03 -0.78774163757878E+04 -0.30041206574593E+04 -0.25082652411076E+07  0.22199655554370E+07  0.18582286192381E+05 -0.56500916552711E+04 -0.53049543156263E+04 -0.35918383511205E+03 -0.14302400549264E+02  0.46125558201181E+05 -0.24166027821857E+04  0.19865297283572E+05  0.10526353933118E+05 -0.12157699861822E+05 -0.13133307423161E+06
  -0.42262427236706E+05  0.71308770525429E+04 -0.18997457286841E+04 -0.17213124982186E+05  0.22834878715974E+04 -0.38415838332829E+04 -0.28611562183023E+04 -0.85693053250168E+05  0.18582286192381E+05  0.27818778162386E+04 -0.59432976403791E+03 -0.59245141988590E+03 -0.56872949850531E+02 -0.27293067173871E+01 -0.26527133504197E+04  0.31989054184242E+03 -0.25925890318008E+04 -0.15728673402137E+04  0.51115603557956E+05 -0.36733457627981E+05
   0.56646178141887E+04 -0.84195521765637E+03  0.22468580843668E+03  0.29325660687514E+04 -0.30322841728535E+03  0.80520007421209E+03  0.48339956199370E+03  0.23058089309395E+05 -0.56500916552711E+04 -0.59432976403791E+03  0.14987475523809E+03  0.15368077479389E+03  0.12061406329259E+02  0.89196516846996E+00  0.81337228309520E+03 -0.86759751231200E+02  0.74815051134749E+03  0.42963193878814E+03 -0.53711339701313E+04  0.54839311853323E+04
   0.12568838023148E+05 -0.11601334589246E+04  0.42083942459257E+03 -0.18772391673049E+04 -0.31597457473549E+02 -0.89989974846174E+03 -0.28470544552978E+03  0.22581268860922E+05 -0.53049543156263E+04 -0.59245141988590E+03  0.15368077479389E+03  0.28446194351571E+04  0.18500314549815E+03  0.83801691649965E+00  0.62984674129513E+03 -0.94369901789551E+02  0.86496430792577E+03  0.53106682472974E+03 -0.66379564618609E+04 -0.13090471432453E+04
   0.14634635743418E+04 -0.12799258151162E+03  0.56240461157123E+02 -0.21813992030440E+03  0.88527800026517E+01 -0.89249227128492E+02 -0.37283848873660E+02  0.16892698309690E+04 -0.35918383511205E+03 -0.56872949850531E+02  0.12061406329259E+02  0.18500314549815E+03  0.15874946415507E+02 -0.13331450992788E+00  0.25413971274790E+02 -0.56245175258004E+01  0.46123159647472E+02  0.32538786484047E+02 -0.24759319925258E+03 -0.28238441612367E+03
  -0.11365023645951E+03  0.13420688241614E+02 -0.54117141942307E+01  0.70367690235120E+02 -0.65027239960359E+01  0.22229865835070E+02  0.11980828537693E+02  0.12061409174220E+03 -0.14302400549264E+02 -0.27293067173871E+01  0.89196516846996E+00  0.83801691649965E+00 -0.13331450992788E+00  0.82506366386692E-01  0.16070263011237E+02 -0.14495947267086E+01  0.12852142233572E+02  0.68195119100332E+01 -0.10334030537787E+03  0.13118883590114E+02
  -0.20473306183339E+05  0.35875622479180E+04 -0.13406624076122E+04  0.23217212555390E+05 -0.17139018954638E+04  0.71305393283556E+04  0.34558662684953E+04  0.52651845670782E+05  0.46125558201181E+05 -0.26527133504197E+04  0.81337228309520E+03  0.62984674129513E+03  0.25413971274790E+02  0.16070263011237E+02  0.26674297137215E+05 -0.23787130854722E+04  0.20792857553438E+05  0.11432379139612E+05 -0.26198775885628E+05 -0.55437485932683E+04
   0.19280626349899E+04 -0.43436493827084E+03  0.13364113476522E+03 -0.26905460543606E+04  0.20448841152711E+03 -0.84094614374762E+03 -0.41689143475818E+03 -0.68229106213397E+04 -0.24166027821857E+04  0.31989054184242E+03 -0.86759751231200E+02 -0.94369901789551E+02 -0.56245175258004E+01 -0.14495947267086E+01 -0.23787130854722E+04  0.24738582033592E+03 -0.21536005839804E+04 -0.12317639019251E+04  0.29466938267306E+04  0.59386945938877E+03
  -0.19609546379800E+05  0.35207976951180E+04 -0.12922763802595E+04  0.22380318242106E+05 -0.15976395043173E+04  0.70796566063872E+04  0.33405569719997E+04  0.59632280621141E+05  0.19865297283572E+05 -0.25925890318008E+04  0.74815051134749E+03  0.86496430792577E+03  0.46123159647472E+02  0.12852142233572E+02  0.20792857553438E+05 -0.21536005839804E+04  0.19058567629294E+05  0.10825711268163E+05 -0.25466975148547E+05 -0.77341196917254E+04
  -0.10294911363196E+05  0.21275259404520E+04 -0.70257046868324E+03  0.13126190129227E+05 -0.95925463244859E+03  0.41872750668152E+04  0.20142978765986E+04  0.34136509575559E+05  0.10526353933118E+05 -0.15728673402137E+04  0.42963193878814E+03  0.53106682472974E+03  0.32538786484047E+02  0.68195119100332E+01  0.11432379139612E+05 -0.12317639019251E+04  0.10825711268163E+05  0.62395336003843E+04 -0.14896210842457E+05 -0.41521093731510E+04
  -0.66848908476518E+07  0.23205036598743E+07 -0.35280716552122E+06 -0.19974387880267E+07  0.43311899677718E+06 -0.20678952289203E+05 -0.19481884655764E+06 -0.55620957338086E+06 -0.12157699861822E+05  0.51115603557956E+05 -0.53711339701313E+04 -0.66379564618609E+04 -0.24759319925258E+03 -0.10334030537787E+03 -0.26198775885628E+05  0.29466938267306E+04 -0.25466975148547E+05 -0.14896210842457E+05  0.27941905375942E+08 -0.53114883935747E+07
   0.20025927665678E+07 -0.53069449422693E+06  0.10075526137271E+06  0.62168530073065E+06 -0.11756727024656E+06  0.58274289392534E+05  0.84367145407408E+05  0.73492929784337E+06 -0.13133307423161E+06 -0.36733457627981E+05  0.54839311853323E+04 -0.13090471432453E+04 -0.28238441612367E+03  0.13118883590114E+02 -0.55437485932683E+04  0.59386945938877E+03 -0.77341196917254E+04 -0.41521093731510E+04 -0.53114883935747E+07  0.27160402026322E+07

 # Covariance matrix (Bevington epsilon)
   0.35546119148060E-03 -0.74539570554891E-04 -0.68233187972480E-02  0.22074188274185E-03  0.10723570297937E-03  0.37503000329010E-03 -0.12167462036771E-02  0.47927616542817E-04  0.32613547924204E-04 -0.68194494476284E-03 -0.10516706593495E-01 -0.61218095595463E-04 -0.15867349053107E-02  0.40310954450123E-03  0.10588901846198E-03  0.19031730777306E-02  0.25876837990985E-03 -0.54810415601673E-03  0.37445534503563E-05 -0.33279611835094E-05  0.31241738159915E-03 -0.42519757097750E-03  0.77163788486969E-04  0.46212352416338E-04  0.39066547346021E-04 -0.44530054871733E-04  0.29775352959064E-04  0.45580629840806E-04  0.40217548992221E-04 -0.46795524038967E-04 -0.20590882120610E-04  0.34468174244648E-04  0.37749917487354E-04  0.35925077755580E-04 -0.51120802525973E-04 -0.54295950144089E-04  0.23449243561997E-05  0.86234697922981E-05  0.62544530236147E-04  0.87788543494698E-05
  -0.74539570554892E-04  0.13780040271057E-03  0.22263227318555E-02  0.88388955498913E-04  0.65136412362913E-03 -0.26208326489954E-03  0.36017240065922E-03 -0.61222683886130E-05 -0.42736510691044E-05  0.54289234757159E-03  0.28985352327137E-02  0.81355110257905E-04 -0.37065359410376E-05  0.73225480240321E-02 -0.14057846920794E-04  0.52451754060169E-03  0.11867442170870E-03 -0.71178469734264E-04 -0.21307887503376E-05  0.18118092904648E-05 -0.14542121192946E-02  0.39952983608671E-03  0.65219541852148E-04  0.66584222180885E-05  0.48204934910729E-05 -0.45188262987054E-04  0.34336390912977E-05  0.77596903042967E-06  0.25489333345212E-05  0.23510839337326E-04  0.73005356555763E-05  0.52851236120404E-06  0.91469111993217E-05  0.91413365392254E-05 -0.50101714246373E-05 -0.15434455346942E-05 -0.49859956565769E-07 -0.15990574167358E-06 -0.14780635498636E-05 -0.67839755442789E-05
  -0.68233187972480E-02  0.22263227318555E-02  0.13844416540055E+00 -0.30224280398388E-02  0.34714384259355E-02 -0.89682565400345E-02  0.24566923559858E-01 -0.87600943637587E-03 -0.60032304561484E-03  0.16597801777809E-01  0.21914078125065E+00  0.16733088330855E-02  0.33325764018246E-01  0.76777547848923E-01 -0.18057721733828E-02 -0.19010087152192E-01 -0.27635096906462E-02  0.85779719049080E-02 -0.77583004429017E-04  0.78006802479812E-04 -0.13712272737276E-01  0.99310668204417E-02 -0.77343796979626E-03 -0.63009124635356E-03 -0.51778162920090E-03  0.94774657471935E-03 -0.37037143783487E-03 -0.60769793278684E-03 -0.51757958496757E-03  0.15636294596466E-02  0.94899598461654E-03 -0.56830385702187E-03 -0.42197877655667E-03 -0.42882002658377E-03  0.76877009738377E-03  0.83501231790588E-03 -0.36859278845860E-04 -0.13345067500493E-03 -0.96225416418408E-03 -0.16217074603581E-03
   0.22074188274185E-03  0.88388955498914E-04 -0.30224280398388E-02  0.13427485069070E-02  0.50137871671852E-02 -0.21819689155279E-02 -0.30071069455341E-03  0.31449662716265E-04  0.18150755098620E-04 -0.45884362046015E-03 -0.82140559205593E-02  0.34897193906825E-03 -0.36539440504486E-02  0.53616558915250E-01  0.51308118297294E-03  0.16405904465669E-01 -0.53414037021885E-03  0.28263477606500E-02  0.10414173437399E-04  0.13998931225432E-04 -0.24357289432689E-02  0.71221950243820E-03  0.31320207521990E-03  0.62239926944892E-04  0.56811480223839E-04 -0.82511846957585E-04  0.35462463607122E-04  0.64522127712886E-04  0.58912417592216E-04  0.18963051956552E-04 -0.27511593111845E-04  0.32318037041486E-04  0.60675471018687E-04  0.41891550889589E-04 -0.58691044614489E-04 -0.54942882711603E-04  0.25854119070029E-05  0.11899934720468E-04  0.63912027037458E-04  0.29695272097869E-05
   0.10723570297937E-03  0.65136412362913E-03  0.34714384259354E-02  0.50137871671851E-02  0.26811166109972E-01 -0.13538394156051E-01  0.11202646328375E-01 -0.22818732752497E-04 -0.28177336700032E-04  0.31404295983450E-02  0.14777717442369E-01  0.86505458098530E-03 -0.60004784319320E-02  0.27022519343191E+00  0.15213826620827E-02  0.52118540121511E-01 -0.33315020507771E-02  0.12096938216758E-01  0.15138084168896E-05  0.19284218079253E-05 -0.79246322140827E-02  0.14566331663550E-02  0.95120280134228E-03  0.16874942308895E-03  0.12967413851815E-03 -0.23317256701707E-03  0.15809812537244E-03  0.13418645653278E-03  0.94328372211299E-04  0.28623580657440E-03  0.10824837204239E-03  0.51272906682966E-04  0.13839266310994E-03 -0.19367087773498E-05 -0.10890412778198E-03 -0.10858269401015E-03  0.66237685187121E-05  0.31806305278174E-04  0.17112937275046E-03  0.76789503451088E-04
   0.37503000329010E-03 -0.26208326489954E-03 -0.89682565400344E-02 -0.21819689155279E-02 -0.13538394156051E-01  0.87234363558299E-02 -0.94989028389961E-02  0.10033261956979E-03  0.75199508741668E-04 -0.23121828597678E-02 -0.28043277087322E-01  0.65846980854515E-04 -0.19037356325891E-02 -0.20353941720462E+00 -0.57121550138500E-03 -0.28573794355751E-01  0.16227613790407E-02 -0.71403899769668E-02 -0.21684368772342E-05 -0.62879751538109E-05  0.47388886525766E-02 -0.14801507745853E-02 -0.44386997190185E-03 -0.20944537361664E-04 -0.26386996541851E-04 -0.13515765705143E-03 -0.86303828954784E-04 -0.11462214033705E-04 -0.67176241777223E-05 -0.26542456449921E-03 -0.19498904666399E-03  0.22863498477500E-04 -0.19034128345459E-04  0.44753923474884E-04 -0.43994057216620E-05 -0.15816263199833E-04 -0.67286152867629E-06 -0.39626360163347E-05 -0.17107419611237E-04 -0.69348691805406E-04
  -0.12167462036771E-02  0.36017240065922E-03  0.24566923559858E-01 -0.30071069455344E-03  0.11202646328375E-01 -0.94989028389961E-02  0.21789515105737E-01 -0.25604316197108E-03 -0.17614705119366E-03  0.87197088462752E-02  0.88293874859460E-01 -0.13995526353446E-02  0.19533398422101E-01  0.14244311997251E+00 -0.76907831683792E-03 -0.78464228301377E-02 -0.63965413862076E-03  0.12242585806331E-02 -0.46416518911478E-04 -0.70333072132419E-04  0.10228054552250E-03 -0.10007308445791E-02 -0.17327795007436E-03 -0.75360994279349E-04 -0.72862360808160E-04  0.36186042651965E-03  0.11522451781704E-03 -0.11262256843047E-03 -0.12575026617313E-03  0.57964322730584E-03  0.62662790154709E-03 -0.11790514450132E-03 -0.77376874682442E-04 -0.18024834252155E-03  0.11444792286036E-03  0.10563050885780E-03 -0.35646792679223E-05 -0.16664040862778E-04 -0.58396113806657E-04  0.17673434116309E-03
   0.47927616542817E-04 -0.61222683886129E-05 -0.87600943637586E-03  0.31449662716264E-04 -0.22818732752501E-04  0.10033261956979E-03 -0.25604316197107E-03  0.25806480140616E-04  0.19372858562241E-04 -0.27240812534797E-03 -0.45922586930806E-02  0.16715965769240E-04 -0.35340428322036E-03 -0.25290678120080E-02 -0.25248583580370E-04  0.48841491240514E-04  0.19515125836097E-03 -0.28093694077022E-03  0.48767995266274E-06  0.32730716197431E-07 -0.76426751297109E-04  0.52601405425621E-05  0.15699909925671E-04  0.88793432120167E-05  0.78342028113086E-05  0.47737889072990E-05  0.88033767477468E-05  0.90797419055658E-05  0.81208494566715E-05  0.14382409472383E-05  0.23185237154743E-05  0.92523283092273E-05  0.81389129760873E-05  0.76801874877362E-05 -0.35593903527236E-06 -0.17346658928539E-06  0.38947165608286E-06  0.15644386264551E-05  0.12682930344857E-04  0.11789881819206E-05
   0.32613547924204E-04 -0.42736510691043E-05 -0.60032304561484E-03  0.18150755098619E-04 -0.28177336700036E-04  0.75199508741670E-04 -0.17614705119366E-03  0.19372858562241E-04  0.15362561678307E-04 -0.18593709970756E-03 -0.33562691082321E-02  0.97882861771733E-05 -0.23122586269069E-03 -0.19658291530012E-02 -0.33030515165830E-04 -0.22251740075908E-03  0.15833955144594E-03 -0.25303277134823E-03  0.30826438492690E-06  0.13056760399493E-07 -0.54559891481666E-04  0.55538145167220E-05  0.10005612237813E-04  0.58003087664374E-05  0.50773382420087E-05  0.20652278717182E-05  0.61166273046946E-05  0.58320570692882E-05  0.51627611547612E-05 -0.17096524956772E-06  0.60705652687475E-06  0.63762107611621E-05  0.51983237370926E-05  0.49125043616978E-05  0.77067491760696E-06  0.76269124612518E-06  0.23894428232307E-06  0.21847992537437E-06  0.81269865355440E-05  0.67747537743959E-06
  -0.68194494476284E-03  0.54289234757159E-03  0.16597801777809E-01 -0.45884362046008E-03  0.31404295983452E-02 -0.23121828597679E-02  0.87197088462752E-02 -0.27240812534797E-03 -0.18593709970756E-03  0.22127435247613E-01  0.11503974846994E+00 -0.15783837323223E-02  0.30887953807406E-01 -0.11799000936185E-01 -0.41448227114441E-03 -0.43087755942564E-01 -0.93502170884424E-02  0.88952379931662E-02 -0.18680386418662E-04  0.22650594937254E-04  0.63104022100134E-02 -0.17790292430111E-02 -0.86297812839732E-03 -0.60603898685818E-04 -0.49943642163884E-05 -0.17314775903261E-02  0.54819401462996E-04 -0.83947421471823E-04 -0.25318024149185E-04 -0.13965125580088E-04  0.11004970524225E-04 -0.33627063766251E-04 -0.65966110063436E-04 -0.30730710869861E-04  0.51471023831824E-03  0.35102491234684E-03 -0.53867351973773E-05 -0.32098202210221E-04 -0.10973936752463E-03 -0.16471651861389E-03
  -0.10516706593495E-01  0.28985352327137E-02  0.21914078125065E+00 -0.82140559205590E-02  0.14777717442370E-01 -0.28043277087323E-01  0.88293874859459E-01 -0.45922586930806E-02 -0.33562691082321E-02  0.11503974846994E+00  0.12666455330410E+01 -0.83487923603003E-02  0.18501516230698E+00  0.29736791761794E+00 -0.56743217300107E-03 -0.21958736648758E+00 -0.47535523059007E-01  0.31039885157223E-01 -0.18905266128468E-03 -0.15501489065687E-03  0.51721063992194E-01 -0.23106580810318E-01 -0.53005922938391E-02 -0.37374778059229E-03  0.13675688858282E-03  0.27476351408903E-02  0.60393256826768E-03 -0.32712424244270E-03  0.19089713190738E-03  0.67268651860225E-02  0.69311276750912E-02 -0.17140876490808E-02 -0.11300433633591E-03  0.12151220659232E-03 -0.40333386427541E-05 -0.78490802006349E-03 -0.12705364865173E-04 -0.87651979210453E-04 -0.20505302481042E-03 -0.83531524801415E-04
  -0.61218095595464E-04  0.81355110257905E-04  0.16733088330855E-02  0.34897193906825E-03  0.86505458098531E-03  0.65846980854507E-04 -0.13995526353446E-02  0.16715965769240E-04  0.97882861771733E-05 -0.15783837323223E-02 -0.83487923603003E-02  0.24659290134366E-02 -0.27705257311671E-01 -0.72472091247623E-01  0.25056893002448E-03  0.19351842122544E-02 -0.53484044877000E-03  0.79681124918140E-03  0.14651595096764E-05 -0.16217240308857E-04 -0.10501942908638E-02  0.47058607140257E-03  0.61981896214826E-06 -0.34345618616681E-05 -0.11226596783509E-04  0.72491020001708E-04 -0.10665107244526E-04  0.91979065026271E-05 -0.52707040900436E-05  0.10936636546062E-03 -0.25846821692236E-04 -0.58073969631196E-05  0.18935964739811E-04 -0.24852558176740E-05 -0.21288116913917E-05 -0.58096247395537E-05  0.14313164452350E-06  0.25764685521331E-05  0.28503028268240E-05  0.47894682494009E-04
  -0.15867349053106E-02 -0.37065359410482E-05  0.33325764018245E-01 -0.36539440504486E-02 -0.60004784319323E-02 -0.19037356325889E-02  0.19533398422101E-01 -0.35340428322036E-03 -0.23122586269069E-03  0.30887953807406E-01  0.18501516230698E+00 -0.27705257311671E-01  0.45078212457409E+00  0.89025798116177E+00 -0.36340989401722E-02 -0.41194283588448E-01  0.99707291646804E-02 -0.19177054204687E-01 -0.25754592387571E-04  0.36375402178131E-03  0.12703659024152E-01 -0.55258019330571E-02  0.82645631235852E-03  0.21121658364731E-03  0.29331460359896E-03 -0.66502008340604E-03  0.29463666315571E-03  0.72382782392101E-04  0.24322234609549E-03  0.12193627146130E-02  0.12919078303423E-02  0.50562347983946E-04 -0.73664560069353E-04  0.17702004506998E-03 -0.30804668721367E-03 -0.27118841932115E-03  0.73741767328731E-05  0.26935247659861E-04 -0.19067142787841E-04 -0.94430685867509E-03
   0.40310954450146E-03  0.73225480240322E-02  0.76777547848921E-01  0.53616558915250E-01  0.27022519343191E+00 -0.20353941720462E+00  0.14244311997251E+00 -0.25290678120079E-02 -0.19658291530011E-02 -0.11799000936191E-01  0.29736791761791E+00 -0.72472091247623E-01  0.89025798116178E+00  0.33081084077740E+02  0.22171256682271E-01  0.17539145816302E+01 -0.38696065731403E-01  0.36193381612236E+00  0.42348026920184E-03  0.21348498045305E-02 -0.18515614884990E+00  0.91780928522443E-01  0.23258758749959E-01  0.35445812602654E-02  0.21343035242592E-02  0.72758204942003E-02  0.81376844157505E-02  0.35369207018240E-02  0.21753090828925E-02  0.11899791192910E-01  0.26625017130007E-02  0.33868895278848E-02  0.27316184406010E-02  0.12166460059583E-02  0.32038553165900E-03  0.15007720235800E-02  0.18467842320587E-03  0.64130113630083E-03 -0.97474514323819E-03 -0.37575989278025E-02
   0.10588901846199E-03 -0.14057846920791E-04 -0.18057721733829E-02  0.51308118297297E-03  0.15213826620828E-02 -0.57121550138506E-03 -0.76907831683790E-03 -0.25248583580367E-04 -0.33030515165829E-04 -0.41448227114451E-03 -0.56743217300170E-03  0.25056893002447E-03 -0.36340989401722E-02  0.22171256682273E-01  0.14596796997920E-02  0.30250854736874E-01 -0.31507708633320E-02  0.86009082739589E-02  0.53459278876019E-05  0.64490876552376E-05  0.12845670525902E-03  0.16966579486698E-03  0.37099993575718E-04  0.20649954547315E-04  0.19278344510629E-04 -0.24118734923329E-04 -0.26632863526752E-04  0.28241707744614E-04  0.26980347706522E-04 -0.40733310045671E-04 -0.55636571139052E-04  0.15612763566675E-04  0.23745166738536E-04  0.21493395069863E-04 -0.21605664698665E-05  0.71106408426135E-05  0.11820709005269E-05  0.47155017155223E-05  0.18821697727727E-04 -0.29830633571696E-05
   0.19031730777309E-02  0.52451754060174E-03 -0.19010087152196E-01  0.16405904465669E-01  0.52118540121513E-01 -0.28573794355752E-01 -0.78464228301371E-02  0.48841491240622E-04 -0.22251740075900E-03 -0.43087755942568E-01 -0.21958736648761E+00  0.19351842122543E-02 -0.41194283588446E-01  0.17539145816302E+01  0.30250854736873E-01  0.13167733833037E+01  0.11890131456097E-01  0.17972210839841E+00  0.13848048788561E-03  0.64042829824407E-03 -0.60434732190413E-01  0.36696162878441E-01  0.79081844503284E-02  0.79169943440021E-03  0.75048160619801E-03 -0.43977145290457E-03 -0.14809110371781E-03  0.14100604634763E-02  0.12867013205976E-02 -0.38871527173694E-04 -0.67799825084138E-03  0.80276600373766E-03  0.13409862779752E-02  0.10796146628604E-02 -0.33344526753250E-02 -0.14090683842289E-02  0.44121416778190E-04  0.20904520486075E-03  0.42136340091505E-03  0.28264505141876E-03
   0.25876837990983E-03  0.11867442170869E-03 -0.27635096906460E-02 -0.53414037021904E-03 -0.33315020507779E-02  0.16227613790411E-02 -0.63965413862087E-03  0.19515125836098E-03  0.15833955144595E-03 -0.93502170884423E-02 -0.47535523059007E-01 -0.53484044877000E-03  0.99707291646805E-02 -0.38696065731420E-01 -0.31507708633322E-02  0.11890131456086E-01  0.27192386009492E-01 -0.40355701461242E-01 -0.92069940991733E-05  0.30664230695509E-04 -0.13266352774293E-01  0.36625383314368E-02  0.17021449153299E-02  0.12191174015797E-03  0.90011761222857E-04  0.49121613438949E-03  0.18951905151767E-03  0.19029851080048E-03  0.15053921711646E-03  0.55080837494556E-03  0.55153220131096E-03  0.22005818638875E-04  0.21345480796535E-03  0.15915206981527E-03 -0.12191523577341E-02 -0.91657781987394E-03  0.11663365964280E-04  0.49136289090018E-04  0.25543038069439E-03  0.18100757251610E-03
  -0.54810415601665E-03 -0.71178469734243E-04  0.85779719049070E-02  0.28263477606504E-02  0.12096938216759E-01 -0.71403899769676E-02  0.12242585806334E-02 -0.28093694077020E-03 -0.25303277134822E-03  0.88952379931655E-02  0.31039885157218E-01  0.79681124918138E-03 -0.19177054204687E-01  0.36193381612239E+00  0.86009082739591E-02  0.17972210839842E+00 -0.40355701461241E-01  0.92878274624014E-01  0.31166776709241E-04  0.73935105871953E-04  0.10518206734545E-01  0.17532402820811E-02 -0.16935112792350E-02 -0.20701414735015E-03 -0.15513497507475E-03 -0.12931372002985E-02 -0.41448800406292E-03 -0.23157290356871E-03 -0.18598988361845E-03 -0.12545420390954E-02 -0.13622665597087E-02  0.10983079150905E-03 -0.27376884351747E-03 -0.22047902307154E-03  0.17734030002585E-02  0.16122259670335E-02 -0.21195733462713E-04 -0.86311348037104E-04 -0.58247374910915E-03 -0.30509297072526E-03
   0.37445534503564E-05 -0.21307887503376E-05 -0.77583004429018E-04  0.10414173437399E-04  0.15138084168902E-05 -0.21684368772345E-05 -0.46416518911477E-04  0.48767995266275E-06  0.30826438492691E-06 -0.18680386418663E-04 -0.18905266128468E-03  0.14651595096764E-05 -0.25754592387571E-04  0.42348026920185E-03  0.53459278876018E-05  0.13848048788561E-03 -0.92069940991720E-05  0.31166776709239E-04  0.46148821731495E-06  0.42381409400038E-06 -0.37103263096999E-04  0.15914541735960E-04  0.24635667843592E-05  0.38197638673993E-06  0.66792675792562E-06 -0.84308033574492E-06  0.88183593927424E-07  0.64376863569482E-06  0.77675239446288E-06 -0.11188494401072E-05 -0.13804260658390E-05  0.37866094243935E-06  0.73891952656647E-06  0.81362859844268E-06 -0.31732301873330E-06 -0.26356360274949E-06  0.18241243692310E-07  0.82128621184245E-07  0.36679303412809E-06 -0.47053616670629E-06
  -0.33279611835092E-05  0.18118092904648E-05  0.78006802479808E-04  0.13998931225433E-04  0.19284218079263E-05 -0.62879751538113E-05 -0.70333072132419E-04  0.32730716197502E-07  0.13056760399549E-07  0.22650594937252E-04 -0.15501489065689E-03 -0.16217240308858E-04  0.36375402178131E-03  0.21348498045304E-02  0.64490876552368E-05  0.64042829824407E-03  0.30664230695514E-04  0.73935105871944E-04  0.42381409400038E-06  0.52648594955721E-05 -0.80799193814480E-04  0.54938372660726E-04  0.19185654902540E-04 -0.87376427856523E-06  0.30091164379277E-05 -0.13120099852803E-04 -0.92266922068387E-06 -0.12166209877361E-05  0.27599788691334E-05 -0.39865622125615E-05 -0.60699314555600E-05  0.83743544532851E-06 -0.19833716984558E-05  0.19596910844089E-05  0.13756508823978E-06  0.15078395289090E-05 -0.44041756929487E-07 -0.17688913035362E-06 -0.22489785385831E-05 -0.70460142998197E-05
   0.31241738159917E-03 -0.14542121192946E-02 -0.13712272737276E-01 -0.24357289432688E-02 -0.79246322140824E-02  0.47388886525765E-02  0.10228054552243E-03 -0.76426751297110E-04 -0.54559891481669E-04  0.63104022100135E-02  0.51721063992194E-01 -0.10501942908638E-02  0.12703659024152E-01 -0.18515614884989E+00  0.12845670525921E-03 -0.60434732190407E-01 -0.13266352774294E-01  0.10518206734546E-01 -0.37103263096998E-04 -0.80799193814477E-04  0.54079461699646E-01 -0.18394145923391E-01 -0.27894828364559E-02 -0.44265339199744E-04 -0.92384157147374E-05  0.72132464900482E-03  0.55884436256026E-04 -0.70767735360451E-04 -0.29035991269145E-04  0.35798353823637E-03  0.54893755141419E-03 -0.51382620064189E-04 -0.29987056400007E-03 -0.22158453127007E-03  0.58683791923566E-03  0.31083453978297E-03  0.30215681510714E-06  0.16782928787297E-05  0.82682037139178E-04 -0.61028489825133E-04
  -0.42519757097750E-03  0.39952983608670E-03  0.99310668204416E-02  0.71221950243820E-03  0.14566331663550E-02 -0.14801507745853E-02 -0.10007308445790E-02  0.52601405425651E-05  0.55538145167246E-05 -0.17790292430112E-02 -0.23106580810319E-01  0.47058607140256E-03 -0.55258019330570E-02  0.91780928522441E-01  0.16966579486693E-03  0.36696162878440E-01  0.36625383314371E-02  0.17532402820806E-02  0.15914541735960E-04  0.54938372660726E-04 -0.18394145923391E-01  0.93665295582615E-02  0.44904017087027E-03 -0.74969397896852E-04 -0.81241170911691E-04 -0.65112628573924E-03 -0.11381603589551E-03  0.86366695756060E-05 -0.93654736854746E-05 -0.37623628239954E-03 -0.47972760591874E-03  0.29267686093617E-04  0.63067721178966E-04  0.43453370633428E-04  0.29955315219698E-04  0.14120314255562E-03 -0.63981134684514E-05 -0.27860425215807E-04 -0.20451760575843E-03 -0.20241841053176E-04
   0.77163788486967E-04  0.65219541852149E-04 -0.77343796979624E-03  0.31320207521989E-03  0.95120280134224E-03 -0.44386997190183E-03 -0.17327795007436E-03  0.15699909925671E-04  0.10005612237813E-04 -0.86297812839733E-03 -0.53005922938391E-02  0.61981896214757E-06  0.82645631235854E-03  0.23258758749958E-01  0.37099993575692E-04  0.79081844503276E-02  0.17021449153300E-02 -0.16935112792353E-02  0.24635667843590E-05  0.19185654902540E-04 -0.27894828364559E-02  0.44904017087027E-03  0.53692860195220E-03  0.30863493976155E-04  0.27597776360440E-04  0.11960160536482E-04  0.17453811731460E-04  0.14363415913399E-04  0.55549906354130E-05  0.45747595971328E-04  0.26421657221128E-04  0.12115264185047E-04  0.16364669647879E-04 -0.41215049118337E-06 -0.11276281940719E-03 -0.87423037630828E-04  0.16592967078946E-05  0.66644813508870E-05  0.34128051252406E-04  0.14014067455659E-04
   0.46212352416337E-04  0.66584222180887E-05 -0.63009124635356E-03  0.62239926944891E-04  0.16874942308894E-03 -0.20944537361662E-04 -0.75360994279348E-04  0.88793432120167E-05  0.58003087664375E-05 -0.60603898685819E-04 -0.37374778059228E-03 -0.34345618616681E-05  0.21121658364731E-03  0.35445812602653E-02  0.20649954547312E-04  0.79169943440013E-03  0.12191174015798E-03 -0.20701414735018E-03  0.38197638673991E-06 -0.87376427856527E-06 -0.44265339199748E-04 -0.74969397896852E-04  0.30863493976156E-04  0.29264284073379E-04  0.19256055754731E-04  0.48320837074135E-04  0.17447615141265E-04  0.22302226652060E-04  0.21195295703773E-04  0.47537133568275E-04  0.47410825986319E-04  0.80591049564020E-05  0.21656698909064E-04  0.19595616059573E-04 -0.17442553074978E-04 -0.19195599254883E-04  0.82271465080365E-06  0.32781913036279E-05  0.24510732092192E-04  0.45365276049124E-05
   0.39066547346021E-04  0.48204934910730E-05 -0.51778162920089E-03  0.56811480223838E-04  0.12967413851815E-03 -0.26386996541850E-04 -0.72862360808160E-04  0.78342028113087E-05  0.50773382420088E-05 -0.49943642163905E-05  0.13675688858281E-03 -0.11226596783509E-04  0.29331460359896E-03  0.21343035242591E-02  0.19278344510627E-04  0.75048160619795E-03  0.90011761222867E-04 -0.15513497507477E-03  0.66792675792561E-06  0.30091164379277E-05 -0.92384157147420E-05 -0.81241170911691E-04  0.27597776360440E-04  0.19256055754731E-04  0.38864312967871E-04  0.51005763101456E-04  0.18023600499509E-04  0.20890763612186E-04  0.25696506845187E-04  0.50076464526894E-04  0.51459784372520E-04  0.67041852068483E-05  0.20125554071624E-04  0.23888603397440E-04 -0.16422438281590E-04 -0.18337532065443E-04  0.80076695449266E-06  0.33132319695251E-05  0.24515914355874E-04 -0.95716162685317E-06
  -0.44530054871735E-04 -0.45188262987054E-04  0.94774657471938E-03 -0.82511846957592E-04 -0.23317256701710E-03 -0.13515765705142E-03  0.36186042651965E-03  0.47737889072987E-05  0.20652278717180E-05 -0.17314775903260E-02  0.27476351408903E-02  0.72491020001707E-04 -0.66502008340603E-03  0.72758204941998E-02 -0.24118734923333E-04 -0.43977145290479E-03  0.49121613438947E-03 -0.12931372002985E-02 -0.84308033574498E-06 -0.13120099852803E-04  0.72132464900485E-03 -0.65112628573924E-03  0.11960160536479E-04  0.48320837074134E-04  0.51005763101455E-04  0.79611201358660E-03  0.58815495336266E-04  0.54026404252147E-04  0.56961048365901E-04  0.30354645106012E-03  0.30861910707270E-03 -0.10340033917718E-04  0.52457265727369E-04  0.52264268856357E-04 -0.70871682941887E-04 -0.76034875239935E-04  0.23474072413441E-05  0.10954894205942E-04  0.78121756259476E-04  0.35989169838049E-04
   0.29775352959064E-04  0.34336390912977E-05 -0.37037143783486E-03  0.35462463607120E-04  0.15809812537243E-03 -0.86303828954779E-04  0.11522451781704E-03  0.88033767477468E-05  0.61166273046946E-05  0.54819401462997E-04  0.60393256826770E-03 -0.10665107244526E-04  0.29463666315572E-03  0.81376844157503E-02 -0.26632863526754E-04 -0.14809110371792E-03  0.18951905151767E-03 -0.41448800406294E-03  0.88183593927405E-07 -0.92266922068393E-06  0.55884436256028E-04 -0.11381603589551E-03  0.17453811731459E-04  0.17447615141265E-04  0.18023600499509E-04  0.58815495336266E-04  0.56984809654623E-04  0.19168513314532E-04  0.19880303474706E-04  0.62414564035887E-04  0.61740692704389E-04  0.58422150803996E-05  0.18465429762023E-04  0.18083685719135E-04 -0.17259419591831E-04 -0.19186976286331E-04  0.87391492964351E-06  0.37401483544239E-05  0.25707475292613E-04  0.44217949626977E-05
   0.45580629840806E-04  0.77596903042980E-06 -0.60769793278684E-03  0.64522127712884E-04  0.13418645653278E-03 -0.11462214033702E-04 -0.11262256843047E-03  0.90797419055659E-05  0.58320570692883E-05 -0.83947421471826E-04 -0.32712424244272E-03  0.91979065026271E-05  0.72382782392103E-04  0.35369207018238E-02  0.28241707744610E-04  0.14100604634762E-02  0.19029851080049E-03 -0.23157290356874E-03  0.64376863569480E-06 -0.12166209877361E-05 -0.70767735360456E-04  0.86366695756052E-05  0.14363415913400E-04  0.22302226652060E-04  0.20890763612186E-04  0.54026404252148E-04  0.19168513314532E-04  0.30071044512575E-04  0.26907523630297E-04  0.55944571223707E-04  0.55447933923827E-04  0.82377087680915E-05  0.27654820478981E-04  0.25268141320724E-04 -0.22124097466799E-04 -0.22974182293377E-04  0.90500148800955E-06  0.36584715026579E-05  0.26644292424078E-04  0.62486193369875E-05
   0.40217548992221E-04  0.25489333345213E-05 -0.51757958496757E-03  0.58912417592215E-04  0.94328372211295E-04 -0.67176241777202E-05 -0.12575026617313E-03  0.81208494566717E-05  0.51627611547613E-05 -0.25318024149189E-04  0.19089713190736E-03 -0.52707040900437E-05  0.24322234609549E-03  0.21753090828924E-02  0.26980347706519E-04  0.12867013205976E-02  0.15053921711648E-03 -0.18598988361848E-03  0.77675239446286E-06  0.27599788691333E-05 -0.29035991269150E-04 -0.93654736854749E-05  0.55549906354135E-05  0.21195295703773E-04  0.25696506845187E-04  0.56961048365902E-04  0.19880303474706E-04  0.26907523630297E-04  0.33603921351578E-04  0.57814132162674E-04  0.59083763655343E-04  0.68361111353914E-05  0.26182414615903E-04  0.31257449597101E-04 -0.21872613469996E-04 -0.22955408327987E-04  0.90699153019151E-06  0.38045897771551E-05  0.27163900498175E-04 -0.61507763844179E-06
  -0.46795524038968E-04  0.23510839337326E-04  0.15636294596466E-02  0.18963051956546E-04  0.28623580657438E-03 -0.26542456449920E-03  0.57964322730584E-03  0.14382409472382E-05 -0.17096524956775E-06 -0.13965125580086E-04  0.67268651860226E-02  0.10936636546062E-03  0.12193627146130E-02  0.11899791192909E-01 -0.40733310045677E-04 -0.38871527173918E-04  0.55080837494556E-03 -0.12545420390954E-02 -0.11188494401072E-05 -0.39865622125616E-05  0.35798353823638E-03 -0.37623628239954E-03  0.45747595971326E-04  0.47537133568274E-04  0.50076464526894E-04  0.30354645106012E-03  0.62414564035887E-04  0.55944571223706E-04  0.57814132162674E-04  0.34084289839651E-03  0.24847398467699E-03 -0.46918425141506E-06  0.55547970118743E-04  0.52209805724139E-04 -0.67633856601529E-04 -0.72081505493210E-04  0.23815087346337E-05  0.10831871270854E-04  0.70029869718610E-04  0.19287971470011E-04
