# fitpack15: fit parameters                                                                         
# CJ15_AV18                                                                                         
# Created on 06/30/2015 at 21:07:37                                                                 

 # QCD setup
  INS	                    0
  NVL                          11
  IORD                          1
  Q02                   1.6899999999999999     
  IPARAMC                       7
  FLAVOR                4.0000000000000000     
  xmc                   1.3000000000000000     
  xmb                   4.5000000000000000     
  ncb                          12

 # Theory corrections
  inuke                     10324
  itmc                          1
  iht                           1

 # fit parameters
 LAMBDA       0.22680        0.0000    
 a0uv          2.3298        0.0000    
 a1uv         0.60697       0.20742E-01
 a2uv          3.5366       0.11296E-01
 a3uv          0.0000        0.0000    
 a4uv          3.5703       0.44259    
 a5uv          0.0000        0.0000    
 a0dv          24.314        0.0000    
 a1dv          1.1465       0.33950E-01
 a2dv          6.7181       0.15762    
 a3dv         -3.6208       0.87376E-01
 a4dv          4.9918       0.14290    
 a5dv          0.0000        0.0000    
 a0ud         0.14031       0.50262E-02
 a1ud        -0.21848       0.39542E-02
 a2ud          8.4007       0.14588    
 a3ud          0.0000        0.0000    
 a4ud          16.238        1.1467    
 a5ud          0.0000        0.0000    
 a0du          35712.        0.0000    
 a1du          3.9853       0.48591E-01
 a2du          20.277       0.65458    
 a3du          17.000        0.0000    
 a4du          52.753        8.3118    
 a0g           47.596        0.0000    
 a1g          0.61902       0.38727E-01
 a2g           6.3655        1.0921    
 a3g          -3.2913       0.16733    
 a4g           3.0934       0.32816    
 a5g           0.0000        0.0000    
 kappa        0.40000        0.0000    
 a6dv        -0.47125E-02   0.70071E-03
 a7dv          2.0000        0.0000    
 x0_KP        0.37251       0.68221E-01
 C_KP         0.13842       0.28716E-01
 ht1          -2.9851       0.23492    
 ht2           1.7564       0.97805E-01
 ht3          -2.0856       0.24233E-01
 ht4           0.0000        0.0000    
 dummy40       0.0000        0.0000    
 dummy41       0.0000        0.0000    
 dummy42       0.0000        0.0000    
 dummy43       0.0000        0.0000    
 dummy44       0.0000        0.0000    
 dummy45       0.0000        0.0000    
 dummy46       0.0000        0.0000    
 dummy47       0.0000        0.0000    
 dummy48       0.0000        0.0000    
 dummy49       0.0000        0.0000    
 bcdmsh2      0.97186       0.54652E-02
 bcdmsd2      0.99422       0.61612E-02
 ccfr          1.0000        0.0000    
 nutev         1.0000        0.0000    
 zeus         0.97998        0.0000    
 h1            1.0162        0.0000    
 e605          1.0394       0.28567E-01
 NmcH2         1.0167       0.76150E-02
 ntv_nu        1.0000        0.0000    
 ntv_nubar     1.0000        0.0000    
 cdf_jet      0.98910        0.0000    
 d0_jet       0.83504        0.0000    
 slac_p        1.0029       0.55334E-02
 slac_d        1.0052       0.57896E-02
 e866pp       0.98395       0.18967E-01
 e866pd       0.99491       0.17806E-01
 d0_gamjet     1.0369       0.16547E-01
 h1b          0.97608        0.0000    
 jlab_p       0.99293       0.63098E-02
 jlab_d       0.97851       0.64356E-02
 blank         1.0000        0.0000    
 d0run2       0.93661       0.15581E-01
 cdfrun2      0.92241       0.18102E-01
 HERA_el      0.99979       0.34135E-02
 HERA_ps      0.99524       0.31438E-02
 CDF_Z        0.97369       0.69027E-02
 NmcRat        1.0000        0.0000    
 BNS_F2nd     0.98408       0.66222E-02
 END 0. 0.

 # Hessian matrix (Bevington alpha)
   0.47134279986704E+07 -0.12695045836046E+07  0.22045769083171E+06  0.44445681524516E+06 -0.11366016776545E+06 -0.51845775412807E+05  0.33788857348886E+05  0.85423656185700E+06 -0.17726068734985E+06 -0.43386166726679E+05  0.56609074318727E+04  0.12827737096155E+05  0.14895468301130E+04 -0.10252861876041E+03 -0.20573960655996E+05  0.19815360831407E+04 -0.19007936684939E+05 -0.10028113935573E+05 -0.73071547567055E+07 -0.62348982284704E+05  0.92345926151888E+05
  -0.12695045836046E+07  0.40859938075158E+06 -0.60828514671932E+05 -0.13068094043099E+06  0.31691051126289E+05  0.14527157555370E+05 -0.75429512376440E+04 -0.13227903110957E+06  0.30374584088583E+05  0.71935541506448E+04 -0.82344129044411E+03 -0.11782642373401E+04 -0.12945122884804E+03  0.12197029916377E+02  0.36540864385880E+04 -0.44944270789563E+03  0.33379672558489E+04  0.20236525703592E+04  0.25122969933529E+07  0.16219706880142E+05 -0.32844613710947E+05
   0.22045769083171E+06 -0.60828514671932E+05  0.10387064096962E+05  0.21026659292510E+05 -0.54141795782555E+04 -0.25699695081222E+04  0.15384425915040E+04  0.31749689381612E+05 -0.67048354486247E+04 -0.18098661875295E+04  0.20846847370071E+03  0.41037099361918E+03  0.54367634397179E+02 -0.45658878628189E+01 -0.12792141426240E+04  0.12906007354991E+03 -0.11747043579953E+04 -0.63880565357689E+03 -0.35301761995915E+06 -0.29195418972022E+04  0.44938058793478E+04
   0.44445681524516E+06 -0.13068094043099E+06  0.21026659292510E+05  0.38907595590953E+06 -0.59208097657191E+05  0.63571645945338E+05  0.56692083302055E+05  0.34660846613213E+06 -0.25026016286188E+05 -0.17502095280241E+05  0.29034153200099E+04 -0.19495254093707E+04 -0.22310506895814E+03  0.62109741288723E+02  0.23564250872666E+05 -0.27391718617681E+04  0.21351868286098E+05  0.12482931586701E+05 -0.21578199276478E+07 -0.19547692508254E+05  0.17433932157537E+05
  -0.11366016776545E+06  0.31691051126289E+05 -0.54141795782555E+04 -0.59208097657191E+05  0.10555820055952E+05 -0.58630010357262E+04 -0.77856330516614E+04 -0.33656598405530E+05  0.96870575306508E+03  0.22813119571628E+04 -0.29583122720035E+03 -0.18328179209997E+02  0.96399756303754E+01 -0.56135476262150E+01 -0.17189024113762E+04  0.20493602077570E+03 -0.15006549193225E+04 -0.89660575132029E+03  0.44168581900451E+06  0.37879014609719E+04 -0.42908609711304E+04
  -0.51845775412807E+05  0.14527157555370E+05 -0.25699695081222E+04  0.63571645945338E+05 -0.58630010357262E+04  0.20838934383592E+05  0.12048784759791E+05  0.98156318241192E+05 -0.91854951003921E+04 -0.38824806078287E+04  0.80767491824608E+03 -0.96416946657415E+03 -0.93922894212149E+02  0.20010103338785E+02  0.74273863305795E+04 -0.87989287263932E+03  0.69209012017662E+04  0.40833670409221E+04  0.63864860252394E+04 -0.11525313709822E+04 -0.23318418183282E+04
   0.33788857348886E+05 -0.75429512376440E+04  0.15384425915040E+04  0.56692083302055E+05 -0.77856330516614E+04  0.12048784759791E+05  0.93485205316642E+04  0.56683528227957E+05 -0.36439523907409E+04 -0.28923532986807E+04  0.48217150884198E+03 -0.31589879604010E+03 -0.39580687352023E+02  0.10661488614996E+02  0.35782734137741E+04 -0.43288726763349E+03  0.32356177996733E+04  0.19449036261758E+04 -0.18991258738102E+06 -0.24048124526474E+04  0.65319473695495E+03
   0.85423656185700E+06 -0.13227903110957E+06  0.31749689381612E+05  0.34660846613213E+06 -0.33656598405530E+05  0.98156318241192E+05  0.56683528227957E+05  0.52559419320285E+07 -0.25667865495371E+07 -0.88439923740267E+05  0.23246535667090E+05  0.23077494237674E+05  0.17229314152653E+04  0.10199530071664E+03  0.55688578861599E+05 -0.71992192704470E+04  0.59227218694703E+05  0.33809558902343E+05 -0.60619617190615E+06 -0.13492543044892E+05 -0.70890979108237E+04
  -0.17726068734985E+06  0.30374584088583E+05 -0.67048354486247E+04 -0.25026016286188E+05  0.96870575306508E+03 -0.91854951003921E+04 -0.36439523907409E+04 -0.25667865495371E+07  0.22170710237753E+07  0.18842616373634E+05 -0.56028411898444E+04 -0.53162112774749E+04 -0.35693527234502E+03 -0.11975209931785E+02  0.45555727115027E+05 -0.23804808998361E+04  0.18467263052736E+05  0.97098968080380E+04 -0.10507952229508E+05  0.13810678777125E+04  0.19425674348010E+04
  -0.43386166726679E+05  0.71935541506448E+04 -0.18098661875295E+04 -0.17502095280241E+05  0.22813119571628E+04 -0.38824806078287E+04 -0.28923532986807E+04 -0.88439923740267E+05  0.18842616373634E+05  0.28084987893733E+04 -0.58459044704951E+03 -0.59135397787646E+03 -0.56923310895300E+02 -0.22402843459594E+01 -0.26837885484647E+04  0.32502588142346E+03 -0.24417826870650E+04 -0.14795190825709E+04  0.54190588749053E+05  0.90815110380923E+03 -0.40701449968467E+02
   0.56609074318727E+04 -0.82344129044411E+03  0.20846847370071E+03  0.29034153200099E+04 -0.29583122720035E+03  0.80767491824608E+03  0.48217150884198E+03  0.23246535667090E+05 -0.56028411898444E+04 -0.58459044704951E+03  0.14411579185622E+03  0.14996919718097E+03  0.11748766558516E+02  0.71510056374845E+00  0.80531692178126E+03 -0.86245877870358E+02  0.69806893450366E+03  0.39967547606654E+03 -0.55277951810613E+04 -0.10685348990237E+03 -0.44776689925678E+02
   0.12827737096155E+05 -0.11782642373401E+04  0.41037099361918E+03 -0.19495254093707E+04 -0.18328179209997E+02 -0.96416946657415E+03 -0.31589879604010E+03  0.23077494237674E+05 -0.53162112774749E+04 -0.59135397787646E+03  0.14996919718097E+03  0.28086770752744E+04  0.18311857222324E+03 -0.29414366400331E+00  0.62669048405044E+03 -0.94594700470364E+02  0.79968968471164E+03  0.49366350863781E+03 -0.68439670127609E+04 -0.40042774120961E+02  0.23705853261285E+03
   0.14895468301130E+04 -0.12945122884804E+03  0.54367634397179E+02 -0.22310506895814E+03  0.96399756303754E+01 -0.93922894212149E+02 -0.39580687352023E+02  0.17229314152653E+04 -0.35693527234502E+03 -0.56923310895300E+02  0.11748766558516E+02  0.18311857222324E+03  0.15770333853020E+02 -0.15220069872575E+00  0.25569154419975E+02 -0.56856279105741E+01  0.41100431064487E+02  0.29536793730470E+02 -0.25016274267535E+03  0.34162925903680E+01  0.20158380986507E+02
  -0.10252861876041E+03  0.12197029916377E+02 -0.45658878628189E+01  0.62109741288723E+02 -0.56135476262150E+01  0.20010103338785E+02  0.10661488614996E+02  0.10199530071664E+03 -0.11975209931785E+02 -0.22402843459594E+01  0.71510056374845E+00 -0.29414366400331E+00 -0.15220069872575E+00  0.57508282869226E-01  0.13646334858397E+02 -0.12270583052290E+01  0.10350366731682E+02  0.54714021294936E+01 -0.93337773729616E+02 -0.18472484104242E+01 -0.11087968163049E+01
  -0.20573960655996E+05  0.36540864385880E+04 -0.12792141426240E+04  0.23564250872666E+05 -0.17189024113762E+04  0.74273863305795E+04  0.35782734137741E+04  0.55688578861599E+05  0.45555727115027E+05 -0.26837885484647E+04  0.80531692178126E+03  0.62669048405044E+03  0.25569154419975E+02  0.13646334858397E+02  0.27144012611217E+05 -0.24418008774215E+04  0.20186925248597E+05  0.11067602871697E+05 -0.27841998715137E+05  0.21290227883587E+03 -0.13543163373120E+03
   0.19815360831407E+04 -0.44944270789563E+03  0.12906007354991E+03 -0.27391718617681E+04  0.20493602077570E+03 -0.87989287263932E+03 -0.43288726763349E+03 -0.71992192704470E+04 -0.23804808998361E+04  0.32502588142346E+03 -0.86245877870358E+02 -0.94594700470364E+02 -0.56856279105741E+01 -0.12270583052290E+01 -0.24418008774215E+04  0.25578345654965E+03 -0.20891306207220E+04 -0.11927619249230E+04  0.31020448427493E+04 -0.31260386656708E+02  0.42880703953089E+02
  -0.19007936684939E+05  0.33379672558489E+04 -0.11747043579953E+04  0.21351868286098E+05 -0.15006549193225E+04  0.69209012017662E+04  0.32356177996733E+04  0.59227218694703E+05  0.18467263052736E+05 -0.24417826870650E+04  0.69806893450366E+03  0.79968968471164E+03  0.41100431064487E+02  0.10350366731682E+02  0.20186925248597E+05 -0.20891306207220E+04  0.17405344442062E+05  0.98376482365184E+04 -0.25547501117264E+05  0.26448460275992E+03 -0.87394176496810E+02
  -0.10028113935573E+05  0.20236525703592E+04 -0.63880565357689E+03  0.12482931586701E+05 -0.89660575132029E+03  0.40833670409221E+04  0.19449036261758E+04  0.33809558902343E+05  0.97098968080380E+04 -0.14795190825709E+04  0.39967547606654E+03  0.49366350863781E+03  0.29536793730470E+02  0.54714021294936E+01  0.11067602871697E+05 -0.11927619249230E+04  0.98376482365184E+04  0.56464335737426E+04 -0.14840656479773E+05  0.16886566917272E+03 -0.12346412476112E+03
  -0.73071547567055E+07  0.25122969933529E+07 -0.35301761995915E+06 -0.21578199276478E+07  0.44168581900451E+06  0.63864860252394E+04 -0.18991258738102E+06 -0.60619617190615E+06 -0.10507952229508E+05  0.54190588749053E+05 -0.55277951810613E+04 -0.68439670127609E+04 -0.25016274267535E+03 -0.93337773729616E+02 -0.27841998715137E+05  0.31020448427493E+04 -0.25547501117264E+05 -0.14840656479773E+05  0.31562402731581E+08  0.17432037896367E+06 -0.36364778698416E+06
  -0.62348982284704E+05  0.16219706880142E+05 -0.29195418972022E+04 -0.19547692508254E+05  0.37879014609719E+04 -0.11525313709822E+04 -0.24048124526474E+04 -0.13492543044892E+05  0.13810678777125E+04  0.90815110380923E+03 -0.10685348990237E+03 -0.40042774120961E+02  0.34162925903680E+01 -0.18472484104242E+01  0.21290227883587E+03 -0.31260386656708E+02  0.26448460275992E+03  0.16886566917272E+03  0.17432037896367E+06  0.25270897276631E+04 -0.22835733563866E+04
   0.92345926151888E+05 -0.32844613710947E+05  0.44938058793478E+04  0.17433932157537E+05 -0.42908609711304E+04 -0.23318418183282E+04  0.65319473695495E+03 -0.70890979108237E+04  0.19425674348010E+04 -0.40701449968467E+02 -0.44776689925678E+02  0.23705853261285E+03  0.20158380986507E+02 -0.11087968163049E+01 -0.13543163373120E+03  0.42880703953089E+02 -0.87394176496810E+02 -0.12346412476112E+03 -0.36364778698416E+06 -0.22835733563866E+04  0.65689496590645E+04

 # Covariance matrix (Bevington epsilon)
   0.43024523244191E-03 -0.68208101757372E-04 -0.89739190964896E-02  0.21128736573777E-03  0.95987570105782E-04  0.40258534607195E-03 -0.12465604754140E-02  0.48784132341553E-04  0.33920027117566E-04 -0.73424209084771E-03 -0.12509140037727E-01 -0.98416658091376E-04 -0.10486677721400E-02  0.30617478269594E-01  0.11263176855786E-03  0.11877652227620E-02 -0.57347370967415E-05 -0.24802988279229E-03  0.36541702791828E-05  0.85337973795149E-04 -0.35003583749770E-05  0.69682010009177E-03 -0.63387849334604E-03 -0.12422607937918E-04  0.46971303228103E-04  0.41344258599469E-04 -0.79284877311634E-04  0.32904435107235E-04  0.47250780652639E-04  0.40118169507744E-04 -0.79370342629008E-04 -0.62745658530664E-04  0.42021041191558E-04  0.44435715113249E-04  0.37316591128186E-04 -0.36819705087614E-04 -0.44834826498717E-04  0.25014900553694E-05  0.85739490734070E-05  0.57808439817630E-04  0.22705692637217E-06
  -0.68208101757373E-04  0.12759057723267E-03  0.22472378528591E-02  0.95053046587097E-04  0.62768940226659E-03 -0.22819111484277E-03  0.29094959573242E-03 -0.38779607090899E-05 -0.28361442528879E-05  0.48950556007795E-03  0.26665091230545E-02  0.93546975312153E-04 -0.39201997238051E-03  0.36694442339299E-02 -0.64820345954215E-05  0.86206162823649E-03  0.16279641674938E-03 -0.10241819430781E-03 -0.12337896849277E-05  0.99099671289555E-05  0.66587678897131E-05 -0.14813421392842E-02  0.40205267308966E-03  0.85354555972347E-04  0.89888723163916E-05  0.53156736962586E-05 -0.37328767949155E-04  0.45713159285918E-05  0.29616667561929E-05  0.36938409589088E-05  0.26943447422624E-04  0.14956580358619E-04  0.82151050646277E-06  0.94700693296414E-05  0.99538458610062E-05 -0.10729619361576E-04 -0.65585906476226E-05  0.62032703768591E-07  0.37370468833491E-06  0.31597204026810E-05 -0.22117927133780E-05
  -0.89739190964896E-02  0.22472378528591E-02  0.19589000550037E+00 -0.31725750234290E-02  0.33155691944310E-02 -0.99306687237676E-02  0.26992331683665E-01 -0.96253714353928E-03 -0.67445714857547E-03  0.18814359874560E-01  0.28156289814531E+00  0.26192821641648E-02  0.21711094812405E-01 -0.59623613319078E+00 -0.20685546908934E-02 -0.40427421998588E-02  0.27173985163455E-02  0.29564225433147E-02 -0.73340551799057E-04 -0.64725321442399E-03  0.58582149607295E-04 -0.23059167644371E-01  0.15122692513130E-01  0.11858192320982E-02 -0.68106057049833E-03 -0.61574486360041E-03  0.19087390340223E-02 -0.45264716247773E-03 -0.67732252805293E-03 -0.55643541948545E-03  0.24436908298220E-02  0.20359912724071E-02 -0.78375403034347E-03 -0.59636986416053E-03 -0.49054128081723E-03  0.48485940344182E-03  0.66147094215921E-03 -0.42386465328963E-04 -0.13903421310366E-03 -0.90019792171236E-03  0.61636729143993E-04
   0.21128736573776E-03  0.95053046587098E-04 -0.31725750234288E-02  0.11526355761098E-02  0.44757188458499E-02 -0.17652105701332E-02 -0.25418835610985E-03  0.24892058301474E-04  0.14173064814174E-04 -0.19793815637726E-03 -0.51425256402018E-02  0.37162889175124E-03 -0.44626404587078E-02  0.44651061254256E-01  0.46149333779419E-03  0.11115075362485E-01 -0.11536640312307E-02  0.30074873197454E-02  0.12647751530892E-04  0.28180619248986E-03 -0.31974022560301E-04 -0.17108698879421E-02  0.30855817452979E-03  0.16711720277931E-03  0.60136145392744E-04  0.48360111525700E-04 -0.25994327345965E-04  0.39039893212306E-04  0.61601840008396E-04  0.51849182399316E-04  0.34697139026297E-04  0.51706018031415E-05  0.24453899998144E-04  0.62248487416518E-04  0.40896096548018E-04 -0.44059802617860E-04 -0.50873289324467E-04  0.25839410317005E-05  0.12011539590650E-04  0.69951685653772E-04  0.15772220242385E-04
   0.95987570105739E-04  0.62768940226659E-03  0.33155691944318E-02  0.44757188458499E-02  0.24845400655644E-01 -0.11847024832334E-01  0.10234872619987E-01 -0.40778541321131E-04 -0.40063949494630E-04  0.43945693768966E-02  0.24633496252413E-01  0.90845346149064E-03 -0.65689007269614E-02  0.29976014430079E+00  0.13694651917328E-02  0.34126443841509E-01 -0.59164078972221E-02  0.13602189059929E-01  0.20867615631046E-04 -0.10855236448119E-03  0.29937348989720E-03 -0.47863463379410E-02 -0.10029936013267E-03  0.46845796919965E-03  0.15116445584794E-03  0.14439371353093E-03 -0.18747548662345E-03  0.16510593520917E-03  0.10364453645317E-03  0.11679781535560E-03  0.27789287889981E-03  0.13154124981316E-03  0.34241096917152E-04  0.11230318193444E-03  0.44549016811856E-04 -0.34915705522676E-04 -0.69420298449554E-04  0.63872951122223E-05  0.31228304116750E-04  0.17169027026618E-03  0.18353449046842E-04
   0.40258534607196E-03 -0.22819111484276E-03 -0.99306687237679E-02 -0.17652105701332E-02 -0.11847024832334E-01  0.76345580887602E-02 -0.90936535489079E-02  0.11062872002835E-03  0.83158276771584E-04 -0.27957093267894E-02 -0.35601280012287E-01  0.53347757975905E-05  0.11403631140345E-03 -0.23199790517264E+00 -0.43086275105729E-03 -0.18226877683118E-01  0.26382944487011E-02 -0.72323234222583E-02 -0.12704166162790E-04 -0.55550069499864E-03 -0.40679570671760E-03  0.29493594329228E-02 -0.61722556440243E-03 -0.24197482501561E-03 -0.20958946020645E-04 -0.23787279239834E-04 -0.25078711424121E-03 -0.99829458660424E-04 -0.24818921424459E-05 -0.14283136573080E-04 -0.31047321064033E-03 -0.27610721973863E-03  0.37199070379730E-04 -0.36610223399531E-05  0.19777054517630E-04 -0.14041097821700E-04 -0.10822053536641E-04 -0.93866785877504E-06 -0.53655696254311E-05 -0.33457785741148E-04 -0.80864621147797E-04
  -0.12465604754140E-02  0.29094959573241E-03  0.26992331683665E-01 -0.25418835610992E-03  0.10234872619987E-01 -0.90936535489078E-02  0.20421255357705E-01 -0.25241563389765E-03 -0.17691549561414E-03  0.88338829218134E-02  0.90637805389898E-01 -0.14868238151998E-02  0.20866693789826E-01  0.22619845603282E+00 -0.77171740567818E-03 -0.40759095047751E-02 -0.34809909281312E-03  0.15242926360762E-02 -0.27633311493892E-04 -0.26149965667632E-03  0.10064322400562E-02  0.56057143943245E-03 -0.93308923785479E-03  0.89141628427488E-04 -0.73154481409621E-04 -0.22846241758381E-04  0.30031825680239E-03  0.12339851404692E-03 -0.12821911595406E-03 -0.59077265033442E-04  0.57815188419011E-03  0.62160113963064E-03 -0.11255267306621E-03 -0.12923103214510E-03 -0.10492046935528E-03  0.83666448657305E-04  0.91702774834408E-04 -0.32496979153641E-05 -0.14870888657379E-04 -0.59781110072459E-04  0.96895567995142E-04
   0.48784132341553E-04 -0.38779607090897E-05 -0.96253714353926E-03  0.24892058301476E-04 -0.40778541321124E-04  0.11062872002835E-03 -0.25241563389764E-03  0.25263048244554E-04  0.19344324468998E-04 -0.25259483001951E-03 -0.46469195797350E-02  0.98389797521141E-05 -0.26519111368280E-03 -0.44870556520577E-02 -0.24958307277685E-04 -0.26475724393081E-04  0.17374637489930E-03 -0.25468977409313E-03  0.36975340147356E-06  0.10351326956255E-04 -0.13195497916710E-04 -0.60708511565235E-04 -0.26432285947239E-05  0.10555756737247E-04  0.84630718942594E-05  0.77417313619867E-05  0.38168163349253E-05  0.84894324291362E-05  0.87633256146284E-05  0.78861612350237E-05  0.15451925413501E-07  0.13753704378309E-05  0.91424497245072E-05  0.82348133470596E-05  0.74563008895500E-05  0.82146838348449E-06  0.62417515841557E-06  0.37479629368319E-06  0.15052575017238E-05  0.12312247058424E-04  0.35001505709149E-06
   0.33920027117566E-04 -0.28361442528877E-05 -0.67445714857545E-03  0.14173064814175E-04 -0.40063949494625E-04  0.83158276771581E-04 -0.17691549561414E-03  0.19344324468998E-04  0.15635510438862E-04 -0.17503330018419E-03 -0.34702556883803E-02  0.51822179718791E-05 -0.16951409495253E-03 -0.33615518360015E-02 -0.33450756838731E-04 -0.27769974410637E-03  0.14879967145728E-03 -0.24464497386636E-03  0.21375640075394E-06  0.45829932543172E-05 -0.95080412678320E-05 -0.43211610494592E-04 -0.31130988904231E-06  0.63356752546651E-05  0.55987890326180E-05  0.51392368980644E-05  0.12023881046055E-05  0.59926234282479E-05  0.57036629670734E-05  0.51063938791855E-05 -0.12704321011674E-05 -0.23427950295857E-06  0.64459596073996E-05  0.53655356779084E-05  0.48500465301091E-05  0.16913146712265E-05  0.14062603573389E-05  0.23263061185480E-06  0.19057686878999E-06  0.79812554173726E-05 -0.37243623381727E-08
  -0.73424209084773E-03  0.48950556007795E-03  0.18814359874560E-01 -0.19793815637733E-03  0.43945693768964E-02 -0.27957093267893E-02  0.88338829218134E-02 -0.25259483001951E-03 -0.17503330018419E-03  0.21280863298533E-01  0.11007827378792E+00 -0.13353874962503E-02  0.29376072094770E-01 -0.42720701485556E-01 -0.44462713203278E-03 -0.39959704118666E-01 -0.77833281006729E-02  0.65410469007903E-02 -0.20961250356196E-04 -0.26339202840823E-02  0.17087560971275E-03  0.51380120347817E-02 -0.10983313147110E-02 -0.66483729007283E-03 -0.70271789531632E-04 -0.68802088480815E-05 -0.18292830005105E-02  0.32352347613323E-04 -0.90655345422234E-04 -0.27965479419082E-04 -0.51108869970121E-04 -0.58118406713194E-04 -0.27501742574597E-04 -0.77977545091847E-04 -0.40406856540371E-04  0.49640206402461E-03  0.35171434436466E-03 -0.61060371284639E-05 -0.34963637726563E-04 -0.12872855207304E-03 -0.18097506138591E-03
  -0.12509140037727E-01  0.26665091230545E-02  0.28156289814531E+00 -0.51425256402023E-02  0.24633496252411E-01 -0.35601280012287E-01  0.90637805389899E-01 -0.46469195797350E-02 -0.34702556883803E-02  0.11007827378792E+00  0.13149305656577E+01 -0.70403797939789E-02  0.17078044569409E+00  0.20158557721204E+00 -0.13086082349558E-03 -0.10812223184206E+00 -0.28034595119837E-01  0.16291241444393E-01 -0.12553292459147E-03 -0.86500962875052E-02  0.54058780201889E-02  0.30842057453606E-01 -0.11199061208834E-01  0.29557370471084E-03 -0.33035506323109E-03  0.19656715364606E-03  0.30516005107530E-02  0.54844565658077E-03 -0.32464462235574E-03  0.35966404800205E-03  0.75225492432914E-02  0.76992783124928E-02 -0.18110329320590E-02 -0.42346147460140E-03  0.19457719303111E-03 -0.81171490779051E-03 -0.12393059573444E-02 -0.15121737294518E-04 -0.87079970253118E-04 -0.18268440520828E-03  0.79173226140525E-04
  -0.98416658091379E-04  0.93546975312153E-04  0.26192821641648E-02  0.37162889175123E-03  0.90845346149064E-03  0.53347757975830E-05 -0.14868238151997E-02  0.98389797521137E-05  0.51822179718788E-05 -0.13353874962503E-02 -0.70403797939789E-02  0.23610949377323E-02 -0.25855868490727E-01 -0.41626209436379E-01  0.25941608409284E-03  0.24086706945815E-02 -0.80186473604943E-03  0.13847015381514E-02  0.40076287027099E-05  0.24129049402931E-03 -0.84836055298128E-05 -0.11753068704468E-02  0.57320032993277E-03 -0.78148096215859E-05 -0.71814406148858E-05 -0.53445475006433E-05  0.54249525555725E-04 -0.71864361975136E-05  0.35526978847962E-05 -0.37804594202268E-06  0.11472544592237E-03 -0.37925442592456E-04 -0.51220392042244E-05  0.13546354487475E-04  0.27661269304152E-05  0.12484970287579E-04  0.84327381922711E-05 -0.49152227738184E-08  0.20056111550824E-05 -0.86069930947222E-05  0.25007659265774E-04
  -0.10486677721400E-02 -0.39201997238050E-03  0.21711094812405E-01 -0.44626404587078E-02 -0.65689007269616E-02  0.11403631140353E-03  0.20866693789826E-01 -0.26519111368280E-03 -0.16951409495253E-03  0.29376072094770E-01  0.17078044569409E+00 -0.25855868490727E-01  0.42847234142572E+00  0.51631586605253E+00 -0.42027020708232E-02 -0.89688685336052E-01  0.10254568947529E-01 -0.29120322806353E-01 -0.91182494030360E-04 -0.72400435979364E-02 -0.18406937005851E-02  0.20127307846382E-01 -0.10449610902972E-01 -0.86136617231614E-03  0.19629196289859E-03  0.17117032502385E-03 -0.64316461432131E-03  0.21247449075348E-03  0.10019395999417E-03  0.85209692447634E-04  0.10156572477652E-02  0.11759254308571E-02  0.40851539425047E-04  0.64352285804709E-04  0.34596897585262E-04 -0.21139613605398E-03 -0.27119957006179E-03  0.70860554852015E-05  0.23539207101877E-04  0.45506106306468E-04 -0.74903984320873E-03
   0.30617478269594E-01  0.36694442339296E-02 -0.59623613319079E+00  0.44651061254255E-01  0.29976014430079E+00 -0.23199790517263E+00  0.22619845603282E+00 -0.44870556520577E-02 -0.33615518360015E-02 -0.42720701485551E-01  0.20158557721204E+00 -0.41626209436380E-01  0.51631586605253E+00  0.69085995154284E+02  0.16881090674023E-01  0.65939719956606E+00 -0.28004541230186E+00  0.56752507853414E+00  0.53069977740286E-03  0.12274335621797E+00  0.30628771362425E-01  0.10618763660315E+00 -0.75667381599963E-01 -0.52330193905138E-01  0.53674752595351E-02 -0.11516327668294E-03  0.94056887320613E-02  0.12898327688777E-01  0.56799227592522E-02 -0.95072584791065E-03  0.75285894746648E-02 -0.93090781024986E-02  0.62121387429675E-02  0.81952191679386E-02  0.52105931733871E-03  0.88267506651962E-02  0.59270609190004E-02  0.33340812057800E-03  0.84653794091925E-03 -0.24759096970287E-02  0.85960001085954E-04
   0.11263176855787E-03 -0.64820345954250E-05 -0.20685546908935E-02  0.46149333779419E-03  0.13694651917327E-02 -0.43086275105727E-03 -0.77171740567820E-03 -0.24958307277685E-04 -0.33450756838731E-04 -0.44462713203272E-03 -0.13086082349561E-03  0.25941608409284E-03 -0.42027020708232E-02  0.16881090674024E-01  0.14997608610756E-02  0.29586705089879E-01 -0.37579264786999E-02  0.96618655198667E-02  0.62696599572757E-05  0.22579722472021E-03 -0.38250077885773E-04  0.12650345911294E-03  0.13619418412402E-03  0.31314932960703E-05  0.22467617629291E-04  0.14734240855500E-04 -0.37353527310282E-06 -0.25225885419546E-04  0.31221336645922E-04  0.23962878882458E-04 -0.35863697927556E-04 -0.40746352697316E-04  0.14243595539525E-04  0.28818990895486E-04  0.20342229391100E-04 -0.39937626071580E-05  0.40192163488154E-05  0.12780423951977E-05  0.52484087292749E-05  0.24179599423514E-04  0.94204625048907E-05
   0.11877652227620E-02  0.86206162823636E-03 -0.40427421998620E-02  0.11115075362485E-01  0.34126443841510E-01 -0.18226877683118E-01 -0.40759095047754E-02 -0.26475724393108E-04 -0.27769974410639E-03 -0.39959704118665E-01 -0.10812223184206E+00  0.24086706945817E-02 -0.89688685336055E-01  0.65939719956614E+00  0.29586705089880E-01  0.11927436662214E+01 -0.12442552439379E-01  0.20797730609402E+00  0.15487919259242E-03  0.23275286684386E-01 -0.38354892662088E-02 -0.55822459102229E-01  0.30253956376334E-01  0.60638769148112E-02  0.99592626267829E-03  0.35793334334509E-03  0.31608282220371E-02  0.12855489224667E-03  0.16276492468357E-02  0.10301960569976E-02  0.15753234705794E-02  0.20739493838436E-02  0.43608917709193E-03  0.16158767334039E-02  0.97244497368961E-03 -0.37791241840803E-02 -0.20690858880232E-02  0.55499874842620E-04  0.27804619468198E-03  0.11792636346983E-02  0.15402961921283E-02
  -0.57347370967434E-05  0.16279641674939E-03  0.27173985163457E-02 -0.11536640312306E-02 -0.59164078972218E-02  0.26382944487009E-02 -0.34809909281299E-03  0.17374637489929E-03  0.14879967145728E-03 -0.77833281006731E-02 -0.28034595119837E-01 -0.80186473604943E-03  0.10254568947528E-01 -0.28004541230185E+00 -0.37579264786997E-02 -0.12442552439370E-01  0.28000316211389E-01 -0.45657897759125E-01 -0.11866140968678E-04  0.26228602774418E-02 -0.48287408414120E-03 -0.12316376102451E-01  0.27762181848974E-02  0.17783759586003E-02  0.12806904857050E-03  0.69603586475457E-04  0.89065567608207E-03  0.21446967124890E-03  0.18066602267917E-03  0.13536947470191E-03  0.78691248683780E-03  0.91556217524988E-03 -0.44324200985537E-04  0.18826473066642E-03  0.14797710609211E-03 -0.12478510739726E-02 -0.98635915386673E-03  0.12050006886538E-04  0.54037263290055E-04  0.33263189817334E-03  0.25539475230686E-03
  -0.24802988279227E-03 -0.10241819430785E-03  0.29564225433136E-02  0.30074873197452E-02  0.13602189059929E-01 -0.72323234222579E-02  0.15242926360759E-02 -0.25468977409313E-03 -0.24464497386636E-03  0.65410469007908E-02  0.16291241444392E-01  0.13847015381514E-02 -0.29120322806352E-01  0.56752507853414E+00  0.96618655198666E-02  0.20797730609401E+00 -0.45657897759126E-01  0.10768674650234E+00  0.34483020569628E-04 -0.53548810858585E-03 -0.44633539183522E-04  0.93464391621238E-02  0.23603399194760E-02 -0.21789973553648E-02 -0.18055002436593E-03 -0.19503570297658E-03 -0.13156779119322E-02 -0.41224940205421E-03 -0.16905694314091E-03 -0.20715823977220E-03 -0.13613392653702E-02 -0.14817103768083E-02  0.15931369853456E-03 -0.16896992285615E-03 -0.22182249765182E-03  0.17228480928289E-02  0.16082535247504E-02 -0.19785770647668E-04 -0.81605825465801E-04 -0.57687608281210E-03 -0.19753953456611E-03
   0.36541702791827E-05 -0.12337896849277E-05 -0.73340551799055E-04  0.12647751530892E-04  0.20867615631047E-04 -0.12704166162790E-04 -0.27633311493891E-04  0.36975340147355E-06  0.21375640075393E-06 -0.20961250356195E-04 -0.12553292459147E-03  0.40076287027099E-05 -0.91182494030360E-04  0.53069977740287E-03  0.62696599572758E-05  0.15487919259242E-03 -0.11866140968680E-04  0.34483020569630E-04  0.49099337293789E-06  0.12500303739639E-04  0.51301992571997E-05 -0.41385017060327E-04  0.15350439985773E-04  0.36215081744883E-05  0.78739960487894E-06  0.42625240617275E-06  0.19292952573962E-05  0.50634164369504E-06  0.10105931673359E-05  0.68186570870510E-06  0.40114101297490E-06  0.52987471228481E-06  0.23778755805511E-06  0.97023068930821E-06  0.76626814032563E-06 -0.97381661842466E-06 -0.94726833140621E-06  0.35479441259621E-07  0.16282730018599E-06  0.10255731228247E-05  0.84992272346905E-06
   0.85337973795152E-04  0.99099671289539E-05 -0.64725321442408E-03  0.28180619248988E-03 -0.10855236448110E-03 -0.55550069499868E-03 -0.26149965667631E-03  0.10351326956254E-04  0.45829932543167E-05 -0.26339202840823E-02 -0.86500962875053E-02  0.24129049402932E-03 -0.72400435979365E-02  0.12274335621797E+00  0.22579722472025E-03  0.23275286684387E-01  0.26228602774416E-02 -0.53548810858541E-03  0.12500303739639E-04  0.46540385214196E-02  0.71468106198154E-04 -0.27827772967065E-02  0.13446671963889E-02  0.65752142901423E-03  0.69417501491667E-04 -0.62511801211775E-04  0.24864135989161E-03  0.39526067707143E-04  0.84414954964895E-04 -0.63881773311525E-04  0.14967152847958E-03  0.15113267407201E-03  0.20360950328334E-04  0.62291004552042E-04 -0.80793892533543E-04 -0.17362968558160E-03 -0.12689103727903E-03  0.24231402575903E-05  0.82791053533941E-05  0.55226972684120E-04  0.24947103233623E-03
  -0.35003583749765E-05  0.66587678897128E-05  0.58582149607284E-04 -0.31974022560305E-04  0.29937348989717E-03 -0.40679570671759E-03  0.10064322400562E-02 -0.13195497916710E-04 -0.95080412678318E-05  0.17087560971275E-03  0.54058780201888E-02 -0.84836055298140E-05 -0.18406937005851E-02  0.30628771362425E-01 -0.38250077885779E-04 -0.38354892662090E-02 -0.48287408414118E-03 -0.44633539183584E-04  0.51301992571996E-05  0.71468106198153E-04  0.82458149312382E-03  0.82917011635369E-03 -0.37238011726453E-03 -0.56554329148195E-04  0.80152368709326E-05  0.51119731602951E-05  0.12991711078605E-03  0.22490020582300E-04 -0.14379551563238E-05  0.22862437322679E-04  0.51064834074833E-04  0.70032126136974E-04 -0.11033155153479E-04 -0.16468468512718E-04  0.39342033932229E-04 -0.93046349776937E-05 -0.16160437489912E-04  0.63290778000180E-06  0.30360277303665E-05  0.20522876618667E-04  0.15520473648382E-04
   0.69682010009176E-03 -0.14813421392842E-02 -0.23059167644371E-01 -0.17108698879421E-02 -0.47863463379412E-02  0.29493594329230E-02  0.56057143943228E-03 -0.60708511565232E-04 -0.43211610494588E-04  0.51380120347817E-02  0.30842057453605E-01 -0.11753068704468E-02  0.20127307846382E-01  0.10618763660314E+00  0.12650345911279E-03 -0.55822459102234E-01 -0.12316376102451E-01  0.93464391621223E-02 -0.41385017060327E-04 -0.27827772967065E-02  0.82917011635369E-03  0.55188433132689E-01 -0.18715455721245E-01 -0.28437563198220E-02 -0.54940456236361E-04  0.40456367820891E-04  0.19825651594389E-03  0.49625243343955E-04 -0.84171234885380E-04 -0.62814569618657E-05  0.86400675693560E-04  0.82193617282544E-04  0.20592593435599E-04 -0.30091507122567E-03 -0.21244389068108E-03  0.65408631686737E-03  0.38467707040834E-03  0.66952599696731E-07 -0.51925265617719E-05 -0.17181892934987E-04 -0.21070650808475E-03
  -0.63387849334604E-03  0.40205267308966E-03  0.15122692513130E-01  0.30855817452980E-03 -0.10029936013262E-03 -0.61722556440247E-03 -0.93308923785476E-03 -0.26432285947253E-05 -0.31130988904380E-06 -0.10983313147110E-02 -0.11199061208834E-01  0.57320032993276E-03 -0.10449610902973E-01 -0.75667381599958E-01  0.13619418412407E-03  0.30253956376335E-01  0.27762181848972E-02  0.23603399194765E-02  0.15350439985773E-04  0.13446671963889E-02 -0.37238011726453E-03 -0.18715455721245E-01  0.95658812591638E-02  0.40455980505621E-03 -0.70761849966385E-04 -0.11724379534693E-03 -0.35726678642036E-03 -0.11144113014134E-03  0.14916493425151E-04 -0.27770168722039E-04 -0.23156323031064E-03 -0.22384376111582E-03 -0.12714157561680E-04  0.62219238904586E-04  0.33960772468851E-04  0.39488928214840E-05  0.10611408410458E-03 -0.64356864254230E-05 -0.24849867168257E-04 -0.14988451389459E-03  0.72411414375428E-04
  -0.12422607937920E-04  0.85354555972347E-04  0.11858192320982E-02  0.16711720277932E-03  0.46845796919969E-03 -0.24197482501564E-03  0.89141628427513E-04  0.10555756737246E-04  0.63356752546645E-05 -0.66483729007283E-03  0.29557370471092E-03 -0.78148096215842E-05 -0.86136617231618E-03 -0.52330193905137E-01  0.31314932960914E-05  0.60638769148119E-02  0.17783759586003E-02 -0.21789973553646E-02  0.36215081744884E-05  0.65752142901424E-03 -0.56554329148196E-04 -0.28437563198220E-02  0.40455980505622E-03  0.58726106875801E-03  0.36393868380125E-04  0.17119967465649E-04  0.16614135276385E-03  0.23873460931246E-04  0.18583707942645E-04  0.43496174397289E-05  0.12243846826406E-03  0.15467050624576E-03 -0.73332465330842E-05  0.14093210062374E-04  0.23252072791948E-05 -0.14035554827269E-03 -0.11560499599659E-03  0.18662661050482E-05  0.89661621178505E-05  0.63721599630799E-04  0.54419948924084E-04
   0.46971303228102E-04  0.89888723163919E-05 -0.68106057049830E-03  0.60136145392745E-04  0.15116445584795E-03 -0.20958946020651E-04 -0.73154481409615E-04  0.84630718942593E-05  0.55987890326179E-05 -0.70271789531628E-04 -0.33035506323105E-03 -0.71814406148852E-05  0.19629196289859E-03  0.53674752595352E-02  0.22467617629293E-04  0.99592626267835E-03  0.12806904857049E-03 -0.18055002436591E-03  0.78739960487895E-06  0.69417501491667E-04  0.80152368709326E-05 -0.54940456236361E-04 -0.70761849966384E-04  0.36393868380125E-04  0.29868699476461E-04  0.19352673610853E-04  0.51818746311615E-04  0.18266587575622E-04  0.22885571587359E-04  0.21591155296158E-04  0.49066636475094E-04  0.49684373993417E-04  0.81290115949438E-05  0.21802986465587E-04  0.20104618575878E-04 -0.18639508991990E-04 -0.20148881627039E-04  0.85244534608078E-06  0.33927087159423E-05  0.25174084845721E-04  0.57082943873130E-05
   0.41344258599468E-04  0.53156736962588E-05 -0.61574486360039E-03  0.48360111525701E-04  0.14439371353094E-03 -0.23787279239838E-04 -0.22846241758376E-04  0.77417313619866E-05  0.51392368980643E-05 -0.68802088480782E-05  0.19656715364611E-03 -0.53445475006428E-05  0.17117032502385E-03 -0.11516327668293E-03  0.14734240855501E-04  0.35793334334512E-03  0.69603586475453E-04 -0.19503570297656E-03  0.42625240617276E-06 -0.62511801211775E-04  0.51119731602951E-05  0.40456367820891E-04 -0.11724379534693E-03  0.17119967465649E-04  0.19352673610853E-04  0.37959856512132E-04  0.55685964095799E-04  0.18334838151142E-04  0.21075107021558E-04  0.25009943029098E-04  0.50776195416477E-04  0.53116519244759E-04  0.63511858730041E-05  0.20721307850802E-04  0.23679719716925E-04 -0.15478714257701E-04 -0.18352986128682E-04  0.81235686490843E-06  0.33581095700105E-05  0.25314796124451E-04  0.70743986480573E-06
  -0.79284877311636E-04 -0.37328767949155E-04  0.19087390340223E-02 -0.25994327345963E-04 -0.18747548662344E-03 -0.25078711424122E-03  0.30031825680240E-03  0.38168163349248E-05  0.12023881046051E-05 -0.18292830005105E-02  0.30516005107530E-02  0.54249525555726E-04 -0.64316461432133E-03  0.94056887320620E-02 -0.37353527309297E-06  0.31608282220374E-02  0.89065567608204E-03 -0.13156779119321E-02  0.19292952573963E-05  0.24864135989161E-03  0.12991711078605E-03  0.19825651594389E-03 -0.35726678642035E-03  0.16614135276385E-03  0.51818746311615E-04  0.55685964095799E-04  0.81607551905946E-03  0.60672035999170E-04  0.55802039099774E-04  0.64852441611883E-04  0.32387984732323E-03  0.33277303961737E-03 -0.11322012548695E-04  0.45133901826401E-04  0.57907760400161E-04 -0.92168921390314E-04 -0.88500762571386E-04  0.24220873163150E-05  0.11550245448433E-04  0.81461531211335E-04  0.39160422180423E-04
   0.32904435107234E-04  0.45713159285920E-05 -0.45264716247771E-03  0.39039893212307E-04  0.16510593520917E-03 -0.99829458660428E-04  0.12339851404692E-03  0.84894324291361E-05  0.59926234282478E-05  0.32352347613325E-04  0.54844565658081E-03 -0.71864361975132E-05  0.21247449075348E-03  0.12898327688777E-01 -0.25225885419544E-04  0.12855489224675E-03  0.21446967124889E-03 -0.41224940205419E-03  0.50634164369504E-06  0.39526067707144E-04  0.22490020582300E-04  0.49625243343953E-04 -0.11144113014134E-03  0.23873460931246E-04  0.18266587575622E-04  0.18334838151142E-04  0.60672035999171E-04  0.57987505300884E-04  0.19890995411042E-04  0.20508217879652E-04  0.63206717549814E-04  0.62305238844655E-04  0.63116141660409E-05  0.18608005192561E-04  0.18867143091675E-04 -0.18624011046622E-04 -0.20199585806506E-04  0.91421854364224E-06  0.38658011442796E-05  0.26172505214420E-04  0.55346719285858E-05
   0.47250780652638E-04  0.29616667561931E-05 -0.67732252805291E-03  0.61601840008398E-04  0.10364453645318E-03 -0.24818921424528E-05 -0.12821911595405E-03  0.87633256146283E-05  0.57036629670733E-05 -0.90655345422229E-04 -0.32464462235570E-03  0.35526978847970E-05  0.10019395999416E-03  0.56799227592524E-02  0.31221336645925E-04  0.16276492468358E-02  0.18066602267915E-03 -0.16905694314088E-03  0.10105931673359E-05  0.84414954964895E-04 -0.14379551563238E-05 -0.84171234885380E-04  0.14916493425153E-04  0.18583707942645E-04  0.22885571587359E-04  0.21075107021558E-04  0.55802039099774E-04  0.19890995411042E-04  0.30618660692223E-04  0.27116346024136E-04  0.56750935907439E-04  0.56704217437927E-04  0.85075234234277E-05  0.27970924506402E-04  0.25449178930310E-04 -0.22788580631138E-04 -0.23515470693686E-04  0.93281072043509E-06  0.37553795361965E-05  0.27085446487967E-04  0.70025135666353E-05
