# fitpack10: fit parameters                                                                         
# CJ15_AV18                                                                                         
# Created on 06/25/2015 at 15:55:46                                                                 

 # QCD setup
  INS	                    0
  NVL                          11
  IORD                          1
  Q02                   1.6899999999999999     
  IPARAMC                       7
  FLAVOR                4.0000000000000000     
  xmc                   1.3000000000000000     
  xmb                   4.5000000000000000     
  ncb                          12

 # Theory corrections
  inuke                     10334
  itmc                          1
  iht                           1

 # fit parameters
 LAMBDA       0.22680        0.0000    
 a0uv          2.4578        0.0000    
 a1uv         0.61966       0.19492E-01
 a2uv          3.5417       0.11696E-01
 a3uv          0.0000        0.0000    
 a4uv          3.3417       0.39400    
 a5uv          0.0000        0.0000    
 a0dv          21.702        0.0000    
 a1dv          1.1296       0.35352E-01
 a2dv          6.4224       0.16309    
 a3dv         -3.4783       0.95898E-01
 a4dv          4.7315       0.15102    
 a5dv          0.0000        0.0000    
 a0ud         0.14331       0.50857E-02
 a1ud        -0.21638       0.39209E-02
 a2ud          8.4179       0.15112    
 a3ud          0.0000        0.0000    
 a4ud          15.696        1.1385    
 a5ud          0.0000        0.0000    
 a0du          35712.        0.0000    
 a1du          3.9817       0.50486E-01
 a2du          20.364       0.67650    
 a3du          17.000        0.0000    
 a4du          44.326        5.0946    
 a0g           45.837        0.0000    
 a1g          0.61424       0.37555E-01
 a2g           6.0283        1.1110    
 a3g          -3.2428       0.16373    
 a4g           2.9490       0.28842    
 a5g           0.0000        0.0000    
 kappa        0.40000        0.0000    
 a6dv        -0.30251E-02   0.73815E-03
 a7dv          2.0000        0.0000    
 x0_KP        0.15361       0.36087    
 C_KP         0.12239E-01   0.31670E-01
 ht1          -3.0632       0.24370    
 ht2           1.7451       0.10188    
 ht3          -2.0976       0.27524E-01
 ht4           0.0000        0.0000    
 dummy40       0.0000        0.0000    
 dummy41       0.0000        0.0000    
 dummy42       0.0000        0.0000    
 dummy43       0.0000        0.0000    
 dummy44       0.0000        0.0000    
 dummy45       0.0000        0.0000    
 dummy46       0.0000        0.0000    
 dummy47       0.0000        0.0000    
 dummy48       0.0000        0.0000    
 dummy49       0.0000        0.0000    
 bcdmsh2      0.97304       0.54260E-02
 bcdmsd2      0.99542       0.61756E-02
 ccfr          1.0000        0.0000    
 nutev         1.0000        0.0000    
 zeus         0.97998        0.0000    
 h1            1.0162        0.0000    
 e605          1.0260       0.27862E-01
 NmcH2         1.0155       0.75484E-02
 ntv_nu        1.0000        0.0000    
 ntv_nubar     1.0000        0.0000    
 cdf_jet      0.98910        0.0000    
 d0_jet       0.83504        0.0000    
 slac_p        1.0035       0.54790E-02
 slac_d        1.0059       0.58412E-02
 e866pp       0.97550       0.18394E-01
 e866pd       0.98912       0.16944E-01
 d0_gamjet     1.0382       0.16553E-01
 h1b          0.97608        0.0000    
 jlab_p       0.99611       0.63417E-02
 jlab_d       0.97784       0.64094E-02
 blank         1.0000        0.0000    
 d0run2       0.93482       0.15690E-01
 cdfrun2      0.92097       0.18096E-01
 HERA_el      0.99982       0.34132E-02
 HERA_ps      0.99536       0.31412E-02
 CDF_Z        0.97558       0.68375E-02
 NmcRat        1.0000        0.0000    
 BNS_F2nd     0.98451       0.61240E-02
 END 0. 0.

 # Hessian matrix (Bevington alpha)
   0.45890146157889E+07 -0.12329047955402E+07  0.22665349415250E+06  0.43577391920215E+06 -0.12523806667676E+06 -0.26983544861359E+05  0.48536164226307E+05  0.82495604649195E+06 -0.17853463744460E+06 -0.42367631170182E+05  0.57002875985436E+04  0.12363573304595E+05  0.14349645914459E+04 -0.11798383739810E+03 -0.20613389495327E+05  0.19398080316906E+04 -0.20401222719065E+05 -0.10723903594311E+05 -0.63015467369202E+07 -0.25866593269111E+05  0.34013170189546E+06
  -0.12329047955402E+07  0.39529867734285E+06 -0.62551175181987E+05 -0.12710686481192E+06  0.35695640834231E+05  0.74925520964023E+04 -0.11934728374001E+05 -0.12992378286556E+06  0.31027603540089E+05  0.70972526451854E+04 -0.84297031703218E+03 -0.11270994637270E+04 -0.12438601827065E+03  0.13911959087837E+02  0.36481855515545E+04 -0.44356699069328E+03  0.37357331693695E+04  0.22621321748388E+04  0.21497026516657E+07  0.68514754731579E+04 -0.97157912551946E+05
   0.22665349415250E+06 -0.62551175181987E+05  0.11286939407659E+05  0.21853359478277E+05 -0.63214552673269E+04 -0.14412039229880E+04  0.23801554105488E+04  0.32358215135603E+05 -0.71607334297346E+04 -0.18586646051437E+04  0.22112990284080E+03  0.40686757128368E+03  0.54195891696915E+02 -0.55743904617050E+01 -0.13244234911917E+04  0.13189634688170E+03 -0.13190449756887E+04 -0.71758167179461E+03 -0.32248273927721E+06 -0.12803380637222E+04  0.17004030121878E+05
   0.43577391920215E+06 -0.12710686481192E+06  0.21853359478277E+05  0.38606280538624E+06 -0.62702119743424E+05  0.69132710733354E+05  0.60282344662221E+05  0.32893927747986E+06 -0.21561910366063E+05 -0.17199285988670E+05  0.29260452205500E+04 -0.18448003860980E+04 -0.21452075090873E+03  0.74326206632477E+02  0.23232181554330E+05 -0.27123638142938E+04  0.23111787242207E+05  0.13606986685178E+05 -0.18985168183402E+07 -0.80606545463034E+04  0.96386217576056E+05
  -0.12523806667676E+06  0.35695640834231E+05 -0.63214552673269E+04 -0.62702119743424E+05  0.12246629234679E+05 -0.73159468652838E+04 -0.90676830837087E+04 -0.32909940491801E+05  0.68606503214868E+03  0.23265548503427E+04 -0.30738074337801E+03 -0.40313231876757E+02  0.83590218047179E+01 -0.70584878001757E+01 -0.17359909852730E+04  0.20924537844503E+03 -0.16693115364769E+04 -0.10071213247902E+04  0.44360294245581E+06  0.17112388375460E+04 -0.21669811935211E+05
  -0.26983544861359E+05  0.74925520964023E+04 -0.14412039229880E+04  0.69132710733354E+05 -0.73159468652838E+04  0.20298170582391E+05  0.12525822604702E+05  0.92092906421797E+05 -0.74761431232363E+04 -0.39711094722601E+04  0.81026659663844E+03 -0.85413124010694E+03 -0.85731642238056E+02  0.23376183684784E+02  0.70926151167041E+04 -0.84266364894894E+03  0.72712678976318E+04  0.43186463677974E+04 -0.66241583947687E+05 -0.67911392636541E+03  0.54762934195350E+04
   0.48536164226307E+05 -0.11934728374001E+05  0.23801554105488E+04  0.60282344662221E+05 -0.90676830837087E+04  0.12525822604702E+05  0.10109167693318E+05  0.53623638403395E+05 -0.28268606989997E+04 -0.29330873000003E+04  0.48701666503371E+03 -0.26411160958415E+03 -0.35697477946512E+02  0.12718051623905E+02  0.34491979776141E+04 -0.41978841193943E+03  0.34427686182344E+04  0.20856455155276E+04 -0.21669820726899E+06 -0.11277621617949E+04  0.12455439809789E+05
   0.82495604649195E+06 -0.12992378286556E+06  0.32358215135603E+05  0.32893927747986E+06 -0.32909940491801E+05  0.92092906421797E+05  0.53623638403395E+05  0.49880701895071E+07 -0.25044175831868E+07 -0.85109744445055E+05  0.22911085044382E+05  0.22125474503260E+05  0.16586238634520E+04  0.12981009801215E+03  0.52081428029799E+05 -0.68042792143955E+04  0.61026725667335E+05  0.35033349078723E+05 -0.52574291729508E+06 -0.50717592276489E+04  0.44316584853442E+05
  -0.17853463744460E+06  0.31027603540089E+05 -0.71607334297346E+04 -0.21561910366063E+05  0.68606503214868E+03 -0.74761431232363E+04 -0.28268606989997E+04 -0.25044175831868E+07  0.22199720181874E+07  0.18483015022345E+05 -0.56208651471717E+04 -0.51934304157804E+04 -0.35333890006500E+03 -0.15258208405322E+02  0.46458026914772E+05 -0.24650625004959E+04  0.20730133776455E+05  0.11073107193722E+05 -0.10976880414901E+05  0.50754926301397E+03 -0.33185935589804E+04
  -0.42367631170182E+05  0.70972526451854E+04 -0.18586646051437E+04 -0.17199285988670E+05  0.23265548503427E+04 -0.39711094722601E+04 -0.29330873000003E+04 -0.85109744445055E+05  0.18483015022345E+05  0.27563494618674E+04 -0.58950709815621E+03 -0.58118505703012E+03 -0.55722483818338E+02 -0.29594251310698E+01 -0.26539919821558E+04  0.32286654509424E+03 -0.26917140719489E+04 -0.16393119249919E+04  0.47986876173198E+05  0.35572100526819E+03 -0.35896241099787E+04
   0.57002875985436E+04 -0.84297031703218E+03  0.22112990284080E+03  0.29260452205500E+04 -0.30738074337801E+03  0.81026659663844E+03  0.48701666503371E+03  0.22911085044382E+05 -0.56208651471717E+04 -0.58950709815621E+03  0.14873185361480E+03  0.15058488695255E+03  0.11826665074877E+02  0.96387247449200E+00  0.81119321922246E+03 -0.87072332726260E+02  0.77084406091278E+03  0.44416544962773E+03 -0.50677084973569E+04 -0.42513247804534E+02  0.38242289332208E+03
   0.12363573304595E+05 -0.11270994637270E+04  0.40686757128368E+03 -0.18448003860980E+04 -0.40313231876757E+02 -0.85413124010694E+03 -0.26411160958415E+03  0.22125474503260E+05 -0.51934304157804E+04 -0.58118505703012E+03  0.15058488695255E+03  0.27992107133372E+04  0.18042935293901E+03  0.22443881132437E+01  0.61939081109231E+03 -0.93637375801503E+02  0.88583331514774E+03  0.54456988016978E+03 -0.61623985658977E+04 -0.19026551709087E+02  0.40964423068038E+03
   0.14349645914459E+04 -0.12438601827065E+03  0.54195891696915E+02 -0.21452075090873E+03  0.83590218047179E+01 -0.85731642238056E+02 -0.35697477946512E+02  0.16586238634520E+04 -0.35333890006500E+03 -0.55722483818338E+02  0.11826665074877E+02  0.18042935293901E+03  0.15376666812738E+02 -0.91339594982865E-01  0.25225676374048E+02 -0.56243402276138E+01  0.48242893119335E+02  0.33926155730111E+02 -0.22658311802090E+03  0.10507108109022E+01  0.84378362812483E+01
  -0.11798383739810E+03  0.13911959087837E+02 -0.55743904617050E+01  0.74326206632477E+02 -0.70584878001757E+01  0.23376183684784E+02  0.12718051623905E+02  0.12981009801215E+03 -0.15258208405322E+02 -0.29594251310698E+01  0.96387247449200E+00  0.22443881132437E+01 -0.91339594982865E-01  0.10885055579046E+00  0.17295979806905E+02 -0.15720699585539E+01  0.14241939406156E+02  0.75797017809612E+01 -0.10630406871366E+03 -0.93237316445714E+00  0.80201387282866E+01
  -0.20613389495327E+05  0.36481855515545E+04 -0.13244234911917E+04  0.23232181554330E+05 -0.17359909852730E+04  0.70926151167041E+04  0.34491979776141E+04  0.52081428029799E+05  0.46458026914772E+05 -0.26539919821558E+04  0.81119321922246E+03  0.61939081109231E+03  0.25225676374048E+02  0.17295979806905E+02  0.26732747280419E+05 -0.24009819232699E+04  0.21479580664518E+05  0.11865389718911E+05 -0.24438623557195E+05  0.82186619163330E+02 -0.95026743077876E+03
   0.19398080316906E+04 -0.44356699069328E+03  0.13189634688170E+03 -0.27123638142938E+04  0.20924537844503E+03 -0.84266364894894E+03 -0.41978841193943E+03 -0.68042792143955E+04 -0.24650625004959E+04  0.32286654509424E+03 -0.87072332726260E+02 -0.93637375801503E+02 -0.56243402276138E+01 -0.15720699585539E+01 -0.24009819232699E+04  0.25185339771894E+03 -0.22479887896142E+04 -0.12916847185903E+04  0.27899106381218E+04 -0.12319754980845E+02  0.16376452597470E+03
  -0.20401222719065E+05  0.37357331693695E+04 -0.13190449756887E+04  0.23111787242207E+05 -0.16693115364769E+04  0.72712678976318E+04  0.34427686182344E+04  0.61026725667335E+05  0.20730133776455E+05 -0.26917140719489E+04  0.77084406091278E+03  0.88583331514774E+03  0.48242893119335E+02  0.14241939406156E+02  0.21479580664518E+05 -0.22479887896142E+04  0.20402970583210E+05  0.11649217332263E+05 -0.24314589966782E+05  0.11889683080909E+03 -0.13173193893715E+04
  -0.10723903594311E+05  0.22621321748388E+04 -0.71758167179461E+03  0.13606986685178E+05 -0.10071213247902E+04  0.43186463677974E+04  0.20856455155276E+04  0.35033349078723E+05  0.11073107193722E+05 -0.16393119249919E+04  0.44416544962773E+03  0.54456988016978E+03  0.33926155730111E+02  0.75797017809612E+01  0.11865389718911E+05 -0.12916847185903E+04  0.11649217332263E+05  0.67479893776174E+04 -0.14303434783465E+05  0.76100621713175E+02 -0.91199977858667E+03
  -0.63015467369202E+07  0.21497026516657E+07 -0.32248273927721E+06 -0.18985168183402E+07  0.44360294245581E+06 -0.66241583947687E+05 -0.21669820726899E+06 -0.52574291729508E+06 -0.10976880414901E+05  0.47986876173198E+05 -0.50677084973569E+04 -0.61623985658977E+04 -0.22658311802090E+03 -0.10630406871366E+03 -0.24438623557195E+05  0.27899106381218E+04 -0.24314589966782E+05 -0.14303434783465E+05  0.24661294332894E+08  0.66650399969535E+05 -0.95458982321396E+06
  -0.25866593269111E+05  0.68514754731579E+04 -0.12803380637222E+04 -0.80606545463034E+04  0.17112388375460E+04 -0.67911392636541E+03 -0.11277621617949E+04 -0.50717592276489E+04  0.50754926301397E+03  0.35572100526819E+03 -0.42513247804534E+02 -0.19026551709087E+02  0.10507108109022E+01 -0.93237316445714E+00  0.82186619163330E+02 -0.12319754980845E+02  0.11889683080909E+03  0.76100621713175E+02  0.66650399969535E+05  0.42784276233215E+03 -0.51943249001089E+04
   0.34013170189546E+06 -0.97157912551946E+05  0.17004030121878E+05  0.96386217576056E+05 -0.21669811935211E+05  0.54762934195350E+04  0.12455439809789E+05  0.44316584853442E+05 -0.33185935589804E+04 -0.35896241099787E+04  0.38242289332208E+03  0.40964423068038E+03  0.84378362812483E+01  0.80201387282866E+01 -0.95026743077876E+03  0.16376452597470E+03 -0.13173193893715E+04 -0.91199977858667E+03 -0.95458982321396E+06 -0.51943249001089E+04  0.66502340479641E+05

 # Covariance matrix (Bevington epsilon)
   0.37994982337826E-03 -0.75548449112594E-04 -0.74821576597025E-02  0.23000720716949E-03  0.72201150411714E-04  0.37013056975497E-03 -0.12773067210112E-02  0.48839666461375E-04  0.33202754371374E-04 -0.73683876478956E-03 -0.11185241410982E-01 -0.86781387705009E-04 -0.13391093883530E-02  0.75920168362993E-02  0.11147105668887E-03  0.17353460637016E-02  0.17293646085952E-03 -0.43984175437903E-03  0.34896925309376E-05  0.54535911233842E-03 -0.21343297308811E-04  0.48258840557525E-03 -0.50322012299521E-03  0.45430379382080E-04  0.47413636640979E-04  0.38090674051193E-04 -0.51178489426595E-04  0.31138819194122E-04  0.47810081868920E-04  0.37996885712812E-04 -0.54290664134116E-04 -0.30788493470901E-04  0.36653493788700E-04  0.42346028188940E-04  0.34028572395841E-04 -0.49662918088997E-04 -0.53807066272571E-04  0.24236593216729E-05  0.87620567400599E-05  0.62401049865578E-04  0.11588270544323E-04
  -0.75548449112597E-04  0.13679509580077E-03  0.23004551439242E-02  0.83337149560417E-04  0.63380447257834E-03 -0.24846485631158E-03  0.36898660564355E-03 -0.53805462981044E-05 -0.37308538070547E-05  0.53507954222317E-03  0.28648870791941E-02  0.87768648581467E-04 -0.19692613741083E-03  0.29608908918450E-02 -0.18209380909184E-04  0.42697033459745E-03  0.16585301074185E-03 -0.17145281873295E-03 -0.30528631210275E-05 -0.27648450087542E-04  0.15987635917042E-04 -0.15491976515566E-02  0.42259280120444E-03  0.83709828376166E-04  0.71112707610780E-05  0.53418821500477E-05 -0.42767239328525E-04  0.31207920860284E-05  0.71144723245431E-06  0.35704989224097E-05  0.23826778315451E-04  0.10506269614175E-04  0.15753426741699E-06  0.78964211766016E-05  0.99422369344433E-05 -0.78722285355030E-05 -0.38155722500320E-05 -0.39639760410887E-07 -0.89472112670609E-07  0.37286848471321E-07 -0.59791576408569E-05
  -0.74821576597025E-02  0.23004551439242E-02  0.15523638770413E+00 -0.33819193420997E-02  0.36607175178370E-02 -0.88564081011370E-02  0.26303482520319E-01 -0.91261140716089E-03 -0.62465970065534E-03  0.17836492140677E-01  0.23733123188339E+00  0.22359190787911E-02  0.27451058428233E-01 -0.88739747282621E-01 -0.19846021150841E-02 -0.16031470299050E-01 -0.68909320142069E-03  0.58735680502074E-02 -0.80283932714697E-04 -0.99127725658503E-02  0.59832057930092E-03 -0.18235801489524E-01  0.12073355815841E-01  0.35737186145953E-04 -0.66499745745528E-03 -0.49860292012934E-03  0.11359520860968E-02 -0.40702467126164E-03 -0.66757143825304E-03 -0.46671991628207E-03  0.17530407379542E-02  0.12017414558235E-02 -0.62882100007669E-03 -0.53986124707934E-03 -0.38359823809909E-03  0.71856637737827E-03  0.81776744807540E-03 -0.39152842387201E-04 -0.13866366622792E-03 -0.97172227023781E-03 -0.21985068950293E-03
   0.23000720716948E-03  0.83337149560427E-04 -0.33819193420993E-02  0.12497471428159E-02  0.47531414143027E-02 -0.21579002866219E-02  0.25788239995216E-04  0.30888711912009E-04  0.17975924722776E-04 -0.45993565040610E-03 -0.73589954886961E-02  0.34606285041990E-03 -0.45054657215310E-02  0.34494330044465E-01  0.47007709008773E-03  0.13159093247621E-01 -0.64335831593326E-03  0.23933027462018E-02  0.15770486313758E-05  0.85991638165641E-04 -0.25531754561565E-05 -0.21739338364163E-02  0.54693923729264E-03  0.24379378189181E-03  0.61642134374012E-04  0.55133479923132E-04 -0.44273473243393E-04  0.35661343531266E-04  0.63732765425888E-04  0.60259812305220E-04  0.18510380452108E-04 -0.11488381024415E-04  0.27160311019104E-04  0.60689324077591E-04  0.47483775294664E-04 -0.59374219259595E-04 -0.59298626944928E-04  0.26216979986277E-05  0.12163280114507E-04  0.70321466455915E-04  0.10454696192469E-04
   0.72201150411620E-04  0.63380447257838E-03  0.36607175178391E-02  0.47531414143025E-02  0.26597898687751E-01 -0.13873021685461E-01  0.12955377302988E-01 -0.35557555522625E-04 -0.35770081841654E-04  0.41923035338595E-02  0.23332417446545E-01  0.58510415840104E-03 -0.49050854023617E-02  0.18154007585575E+00  0.13460113381174E-02  0.37881073861106E-01 -0.44112030094341E-02  0.11354903994319E-01 -0.39513718965291E-04  0.36375449024687E-02  0.36755959553801E-03 -0.67030092315763E-02  0.72904404642448E-03  0.64881854779863E-03  0.15036394055329E-03  0.14813310584919E-03 -0.15577775748472E-03  0.15530475866103E-03  0.10670955035585E-03  0.12962673347202E-03  0.26322353758704E-03  0.15498943438541E-03  0.22994439431823E-04  0.11027503982554E-03  0.53703539659060E-04 -0.72317902606529E-04 -0.94492190764769E-04  0.61719881958425E-05  0.31289410419446E-04  0.18417130498198E-03  0.36761949431170E-04
   0.37013056975503E-03 -0.24846485631159E-03 -0.88564081011381E-02 -0.21579002866218E-02 -0.13873021685461E-01  0.91965034743460E-02 -0.10636602628303E-01  0.10602043453879E-03  0.79012374805840E-04 -0.24639537657367E-02 -0.31696255692264E-01  0.16704348457617E-03 -0.46242042213359E-03 -0.16236950163880E+00 -0.53534551973237E-03 -0.23254214952487E-01  0.20482158641661E-02 -0.66911332142643E-02  0.14335842356466E-04 -0.50507320720185E-02 -0.48296888630876E-03  0.44286500129953E-02 -0.12467496705720E-02 -0.36491133191620E-03 -0.21489350546611E-04 -0.36903252621483E-04 -0.23243629234915E-03 -0.91671730491264E-04 -0.57150841650038E-05 -0.32354254241187E-04 -0.27057629256324E-03 -0.24206608053073E-03  0.38365681564873E-04 -0.40426569384150E-05  0.60099641652368E-05  0.11302345709594E-05 -0.24847538141924E-05 -0.89724448752139E-06 -0.56950250769318E-05 -0.37653290811032E-04 -0.73011499383406E-04
  -0.12773067210112E-02  0.36898660564355E-03  0.26303482520320E-01  0.25788239995016E-04  0.12955377302987E-01 -0.10636602628303E-01  0.22808136414612E-01 -0.27186501034823E-03 -0.18757114484273E-03  0.94620749163200E-02  0.94329625491174E-01 -0.17092724932940E-02  0.22354803116597E-01  0.15311721348385E+00 -0.67909009408830E-03 -0.57764463951597E-02 -0.13738592638445E-02  0.26742350976602E-02 -0.48950367122385E-04  0.11018349491787E-01  0.10762536868388E-02 -0.35429959192594E-03 -0.74575094363809E-03 -0.44695325672711E-04 -0.79724115765148E-04 -0.29726987763114E-04  0.36477060169708E-03  0.12622530385505E-03 -0.13228037989344E-03 -0.62839411263167E-04  0.58286284666909E-03  0.64210155461598E-03 -0.12948713674410E-03 -0.12059702108868E-03 -0.10739068947638E-03  0.12146006469840E-03  0.11140124702176E-03 -0.35191636718972E-05 -0.15112809869524E-04 -0.53538064953403E-04  0.11290491740200E-03
   0.48839666461375E-04 -0.53805462981041E-05 -0.91261140716088E-03  0.30888711912011E-04 -0.35557555522613E-04  0.10602043453879E-03 -0.27186501034823E-03  0.25864706733182E-04  0.19402428920150E-04 -0.27418383574521E-03 -0.46408114161360E-02  0.17017742672334E-04 -0.33956521137304E-03 -0.18515956461972E-02 -0.24841069196491E-04  0.31143866429687E-04  0.18632071228587E-03 -0.26958074041665E-03  0.45118847473726E-06 -0.92637510991603E-04 -0.11453240429047E-04 -0.77134115795905E-04  0.60251851791501E-05  0.14255257924947E-04  0.88067676394474E-05  0.81084783419240E-05  0.37603877879442E-05  0.88205297741927E-05  0.90947943681920E-05  0.82682766682788E-05  0.84079910381344E-06  0.13508111236310E-05  0.94108352394642E-05  0.83655096476685E-05  0.77407849196414E-05 -0.21514571479430E-06  0.21025206051421E-07  0.38937975204923E-06  0.15580930611093E-05  0.12463264498106E-04  0.45035875461206E-06
   0.33202754371374E-04 -0.37308538070545E-05 -0.62465970065534E-03  0.17975924722777E-04 -0.35770081841647E-04  0.79012374805836E-04 -0.18757114484273E-03  0.19402428920150E-04  0.15373308868546E-04 -0.18661499680791E-03 -0.33883791428741E-02  0.10073119423196E-04 -0.21885000748301E-03 -0.14565231970736E-02 -0.32485865160001E-04 -0.22791757153573E-03  0.15047518617435E-03 -0.24073331348104E-03  0.29715547875879E-06 -0.69984052823086E-04 -0.84598782861483E-05 -0.55286571457499E-04  0.58929986272450E-05  0.87755894141009E-05  0.57384810528143E-05  0.52440169458255E-05  0.12836126963134E-05  0.61198372981852E-05  0.58392349642709E-05  0.52285399833373E-05 -0.58412934581842E-06 -0.11362807883911E-06  0.64906548465356E-05  0.53816335656615E-05  0.49145155872614E-05  0.93485655169384E-06  0.94716659426002E-06  0.23836321563711E-06  0.21218633665917E-06  0.79499706223325E-05  0.15779086817049E-06
  -0.73683876478959E-03  0.53507954222317E-03  0.17836492140678E-01 -0.45993565040613E-03  0.41923035338594E-02 -0.24639537657367E-02  0.94620749163201E-02 -0.27418383574522E-03 -0.18661499680792E-03  0.22837656852484E-01  0.11882512477235E+00 -0.15013360090735E-02  0.31788522931683E-01 -0.55697835595509E-01 -0.45627250990703E-03 -0.47544896119665E-01 -0.10019700103799E-01  0.94820345069486E-02 -0.31954874551776E-04 -0.33266812198449E-02 -0.15482725678712E-03  0.70382733244312E-02 -0.23216300829700E-02 -0.11490249998019E-02 -0.70249621775489E-04 -0.40881126559355E-04 -0.17087266950761E-02  0.49287512732764E-04 -0.88179124835323E-04 -0.63897916931321E-04  0.42832106405025E-05  0.29648522314152E-04 -0.42869297897747E-04 -0.48219201016722E-04 -0.62780534138209E-04  0.58143755374315E-03  0.39024669299740E-03 -0.59369965001289E-05 -0.33591087337770E-04 -0.11126338692417E-03 -0.14221360302706E-03
  -0.11185241410983E-01  0.28648870791941E-02  0.23733123188339E+00 -0.73589954886969E-02  0.23332417446542E-01 -0.31696255692262E-01  0.94329625491173E-01 -0.46408114161360E-02 -0.33883791428741E-02  0.11882512477235E+00  0.12962800535225E+01 -0.88473498650817E-02  0.19666514363313E+00  0.13385680957433E+00 -0.46708989224696E-03 -0.20963467113943E+00 -0.48876346718412E-01  0.36586982705212E-01 -0.20062286011764E-03  0.29359010364369E-01  0.41605340638557E-02  0.51320808044482E-01 -0.22708363787305E-01 -0.49349549557318E-02 -0.40817799137795E-03  0.10128002511514E-03  0.27911378768373E-02  0.59369710987376E-03 -0.39409637076794E-03  0.21630813859477E-03  0.69167820270586E-02  0.71561588649401E-02 -0.17768440217658E-02 -0.22779719906179E-03  0.18663156837726E-03  0.12014295620184E-03 -0.70002546100645E-03 -0.15191536978759E-04 -0.91168365297796E-04 -0.20453045469478E-03 -0.11625036174677E-03
  -0.86781387705008E-04  0.87768648581469E-04  0.22359190787912E-02  0.34606285041991E-03  0.58510415840110E-03  0.16704348457613E-03 -0.17092724932940E-02  0.17017742672334E-04  0.10073119423195E-04 -0.15013360090735E-02 -0.88473498650816E-02  0.25488219758717E-02 -0.28191807856226E-01 -0.79789649456739E-01  0.25940419173738E-03  0.37751123912452E-02 -0.31072969442009E-03  0.80964371112230E-03  0.14318760637694E-05 -0.28136049993845E-03  0.11438011246456E-05 -0.14241051329144E-02  0.71487202514021E-03  0.84008909026484E-04 -0.10090072831979E-04  0.13084094472755E-05  0.22030782786405E-04 -0.20494455056488E-04  0.53875696977381E-06  0.76141906022614E-05  0.86459448617796E-04 -0.46812288693472E-04 -0.58603722725712E-05  0.58673705718464E-05  0.80300411331178E-05 -0.55254360214383E-05 -0.21571534161867E-05 -0.19140415959087E-06  0.13273009147330E-05 -0.60749516244590E-05  0.19577671853018E-04
  -0.13391093883530E-02 -0.19692613741087E-03  0.27451058428233E-01 -0.45054657215313E-02 -0.49050854023632E-02 -0.46242042213276E-03  0.22354803116597E-01 -0.33956521137304E-03 -0.21885000748300E-03  0.31788522931683E-01  0.19666514363313E+00 -0.28191807856226E-01  0.45765562171871E+00  0.69687113525862E+00 -0.41371965252214E-02 -0.10116767852466E+00  0.45660499103688E-02 -0.20793274870590E-01 -0.65302905267637E-04 -0.28758194262044E-01 -0.26796185400722E-02  0.21325949543678E-01 -0.11169786151931E-01 -0.14451668484997E-02  0.23976233659073E-03  0.50715673428701E-04 -0.95910103882340E-04  0.34355989750546E-03  0.14955908167481E-03 -0.40699534467890E-04  0.14174600860642E-02  0.15267001650637E-02  0.16658900735924E-04  0.15165804723836E-03 -0.72448801371918E-04 -0.84559600935024E-04 -0.21587793025435E-03  0.88252809866439E-05  0.32510218288830E-04  0.78072992483497E-04 -0.56753398258241E-03
   0.75920168362984E-02  0.29608908918453E-02 -0.88739747282600E-01  0.34494330044464E-01  0.18154007585574E+00 -0.16236950163880E+00  0.15311721348385E+00 -0.18515956461972E-02 -0.14565231970737E-02 -0.55697835595510E-01  0.13385680957436E+00 -0.79789649456740E-01  0.69687113525864E+00  0.25954719405271E+02  0.15074163570701E-01  0.12897933450271E+01 -0.26035542965295E-03  0.20058836949459E+00  0.22182523128870E-03  0.45968984443550E+00  0.21835958231464E-01 -0.10847534840342E+00  0.49559317246244E-01  0.14608994352561E-01  0.42271460016607E-02 -0.24489347201348E-04  0.13217816592353E-01  0.73983639097276E-02  0.43726623168182E-02  0.10917202374892E-03  0.10004174274684E-01  0.49130675703632E-02  0.27583919512265E-02  0.35954362245798E-02 -0.24851341744488E-03 -0.24539748971103E-02 -0.14422088050153E-02  0.20302871789716E-03  0.66228664903334E-03  0.93929929042563E-03  0.35685682807973E-02
   0.11147105668886E-03 -0.18209380909177E-04 -0.19846021150839E-02  0.47007709008775E-03  0.13460113381175E-02 -0.53534551973249E-03 -0.67909009408814E-03 -0.24841069196492E-04 -0.32485865160002E-04 -0.45627250990705E-03 -0.46708989224653E-03  0.25940419173738E-03 -0.41371965252213E-02  0.15074163570703E-01  0.14104077769619E-02  0.28507825242770E-01 -0.29144531820888E-02  0.78368488443649E-02  0.25456560864031E-05 -0.33450280932820E-05 -0.35115725193740E-05  0.24633081824364E-03  0.12756988838716E-03  0.31892084218640E-04  0.21425069578302E-04  0.18493528837689E-04 -0.80258583851929E-05 -0.25992773593162E-04  0.28866249855427E-04  0.26720401084083E-04 -0.38734715808305E-04 -0.47514743009075E-04  0.13967025700292E-04  0.23304541022641E-04  0.21888219539880E-04 -0.68845574218774E-05  0.20823949754587E-05  0.12287257679961E-05  0.48330223616784E-05  0.21834800121648E-04  0.27437760630550E-05
   0.17353460637014E-02  0.42697033459757E-03 -0.16031470299046E-01  0.13159093247621E-01  0.37881073861107E-01 -0.23254214952488E-01 -0.57764463951569E-02  0.31143866429684E-04 -0.22791757153572E-03 -0.47544896119667E-01 -0.20963467113943E+00  0.37751123912448E-02 -0.10116767852465E+00  0.12897933450271E+01  0.28507825242769E-01  0.12343965732255E+01  0.20712021704218E-01  0.14547188725985E+00  0.85406130629600E-04 -0.12876374807783E-01  0.45667054480530E-03 -0.63394820568674E-01  0.39748341232235E-01  0.97590507923277E-02  0.84419211632422E-03  0.77431907062386E-03  0.81135050236101E-03 -0.15669035445236E-03  0.13931582358771E-02  0.13886056651390E-02  0.18591278292846E-03 -0.23287551928473E-04  0.68329647886053E-03  0.10757009641892E-02  0.11732357286518E-02 -0.37726032124142E-02 -0.17535639032696E-02  0.44818620821071E-04  0.20856658777004E-03  0.58224409498445E-03  0.62928257450714E-03
   0.17293646085954E-03  0.16585301074183E-03 -0.68909320142133E-03 -0.64335831593349E-03 -0.44112030094353E-02  0.20482158641668E-02 -0.13738592638452E-02  0.18632071228589E-03  0.15047518617437E-03 -0.10019700103799E-01 -0.48876346718415E-01 -0.31072969442010E-03  0.45660499103690E-02 -0.26035542966933E-03 -0.29144531820890E-02  0.20712021704209E-01  0.26808414054682E-01 -0.38416995476980E-01  0.63611089860301E-05 -0.21509969062246E-02  0.45774673243708E-04 -0.15518787881096E-01  0.50973085994715E-02  0.22082381982678E-02  0.12192102724709E-03  0.12197476121607E-03  0.51088261421839E-03  0.18307596173431E-03  0.17978221282140E-03  0.19292908941141E-03  0.54936948557247E-03  0.55167372780566E-03  0.25923421892768E-04  0.16300865008095E-03  0.18988963305390E-03 -0.12684703581164E-02 -0.92667079788908E-03  0.11300346340310E-04  0.47502218619285E-04  0.23986373948713E-03  0.15079344283329E-03
  -0.43984175437908E-03 -0.17145281873289E-03  0.58735680502089E-02  0.23933027462021E-02  0.11354903994321E-01 -0.66911332142655E-02  0.26742350976616E-02 -0.26958074041667E-03 -0.24073331348106E-03  0.94820345069485E-02  0.36586982705217E-01  0.80964371112226E-03 -0.20793274870590E-01  0.20058836949462E+00  0.78368488443650E-02  0.14547188725986E+00 -0.38416995476979E-01  0.83183698455690E-01 -0.14700097631572E-05 -0.10232204291629E-02 -0.14911633582868E-03  0.13990835001850E-01 -0.37386655502103E-03 -0.22753119764816E-02 -0.19778932681924E-03 -0.20877811438700E-03 -0.10894228245998E-02 -0.40387870594745E-03 -0.21782700122085E-03 -0.24767428510058E-03 -0.11927950609427E-02 -0.12288178037066E-02  0.77821533189189E-04 -0.23220921678327E-03 -0.26518239109494E-03  0.17923475625906E-02  0.15689105749766E-02 -0.20413464358296E-04 -0.83364313283694E-04 -0.52244955934709E-03 -0.19030432462118E-03
   0.34896925309377E-05 -0.30528631210275E-05 -0.80283932714699E-04  0.15770486313763E-05 -0.39513718965289E-04  0.14335842356465E-04 -0.48950367122384E-04  0.45118847473728E-06  0.29715547875880E-06 -0.31954874551776E-04 -0.20062286011764E-03  0.14318760637694E-05 -0.65302905267639E-04  0.22182523128872E-03  0.25456560864033E-05  0.85406130629607E-04  0.63611089860292E-05 -0.14700097631549E-05  0.54486732293561E-06  0.69691635048888E-04  0.67229799720146E-05 -0.31207880377335E-04  0.16725968286158E-04  0.34239404328556E-05  0.32765057854035E-06  0.21976409943528E-06  0.13520305150007E-05  0.48430039796465E-07  0.60721995886450E-06  0.48943638378250E-06 -0.70654567640605E-06 -0.47140717946952E-06  0.23958228198552E-06  0.48545653711079E-06  0.72006083084736E-06 -0.88607203206124E-06 -0.67284332285654E-06  0.16603637465604E-07  0.63033896089291E-07  0.36958181811694E-06  0.42751355290472E-06
   0.54535911233844E-03 -0.27648450087544E-04 -0.99127725658506E-02  0.85991638165669E-04  0.36375449024689E-02 -0.50507320720186E-02  0.11018349491788E-01 -0.92637510991599E-04 -0.69984052823083E-04 -0.33266812198451E-02  0.29359010364369E-01 -0.28136049993846E-03 -0.28758194262044E-01  0.45968984443550E+00 -0.33450280933052E-05 -0.12876374807783E-01 -0.21509969062244E-02 -0.10232204291632E-02  0.69691635048888E-04  0.13022355471241E+00  0.10246077505655E-01  0.63770631598171E-02 -0.32223726078132E-02 -0.15008178219339E-03  0.22112879216292E-03 -0.84150249445931E-04  0.16368897207310E-02  0.30354073792417E-03  0.15742783929242E-03  0.85015827559207E-04  0.62064127110541E-03  0.80478889609739E-03 -0.54262923837650E-04  0.57711314551673E-06  0.24797157010317E-03 -0.35411817924780E-03 -0.38430713767045E-03  0.11782795906070E-04  0.46652890784433E-04  0.32025086022481E-03  0.68141015557738E-03
  -0.21343297308810E-04  0.15987635917042E-04  0.59832057930089E-03 -0.25531754561589E-05  0.36755959553800E-03 -0.48296888630875E-03  0.10762536868388E-02 -0.11453240429047E-04 -0.84598782861481E-05 -0.15482725678713E-03  0.41605340638556E-02  0.11438011246436E-05 -0.26796185400722E-02  0.21835958231464E-01 -0.35115725193796E-05  0.45667054480524E-03  0.45774673243745E-04 -0.14911633582875E-03  0.67229799720146E-05  0.10246077505655E-01  0.10030007720675E-02 -0.48929815754339E-04  0.93733973190621E-04  0.14253395403790E-03  0.13362615170376E-04  0.52759137422377E-05  0.14797674196147E-03  0.22457770811989E-04  0.33643909143496E-05  0.25740159615298E-04  0.66459391028058E-04  0.90512238350601E-04 -0.10489287099615E-04 -0.22167976985359E-04  0.38056406764460E-04 -0.40757121118600E-04 -0.35946188481532E-04  0.76200948238348E-06  0.36157852888985E-05  0.25241356719504E-04  0.32055952036052E-04
   0.48258840557527E-03 -0.15491976515566E-02 -0.18235801489524E-01 -0.21739338364161E-02 -0.67030092315755E-02  0.44286500129949E-02 -0.35429959192581E-03 -0.77134115795908E-04 -0.55286571457503E-04  0.70382733244313E-02  0.51320808044482E-01 -0.14241051329144E-02  0.21325949543677E-01 -0.10847534840341E+00  0.24633081824384E-03 -0.63394820568670E-01 -0.15518787881097E-01  0.13990835001852E-01 -0.31207880377334E-04  0.63770631598173E-02 -0.48929815754327E-04  0.59387765949194E-01 -0.20527497396543E-01 -0.37366269435341E-02 -0.51337126338873E-04 -0.52230642081601E-04  0.61914510508604E-03  0.64755180214988E-04 -0.59463138356379E-04 -0.88805614908740E-04  0.29836605589603E-03  0.43424589627458E-03 -0.36215645326413E-04 -0.23358147535919E-03 -0.26382241790905E-03  0.72540612401990E-03  0.39778754135417E-03  0.33320086922037E-06  0.11952093254858E-05  0.63293137057209E-04 -0.48896539059844E-04
  -0.50322012299521E-03  0.42259280120444E-03  0.12073355815841E-01  0.54693923729259E-03  0.72904404642425E-03 -0.12467496705718E-02 -0.74575094363815E-03  0.60251851791513E-05  0.58929986272462E-05 -0.23216300829701E-02 -0.22708363787305E-01  0.71487202514020E-03 -0.11169786151931E-01  0.49559317246242E-01  0.12756988838710E-03  0.39748341232234E-01  0.50973085994717E-02 -0.37386655502160E-03  0.16725968286158E-04 -0.32223726078132E-02  0.93733973190620E-04 -0.20527497396543E-01  0.10379801435819E-01  0.92812570387330E-03 -0.66751890506633E-04 -0.62353591212832E-04 -0.54711565935655E-03 -0.11427311233453E-03  0.83529715945533E-05  0.21355262074145E-04 -0.32291112417236E-03 -0.39116319996389E-03  0.20587158899923E-04  0.27704088006294E-04  0.64416874410606E-04 -0.50818230927403E-04  0.87799796678379E-04 -0.61511868312026E-05 -0.26452672470394E-04 -0.18576573446060E-03 -0.86390865195115E-05
   0.45430379382078E-04  0.83709828376165E-04  0.35737186145983E-04  0.24379378189179E-03  0.64881854779854E-03 -0.36491133191615E-03 -0.44695325672726E-04  0.14255257924947E-04  0.87755894141017E-05 -0.11490249998019E-02 -0.49349549557319E-02  0.84008909026479E-04 -0.14451668484996E-02  0.14608994352560E-01  0.31892084218611E-04  0.97590507923269E-02  0.22082381982678E-02 -0.22753119764819E-02  0.34239404328555E-05 -0.15008178219341E-03  0.14253395403790E-03 -0.37366269435341E-02  0.92812570387329E-03  0.75759481222276E-03  0.35457041598374E-04  0.38413520265204E-04  0.65348813093635E-04  0.20560333201459E-04  0.14539894819233E-04  0.23685280621419E-04  0.72446877801221E-04  0.66931388130966E-04  0.82183131414853E-05 -0.32970515703037E-07  0.15853031416809E-04 -0.15183291702659E-03 -0.11377849318730E-03  0.18591452998953E-05  0.76760895045818E-05  0.42878576992334E-04  0.17296181551992E-04
   0.47413636640978E-04  0.71112707610785E-05 -0.66499745745526E-03  0.61642134374011E-04  0.15036394055329E-03 -0.21489350546614E-04 -0.79724115765139E-04  0.88067676394474E-05  0.57384810528143E-05 -0.70249621775486E-04 -0.40817799137791E-03 -0.10090072831980E-04  0.23976233659075E-03  0.42271460016607E-02  0.21425069578299E-04  0.84419211632418E-03  0.12192102724710E-03 -0.19778932681926E-03  0.32765057854032E-06  0.22112879216292E-03  0.13362615170375E-04 -0.51337126338879E-04 -0.66751890506632E-04  0.35457041598374E-04  0.29441937581858E-04  0.19940295430993E-04  0.47972771327221E-04  0.17641265037820E-04  0.22333897479012E-04  0.22115885641934E-04  0.46872702367063E-04  0.47004484556384E-04  0.81522258465414E-05  0.21236673363892E-04  0.20597220383583E-04 -0.18668336929558E-04 -0.19950290882789E-04  0.83266573726470E-06  0.33069885969938E-05  0.24598365623078E-04  0.42271837621577E-05
   0.38090674051192E-04  0.53418821500481E-05 -0.49860292012931E-03  0.55133479923131E-04  0.14813310584919E-03 -0.36903252621484E-04 -0.29726987763107E-04  0.81084783419240E-05  0.52440169458255E-05 -0.40881126559352E-04  0.10128002511518E-03  0.13084094472749E-05  0.50715673428718E-04 -0.24489347201369E-04  0.18493528837686E-04  0.77431907062380E-03  0.12197476121608E-03 -0.20877811438702E-03  0.21976409943526E-06 -0.84150249445934E-04  0.52759137422376E-05 -0.52230642081607E-04 -0.62353591212831E-04  0.38413520265204E-04  0.19940295430993E-04  0.38137906038292E-04  0.57538936152123E-04  0.18296882157476E-04  0.21678366730581E-04  0.25367023208138E-04  0.53095857441400E-04  0.55779013090878E-04  0.63526193282869E-05  0.20305229392172E-04  0.23451036701720E-04 -0.19329076280591E-04 -0.20688853805934E-04  0.82421803248436E-06  0.34304799826793E-05  0.25894881413320E-04  0.22696352776983E-05
  -0.51178489426596E-04 -0.42767239328525E-04  0.11359520860968E-02 -0.44273473243403E-04 -0.15577775748476E-03 -0.23243629234912E-03  0.36477060169706E-03  0.37603877879445E-05  0.12836126963137E-05 -0.17087266950761E-02  0.27911378768372E-02  0.22030782786405E-04 -0.95910103882323E-04  0.13217816592353E-01 -0.80258583852023E-05  0.81135050236071E-03  0.51088261421841E-03 -0.10894228245999E-02  0.13520305150008E-05  0.16368897207310E-02  0.14797674196147E-03  0.61914510508605E-03 -0.54711565935656E-03  0.65348813093633E-04  0.47972771327220E-04  0.57538936152123E-04  0.77626994645797E-03  0.58882701494586E-04  0.51761768690981E-04  0.65448607628278E-04  0.29872518844414E-03  0.30306624385422E-03 -0.96778775219561E-05  0.45584614689186E-04  0.60883374262178E-04 -0.75833200032369E-04 -0.77330344441876E-04  0.23296182394728E-05  0.10932923207144E-04  0.76239036109033E-04  0.25939603391121E-04
   0.31138819194120E-04  0.31207920860287E-05 -0.40702467126161E-03  0.35661343531263E-04  0.15530475866102E-03 -0.91671730491261E-04  0.12622530385505E-03  0.88205297741927E-05  0.61198372981852E-05  0.49287512732767E-04  0.59369710987379E-03 -0.20494455056488E-04  0.34355989750548E-03  0.73983639097274E-02 -0.25992773593166E-04 -0.15669035445245E-03  0.18307596173432E-03 -0.40387870594747E-03  0.48430039796444E-07  0.30354073792417E-03  0.22457770811989E-04  0.64755180214988E-04 -0.11427311233453E-03  0.20560333201459E-04  0.17641265037820E-04  0.18296882157476E-04  0.58882701494586E-04  0.56979056919664E-04  0.19194990863096E-04  0.20466988420018E-04  0.61611373118108E-04  0.61887468088090E-04  0.57717257513123E-05  0.18050958696935E-04  0.18884905173296E-04 -0.18366670710613E-04 -0.20030959892523E-04  0.88095003170547E-06  0.37662368346076E-05  0.26089454818848E-04  0.49041580995891E-05
   0.47810081868919E-04  0.71144723245477E-06 -0.66757143825302E-03  0.63732765425887E-04  0.10670955035585E-03 -0.57150841650060E-05 -0.13228037989343E-03  0.90947943681920E-05  0.58392349642709E-05 -0.88179124835320E-04 -0.39409637076791E-03  0.53875696977313E-06  0.14955908167482E-03  0.43726623168182E-02  0.28866249855424E-04  0.13931582358770E-02  0.17978221282141E-03 -0.21782700122088E-03  0.60721995886447E-06  0.15742783929241E-03  0.33643909143495E-05 -0.59463138356386E-04  0.83529715945543E-05  0.14539894819234E-04  0.22333897479012E-04  0.21678366730581E-04  0.51761768690981E-04  0.19194990863096E-04  0.30019252257355E-04  0.27684483214081E-04  0.54198048957264E-04  0.53672750498484E-04  0.84725750699713E-05  0.27500818102371E-04  0.26072378242068E-04 -0.22724413294478E-04 -0.23232802443222E-04  0.90970934051462E-06  0.36571186960701E-05  0.26456116497703E-04  0.53076835616740E-05
