 Correlated errors treated separately from statistical errors
 BcdF2pCor  DIS data with   1.69< Q2 < 0.500D+03 and 0.000 < xB < 1.000 and   3.00< W2 < 0.100D+04 and 0.000 < y < 1.000
   GP TMC applied
   HT corrections, multiplicative C=C(xB)
 Correlated errors treated separately from statistical errors
 BcdF2dCor  DIS data with   1.69< Q2 < 0.500D+03 and 0.000 < xB < 1.000 and   3.00< W2 < 0.100D+04 and 0.000 < y < 1.000
   WBArel smearing  (AV18) - KP off-shell param nuke corrections
   GP TMC applied
   HT corrections, multiplicative C=C(xB)
 Correlated errors added in quadrature with statistical errors
 slac_p     DIS data with   1.69< Q2 < 0.500D+03 and 0.000 < xB < 1.000 and   3.00< W2 < 0.100D+04 and 0.000 < y < 1.000
   GP TMC applied
   HT corrections, multiplicative C=C(xB)
 Correlated errors added in quadrature with statistical errors
 slac_d     DIS data with   1.69< Q2 < 0.500D+03 and 0.000 < xB < 1.000 and   3.00< W2 < 0.100D+04 and 0.000 < y < 1.000
   WBArel smearing  (AV18) - KP off-shell param nuke corrections
   GP TMC applied
   HT corrections, multiplicative C=C(xB)
 Correlated errors added in quadrature with statistical errors
 jl00106F2p DIS data with   1.69< Q2 < 0.500D+03 and 0.000 < xB < 1.000 and   3.00< W2 < 0.100D+04 and 0.000 < y < 1.000
   GP TMC applied
   HT corrections, multiplicative C=C(xB)
 Correlated errors added in quadrature with statistical errors
 jl00106F2d DIS data with   1.69< Q2 < 0.500D+03 and 0.000 < xB < 1.000 and   3.00< W2 < 0.100D+04 and 0.000 < y < 1.000
   WBArel smearing  (AV18) - KP off-shell param nuke corrections
   GP TMC applied
   HT corrections, multiplicative C=C(xB)
 Correlated errors treated separately from statistical errors
 NmcF2pCor  DIS data with   1.69< Q2 < 0.500D+03 and 0.000 < xB < 1.000 and   3.00< W2 < 0.100D+04 and 0.000 < y < 1.000
   GP TMC applied
   HT corrections, multiplicative C=C(xB)
 Correlated errors treated separately from statistical errors
 NmcRatCor  DIS data with   1.69< Q2 < 0.500D+03 and 0.000 < xB < 1.000 and   3.00< W2 < 0.100D+04 and 0.000 < y < 1.000
   WBArel smearing  (AV18) - KP off-shell param nuke corrections
   GP TMC applied
   HT corrections, multiplicative C=C(xB)
 Correlated errors treated separately from statistical errors
 H_nc_el_c  DIS data with   1.69< Q2 < 0.100D+06 and 0.000 < xB < 1.000 and   3.00< W2 < 0.100D+08 and 0.000 < y < 1.000
   GP TMC applied
   HT corrections, multiplicative C=C(xB)
 Correlated errors treated separately from statistical errors
 H_nc_ps_c  DIS data with   1.69< Q2 < 0.100D+06 and 0.000 < xB < 1.000 and   3.00< W2 < 0.100D+08 and 0.000 < y < 1.000
   GP TMC applied
   HT corrections, multiplicative C=C(xB)
 Correlated errors treated separately from statistical errors
 H_cc_el_c  DIS data with   1.69< Q2 < 0.100D+06 and 0.000 < xB < 1.000 and   3.00< W2 < 0.100D+08 and 0.000 < y < 1.000
   GP TMC applied
   HT corrections, multiplicative C=C(xB)
 Correlated errors treated separately from statistical errors
 H_cc_ps_c  DIS data with   1.69< Q2 < 0.100D+06 and 0.000 < xB < 1.000 and   3.00< W2 < 0.100D+08 and 0.000 < y < 1.000
   GP TMC applied
   HT corrections, multiplicative C=C(xB)
 Correlated errors added in quadrature with statistical errors
 BNS_F2nd   DIS data with   1.69< Q2 < 0.100D+06 and 0.000 < xB < 1.000 and   3.00< W2 < 0.100D+08 and 0.000 < y < 1.000
   WBArel smearing  (AV18) - KP off-shell param nuke corrections
   GP TMC applied
   HT corrections, multiplicative C=C(xB)
 Correlated errors added in quadrature with statistical errors
 e605       vector boson data with Q2 >=   0.00
 Correlated errors added in quadrature with statistical errors
 e866pp06xf vector boson data with Q2 >=  36.00
 Correlated errors added in quadrature with statistical errors
 e866pd06xf vector boson data with Q2 >=  36.00
 Correlated errors added in quadrature with statistical errors
 e866rat    vector boson data with Q2 >=   0.00
 Correlated errors added in quadrature with statistical errors
 cdfLasy05  vector boson data with Q2 >=   0.00
 Correlated errors added in quadrature with statistical errors
 d0Lasy_e15 vector boson data with Q2 >=   0.00
 Correlated errors added in quadrature with statistical errors
 CDF_Wasy   vector boson data with Q2 >=   0.00
 Correlated errors added in quadrature with statistical errors
 D0_Wasy    vector boson data with Q2 >=   0.00
 Correlated errors added in quadrature with statistical errors
 d0Lasy13   vector boson data with Q2 >=   0.00
 Correlated errors added in quadrature with statistical errors
 CDF_Z      vector boson data with Q2 >=   0.00
 Correlated errors added in quadrature with statistical errors
 D0_Z       vector boson data with Q2 >=   0.00
 Correlated errors added in quadrature with statistical errors
 d0run2coneJet data - errors added in quadrature
 Correlated errors added in quadrature with statistical errors
 CDFrun2jetJet data - errors added in quadrature
 Correlated errors added in quadrature with statistical errors
 d0_gamjet1 Photon data -- cuts to be written yet ...
 Correlated errors added in quadrature with statistical errors
 d0_gamjet2 Photon data -- cuts to be written yet ...
 Correlated errors added in quadrature with statistical errors
 d0_gamjet3 Photon data -- cuts to be written yet ...
 Correlated errors added in quadrature with statistical errors
 d0_gamjet4 Photon data -- cuts to be written yet ...

# fitpack10: fit output
# CJ15_AV18                                                                    

Parametrization   7 used here

 S-ACOT scheme used  for NC DIS

 charm mass =     1.30 GeV     bottom mass =     4.50 GeV



 THIS IS A NEXT TO LEADING ORDER FIT

 Q02=    1.69
         1  LAMBDA      VALUE=   0.22680      WEIGHT=    0.0000    
         2  a0uv        VALUE=    2.4992      WEIGHT=    0.0000    
         3  a1uv        VALUE=   0.62338      WEIGHT=   0.38544E-01
         4  a2uv        VALUE=    3.5331      WEIGHT=   0.22785E-01
         5  a3uv        VALUE=    0.0000      WEIGHT=    0.0000    
         6  a4uv        VALUE=    3.2403      WEIGHT=   0.48605    
         7  a5uv        VALUE=    0.0000      WEIGHT=    0.0000    
         8  a0dv        VALUE=    23.078      WEIGHT=    0.0000    
         9  a1dv        VALUE=    1.1405      WEIGHT=   0.35169E-01
        10  a2dv        VALUE=    6.5926      WEIGHT=   0.16161    
        11  a3dv        VALUE=   -3.5426      WEIGHT=   0.93890E-01
        12  a4dv        VALUE=    4.8606      WEIGHT=   0.15796    
        13  a5dv        VALUE=    0.0000      WEIGHT=    0.0000    
        14  a0ud        VALUE=   0.14322      WEIGHT=   0.51056E-02
        15  a1ud        VALUE=  -0.21645      WEIGHT=   0.39322E-02
        16  a2ud        VALUE=    8.3890      WEIGHT=   0.15653    
        17  a3ud        VALUE=    0.0000      WEIGHT=    0.0000    
        18  a4ud        VALUE=    15.659      WEIGHT=    1.1632    
        19  a5ud        VALUE=    0.0000      WEIGHT=    0.0000    
        20  a0du        VALUE=    35712.      WEIGHT=    0.0000    
        21  a1du        VALUE=    3.9744      WEIGHT=   0.53487E-01
        22  a2du        VALUE=    20.307      WEIGHT=   0.68096    
        23  a3du        VALUE=    17.000      WEIGHT=    0.0000    
        24  a4du        VALUE=    46.763      WEIGHT=    5.2636    
        25  a0g         VALUE=    46.598      WEIGHT=    0.0000    
        26  a1g         VALUE=   0.61672      WEIGHT=   0.38244E-01
        27  a2g         VALUE=    6.1855      WEIGHT=    1.1772    
        28  a3g         VALUE=   -3.2497      WEIGHT=   0.17262    
        29  a4g         VALUE=    2.9810      WEIGHT=   0.30817    
        30  a5g         VALUE=    0.0000      WEIGHT=    0.0000    
        31  kappa       VALUE=   0.40000      WEIGHT=    0.0000    
        32  a6dv        VALUE=  -0.41537E-02  WEIGHT=   0.74758E-03
        33  a7dv        VALUE=    2.0000      WEIGHT=    0.0000    
        34  x0_KP       VALUE=   0.32900      WEIGHT=   0.89707E-01
        35  C_KP        VALUE=   0.97630E-01  WEIGHT=   0.29023E-01
        36  ht1         VALUE=   -2.9782      WEIGHT=   0.23859    
        37  ht2         VALUE=    1.7289      WEIGHT=   0.10261    
        38  ht3         VALUE=   -2.0871      WEIGHT=   0.27045E-01
        39  ht4         VALUE=    0.0000      WEIGHT=    0.0000    
        40  dummy40     VALUE=    0.0000      WEIGHT=    0.0000    
        41  dummy41     VALUE=    0.0000      WEIGHT=    0.0000    
        42  dummy42     VALUE=    0.0000      WEIGHT=    0.0000    
        43  dummy43     VALUE=    0.0000      WEIGHT=    0.0000    
        44  dummy44     VALUE=    0.0000      WEIGHT=    0.0000    
        45  dummy45     VALUE=    0.0000      WEIGHT=    0.0000    
        46  dummy46     VALUE=    0.0000      WEIGHT=    0.0000    
        47  dummy47     VALUE=    0.0000      WEIGHT=    0.0000    
        48  dummy48     VALUE=    0.0000      WEIGHT=    0.0000    
        49  dummy49     VALUE=    0.0000      WEIGHT=    0.0000    
        50  bcdmsh2     VALUE=   0.97335      WEIGHT=   0.54696E-02
        51  bcdmsd2     VALUE=   0.99612      WEIGHT=   0.61678E-02
        52  ccfr        VALUE=    1.0000      WEIGHT=    0.0000    
        53  nutev       VALUE=    1.0000      WEIGHT=    0.0000    
        54  zeus        VALUE=   0.97998      WEIGHT=    0.0000    
        55  h1          VALUE=    1.0162      WEIGHT=    0.0000    
        56  e605        VALUE=    1.0319      WEIGHT=   0.28168E-01
        57  NmcH2       VALUE=    1.0166      WEIGHT=   0.76221E-02
        58  ntv_nu      VALUE=    1.0000      WEIGHT=    0.0000    
        59  ntv_nubar   VALUE=    1.0000      WEIGHT=    0.0000    
        60  cdf_jet     VALUE=   0.98910      WEIGHT=    0.0000    
        61  d0_jet      VALUE=   0.83504      WEIGHT=    0.0000    
        62  slac_p      VALUE=    1.0041      WEIGHT=   0.56170E-02
        63  slac_d      VALUE=    1.0067      WEIGHT=   0.58266E-02
        64  e866pp      VALUE=   0.97702      WEIGHT=   0.18875E-01
        65  e866pd      VALUE=   0.99185      WEIGHT=   0.17294E-01
        66  d0_gamjet   VALUE=    1.0383      WEIGHT=   0.16556E-01
        67  h1b         VALUE=   0.97608      WEIGHT=    0.0000    
        68  jlab_p      VALUE=   0.99458      WEIGHT=   0.64986E-02
        69  jlab_d      VALUE=   0.97956      WEIGHT=   0.64393E-02
        70  blank       VALUE=    1.0000      WEIGHT=    0.0000    
        71  d0run2      VALUE=   0.93436      WEIGHT=   0.15710E-01
        72  cdfrun2     VALUE=   0.92014      WEIGHT=   0.18119E-01
        73  HERA_el     VALUE=   0.99986      WEIGHT=   0.34134E-02
        74  HERA_ps     VALUE=   0.99548      WEIGHT=   0.31439E-02
        75  CDF_Z       VALUE=   0.97653      WEIGHT=   0.69817E-02
        76  NmcRat      VALUE=    1.0000      WEIGHT=    0.0000    
        77  BNS_F2nd    VALUE=   0.98405      WEIGHT=   0.63432E-02
0THE TOLERANCE IS    0.5000
 THE MAXIMUM NUMBER OF STEPS IS 100
0THE INITIAL CHI SQUARED IS  3.9536E+03
0  STEP  CHI SQUARED    PARAMETER      VALUE         ERROR
 ------------------------------------------------------------
     1    3.9534E+03
                       1  LAMBDA     2.2680E-01    0.0000E+00
                       2  a0uv       2.4597E+00    0.0000E+00
                       3  a1uv       6.1962E-01    1.9615E-02
                       4  a2uv       3.5340E+00    1.1675E-02
                       5  a3uv       0.0000E+00    0.0000E+00
                       6  a4uv       3.3135E+00    3.9645E-01
                       7  a5uv       0.0000E+00    0.0000E+00
                       8  a0dv       2.2916E+01    0.0000E+00
                       9  a1dv       1.1381E+00    3.4802E-02
                      10  a2dv       6.5908E+00    1.5985E-01
                      11  a3dv      -3.5465E+00    9.1915E-02
                      12  a4dv       4.8727E+00    1.4856E-01
                      13  a5dv       0.0000E+00    0.0000E+00
                      14  a0ud       1.4272E-01    5.0657E-03
                      15  a1ud      -2.1679E-01    3.9226E-03
                      16  a2ud       8.3922E+00    1.4908E-01
                      17  a3ud       0.0000E+00    0.0000E+00
                      18  a4ud       1.5757E+01    1.1262E+00
                      19  a5ud       0.0000E+00    0.0000E+00
                      20  a0du       3.5712E+04    0.0000E+00
                      21  a1du       3.9751E+00    4.8791E-02
                      22  a2du       2.0320E+01    6.6073E-01
                      23  a3du       1.7000E+01    0.0000E+00
                      24  a4du       4.6722E+01    5.5308E+00
                      25  a0g        4.6386E+01    0.0000E+00
                      26  a1g        6.1593E-01    3.8183E-02
                      27  a2g        6.1966E+00    1.1475E+00
                      28  a3g       -3.2492E+00    1.7029E-01
                      29  a4g        2.9866E+00    3.0615E-01
                      30  a5g        0.0000E+00    0.0000E+00
                      31  kappa      4.0000E-01    0.0000E+00
                      32  a6dv      -4.1862E-03    7.1827E-04
                      33  a7dv       2.0000E+00    0.0000E+00
                      34  x0_KP      3.2731E-01    8.8853E-02
                      35  C_KP       9.7804E-02    2.8463E-02
                      36  ht1       -2.9844E+00    2.3962E-01
                      37  ht2        1.7360E+00    1.0164E-01
                      38  ht3       -2.0872E+00    2.7199E-02
                      39  ht4        0.0000E+00    0.0000E+00
                      40  dummy40    0.0000E+00    0.0000E+00
                      41  dummy41    0.0000E+00    0.0000E+00
                      42  dummy42    0.0000E+00    0.0000E+00
                      43  dummy43    0.0000E+00    0.0000E+00
                      44  dummy44    0.0000E+00    0.0000E+00
                      45  dummy45    0.0000E+00    0.0000E+00
                      46  dummy46    0.0000E+00    0.0000E+00
                      47  dummy47    0.0000E+00    0.0000E+00
                      48  dummy48    0.0000E+00    0.0000E+00
                      49  dummy49    0.0000E+00    0.0000E+00
                      50  bcdmsh2    9.7279E-01    5.4409E-03
                      51  bcdmsd2    9.9563E-01    6.1475E-03
                      52  ccfr       1.0000E+00    0.0000E+00
                      53  nutev      1.0000E+00    0.0000E+00
                      54  zeus       9.7998E-01    0.0000E+00
                      55  h1         1.0162E+00    0.0000E+00
                      56  e605       1.0326E+00    2.8106E-02
                      57  NmcH2      1.0162E+00    7.5536E-03
                      58  ntv_nu     1.0000E+00    0.0000E+00
                      59  ntv_nuba   1.0000E+00    0.0000E+00
                      60  cdf_jet    9.8910E-01    0.0000E+00
                      61  d0_jet     8.3504E-01    0.0000E+00
                      62  slac_p     1.0036E+00    5.4917E-03
                      63  slac_d     1.0063E+00    5.7964E-03
                      64  e866pp     9.7751E-01    1.8577E-02
                      65  e866pd     9.9208E-01    1.7250E-02
                      66  d0_gamje   1.0379E+00    1.6543E-02
                      67  h1b        9.7608E-01    0.0000E+00
                      68  jlab_p     9.9409E-01    6.2857E-03
                      69  jlab_d     9.7913E-01    6.4152E-03
                      70  blank      1.0000E+00    0.0000E+00
                      71  d0run2     9.3481E-01    1.5689E-02
                      72  cdfrun2    9.2069E-01    1.8103E-02
                      73  HERA_el    9.9983E-01    3.4132E-03
                      74  HERA_ps    9.9539E-01    3.1418E-03
                      75  CDF_Z      9.7579E-01    6.8516E-03
                      76  NmcRat     1.0000E+00    0.0000E+00
                      77  BNS_F2nd   9.8400E-01    6.3242E-03
0 MINIMIZATION TERMINATED WITH STEP  1
  TOLERANCE CRITERION      SATISFIED
0 CHI SQUARED PER DEGREE OF FREEDOM IS  9.891E-01
   1.000 -0.341 -0.974  0.315  0.017  0.228 -0.442  0.484  0.428 -0.230 -0.503 -0.092 -0.090  0.112  0.141  0.046  0.022 -0.066  0.265  0.118 -0.039  0.129 -0.293  0.015  0.431  0.320 -0.110  0.207  0.427  0.333 -0.167 -0.119  0.115  0.342  0.276 -0.136 -0.136  0.036  0.138  0.445  0.054
  -0.341  1.000  0.506  0.213  0.342 -0.237  0.211 -0.092 -0.084  0.297  0.222  0.154 -0.030  0.030 -0.031  0.061  0.099 -0.044 -0.241 -0.024  0.034 -0.548  0.370  0.284  0.117  0.069 -0.118  0.038  0.021  0.050  0.123  0.072 -0.001  0.109  0.128 -0.053 -0.024 -0.001  0.000  0.010 -0.055
  -0.974  0.506  1.000 -0.221  0.063 -0.264  0.448 -0.445 -0.396  0.278  0.530  0.117  0.089 -0.090 -0.121  0.003  0.025  0.041 -0.263 -0.085  0.042 -0.217  0.340  0.078 -0.291 -0.211  0.124 -0.131 -0.285 -0.204  0.260  0.211 -0.098 -0.213 -0.160  0.087  0.097 -0.028 -0.105 -0.332 -0.036
   0.315  0.213 -0.221  1.000  0.826 -0.610 -0.039  0.163  0.121 -0.061 -0.156  0.202 -0.191  0.156  0.353  0.320 -0.132  0.244  0.390  0.111 -0.035 -0.238  0.130  0.238  0.324  0.243 -0.035  0.138  0.329  0.280  0.043  0.004  0.043  0.277  0.197 -0.101 -0.091  0.022  0.111  0.302  0.068
   0.017  0.342  0.063  0.826  1.000 -0.872  0.483 -0.047 -0.059  0.193  0.140  0.080 -0.042  0.205  0.220  0.196 -0.184  0.249  0.007 -0.017  0.061 -0.146  0.019  0.128  0.167  0.149 -0.042  0.125  0.112  0.133  0.088  0.056  0.009  0.104  0.047 -0.020 -0.027  0.011  0.060  0.163  0.020
   0.228 -0.237 -0.264 -0.610 -0.872  1.000 -0.726  0.235  0.226 -0.205 -0.333  0.035 -0.016 -0.308 -0.136 -0.204  0.137 -0.241 -0.074 -0.088 -0.148  0.169 -0.107 -0.136 -0.037 -0.054 -0.092 -0.131 -0.001 -0.044 -0.169 -0.171  0.027  0.002  0.025 -0.002 -0.003 -0.002 -0.017 -0.058 -0.131
  -0.442  0.211  0.448 -0.039  0.483 -0.726  1.000 -0.356 -0.317  0.429  0.560 -0.230  0.234  0.192 -0.135 -0.039 -0.038  0.045 -0.343 -0.018  0.238  0.009 -0.059 -0.004 -0.106 -0.030  0.075  0.106 -0.172 -0.073  0.207  0.245 -0.051 -0.141 -0.113  0.050  0.042 -0.007 -0.036 -0.064  0.097
   0.484 -0.092 -0.445  0.163 -0.047  0.235 -0.356  1.000  0.973 -0.353 -0.806  0.063 -0.097 -0.082 -0.131  0.003  0.215 -0.173  0.125  0.037 -0.084 -0.059  0.005  0.092  0.317  0.254  0.030  0.230  0.324  0.275  0.011  0.020  0.111  0.262  0.234  0.003  0.003  0.022  0.097  0.358  0.018
   0.428 -0.084 -0.396  0.121 -0.059  0.226 -0.317  0.973  1.000 -0.311 -0.764  0.048 -0.080 -0.081 -0.221 -0.056  0.226 -0.204  0.098  0.024 -0.078 -0.053  0.007  0.070  0.267  0.214  0.014  0.207  0.269  0.225 -0.007  0.001  0.099  0.218  0.193  0.021  0.016  0.018  0.017  0.296  0.008
  -0.230  0.297  0.278 -0.061  0.193 -0.205  0.429 -0.353 -0.311  1.000  0.677 -0.195  0.313 -0.022 -0.078 -0.278 -0.387  0.194 -0.261 -0.271  0.043  0.189 -0.138 -0.256 -0.087 -0.019 -0.427  0.041 -0.111 -0.048 -0.014 -0.018 -0.012 -0.062 -0.047  0.239  0.141 -0.011 -0.072 -0.121 -0.191
  -0.503  0.222  0.530 -0.156  0.140 -0.333  0.560 -0.806 -0.764  0.677  1.000 -0.145  0.249  0.050 -0.004 -0.128 -0.214  0.086 -0.212 -0.146  0.173  0.157 -0.154 -0.084 -0.060  0.033  0.082  0.069 -0.058  0.054  0.330  0.362 -0.092 -0.045  0.035 -0.015 -0.045 -0.004 -0.025 -0.029 -0.026
  -0.092  0.154  0.117  0.202  0.080  0.035 -0.230  0.063  0.048 -0.195 -0.145  1.000 -0.822 -0.294  0.137  0.062 -0.047  0.060  0.091  0.047 -0.014 -0.113  0.135  0.057 -0.030 -0.004  0.028 -0.043  0.010  0.018  0.106 -0.040 -0.008  0.027  0.018 -0.006 -0.003 -0.001  0.011 -0.009  0.082
  -0.090 -0.030  0.089 -0.191 -0.042 -0.016  0.234 -0.097 -0.080  0.313  0.249 -0.822  1.000  0.203 -0.164 -0.138  0.043 -0.110 -0.185 -0.146 -0.098  0.136 -0.171 -0.094  0.058  0.024 -0.018  0.060  0.032  0.001  0.100  0.112  0.003  0.032 -0.005 -0.005 -0.015  0.004  0.013  0.007 -0.162
   0.112  0.030 -0.090  0.156  0.205 -0.308  0.192 -0.082 -0.081 -0.022  0.050 -0.294  0.203  1.000  0.059  0.130 -0.098  0.166  0.092  0.332  0.063  0.000 -0.020 -0.075  0.135 -0.013  0.080  0.194  0.139 -0.019  0.082  0.031  0.032  0.135 -0.008  0.017  0.008  0.011  0.038  0.018  0.082
   0.141 -0.031 -0.121  0.353  0.220 -0.136 -0.135 -0.131 -0.221 -0.078 -0.004  0.137 -0.164  0.059  1.000  0.680 -0.490  0.736  0.195  0.073 -0.028  0.017  0.039  0.032  0.106  0.070 -0.003 -0.091  0.142  0.114 -0.050 -0.062  0.021  0.104  0.083 -0.011  0.003  0.009  0.041  0.089  0.029
   0.046  0.061  0.003  0.320  0.196 -0.204 -0.039  0.003 -0.056 -0.278 -0.128  0.062 -0.138  0.130  0.680  1.000  0.099  0.478  0.204  0.273 -0.093 -0.250  0.347  0.324  0.159  0.077  0.074 -0.002  0.255  0.186  0.056  0.073  0.029  0.187  0.142 -0.233 -0.104  0.013  0.071  0.123  0.183
   0.022  0.099  0.025 -0.132 -0.184  0.137 -0.038  0.215  0.226 -0.387 -0.214 -0.047  0.043 -0.098 -0.490  0.099  1.000 -0.807  0.000  0.246 -0.083 -0.381  0.281  0.491  0.156  0.091  0.162  0.164  0.222  0.175  0.230  0.270 -0.000  0.181  0.158 -0.501 -0.326  0.022  0.102  0.261  0.229
  -0.066 -0.044  0.041  0.244  0.249 -0.241  0.045 -0.173 -0.204  0.194  0.086  0.060 -0.110  0.166  0.736  0.478 -0.807  1.000  0.083 -0.069 -0.001  0.175  0.012 -0.278 -0.126 -0.109 -0.147 -0.186 -0.133 -0.134 -0.233 -0.263  0.021 -0.120 -0.130  0.380  0.294 -0.020 -0.091 -0.270 -0.117
   0.265 -0.241 -0.263  0.390  0.007 -0.074 -0.343  0.125  0.098 -0.261 -0.212  0.091 -0.185  0.092  0.195  0.204  0.000  0.083  1.000  0.302  0.267 -0.252  0.257  0.250  0.176  0.092  0.085  0.064  0.237  0.164  0.001  0.017  0.023  0.176  0.171 -0.106 -0.078  0.013  0.061  0.174  0.172
   0.118 -0.024 -0.085  0.111 -0.017 -0.088 -0.018  0.037  0.024 -0.271 -0.146  0.047 -0.146  0.332  0.073  0.273  0.246 -0.069  0.302  1.000  0.192 -0.137  0.167  0.333  0.173 -0.105  0.091  0.067  0.195 -0.110  0.070  0.065  0.023  0.104 -0.127 -0.158 -0.098  0.010  0.033  0.092  0.504
  -0.039  0.034  0.042 -0.035  0.061 -0.148  0.238 -0.084 -0.078  0.043  0.173 -0.014 -0.098  0.063 -0.028 -0.093 -0.083 -0.001  0.267  0.192  1.000  0.085 -0.084  0.001  0.053  0.029  0.172  0.096 -0.009  0.145  0.110  0.173 -0.028 -0.108  0.213 -0.038 -0.041  0.006  0.035  0.121  0.101
   0.129 -0.548 -0.217 -0.238 -0.146  0.169  0.009 -0.059 -0.053  0.189  0.157 -0.113  0.136  0.000  0.017 -0.250 -0.381  0.175 -0.252 -0.137  0.085  1.000 -0.828 -0.544 -0.050 -0.001  0.050  0.029 -0.066 -0.035  0.034  0.048 -0.002 -0.178 -0.150  0.197  0.098 -0.000 -0.005  0.006 -0.110
  -0.293  0.370  0.340  0.130  0.019 -0.107 -0.059  0.005  0.007 -0.138 -0.154  0.135 -0.171 -0.020  0.039  0.347  0.281  0.012  0.257  0.167 -0.084 -0.828  1.000  0.306 -0.110 -0.148 -0.143 -0.141  0.038 -0.005 -0.132 -0.154  0.002  0.075  0.069 -0.036  0.040 -0.017 -0.077 -0.228  0.085
   0.015  0.284  0.078  0.238  0.128 -0.136 -0.004  0.092  0.070 -0.256 -0.084  0.057 -0.094 -0.075  0.032  0.324  0.491 -0.278  0.250  0.333  0.001 -0.544  0.306  1.000  0.264  0.158  0.171  0.117  0.137  0.088  0.218  0.265  0.002  0.044  0.040 -0.369 -0.247  0.021  0.102  0.300  0.261
   0.431  0.117 -0.291  0.324  0.167 -0.037 -0.106  0.317  0.267 -0.087 -0.060 -0.030  0.058  0.135  0.106  0.159  0.156 -0.126  0.176  0.173  0.053 -0.050 -0.110  0.264  1.000  0.589  0.325  0.431  0.753  0.695  0.476  0.519  0.089  0.620  0.582 -0.224 -0.206  0.045  0.195  0.667  0.146
   0.320  0.069 -0.211  0.243  0.149 -0.054 -0.030  0.254  0.214 -0.019  0.033 -0.004  0.024 -0.013  0.070  0.077  0.091 -0.109  0.092 -0.105  0.029 -0.001 -0.148  0.158  0.589  1.000  0.336  0.396  0.636  0.700  0.463  0.527  0.060  0.534  0.592 -0.180 -0.176  0.039  0.177  0.615  0.054
  -0.110 -0.118  0.124 -0.035 -0.042 -0.092  0.075  0.030  0.014 -0.427  0.082  0.028 -0.018  0.080 -0.003  0.074  0.162 -0.147  0.085  0.091  0.172  0.050 -0.143  0.171  0.325  0.336  1.000  0.279  0.346  0.408  0.588  0.646 -0.021  0.249  0.334 -0.194 -0.163  0.025  0.126  0.404  0.169
   0.207  0.038 -0.131  0.138  0.125 -0.131  0.106  0.230  0.207  0.041  0.069 -0.043  0.060  0.194 -0.091 -0.002  0.164 -0.186  0.064  0.067  0.096  0.029 -0.141  0.117  0.431  0.396  0.279  1.000  0.464  0.469  0.442  0.478  0.047  0.377  0.389 -0.158 -0.147  0.034  0.159  0.504  0.105
   0.427  0.021 -0.285  0.329  0.112 -0.001 -0.172  0.324  0.269 -0.111 -0.058  0.010  0.032  0.139  0.142  0.255  0.222 -0.133  0.237  0.195 -0.009 -0.066  0.038  0.137  0.753  0.636  0.346  0.464  1.000  0.864  0.544  0.585  0.092  0.792  0.731 -0.270 -0.237  0.049  0.213  0.709  0.176
   0.333  0.050 -0.204  0.280  0.133 -0.044 -0.073  0.275  0.225 -0.048  0.054  0.018  0.001 -0.019  0.114  0.186  0.175 -0.134  0.164 -0.110  0.145 -0.035 -0.005  0.088  0.695  0.700  0.408  0.469  0.864  1.000  0.579  0.658  0.063  0.711  0.848 -0.267 -0.240  0.047  0.219  0.732  0.075
  -0.167  0.123  0.260  0.043  0.088 -0.169  0.207  0.011 -0.007 -0.014  0.330  0.106  0.100  0.082 -0.050  0.056  0.230 -0.233  0.001  0.070  0.110  0.034 -0.132  0.218  0.476  0.463  0.588  0.442  0.544  0.579  1.000  0.802 -0.004  0.435  0.470 -0.263 -0.230  0.037  0.187  0.559  0.158
  -0.119  0.072  0.211  0.004  0.056 -0.171  0.245  0.020  0.001 -0.018  0.362 -0.040  0.112  0.031 -0.062  0.073  0.270 -0.263  0.017  0.065  0.173  0.048 -0.154  0.265  0.519  0.527  0.646  0.478  0.585  0.658  0.802  1.000 -0.007  0.452  0.533 -0.296 -0.255  0.040  0.197  0.641  0.190
   0.115 -0.001 -0.098  0.043  0.009  0.027 -0.051  0.111  0.099 -0.012 -0.092 -0.008  0.003  0.032  0.021  0.029 -0.000  0.021  0.023  0.023 -0.028 -0.002  0.002  0.002  0.089  0.060 -0.021  0.047  0.092  0.063 -0.004 -0.007  1.000  0.079  0.053  0.035  0.027  0.003  0.003  0.050 -0.004
   0.342  0.109 -0.213  0.277  0.104  0.002 -0.141  0.262  0.218 -0.062 -0.045  0.027  0.032  0.135  0.104  0.187  0.181 -0.120  0.176  0.104 -0.108 -0.178  0.075  0.044  0.620  0.534  0.249  0.377  0.792  0.711  0.435  0.452  0.079  1.000  0.654 -0.217 -0.191  0.039  0.171  0.566  0.115
   0.276  0.128 -0.160  0.197  0.047  0.025 -0.113  0.234  0.193 -0.047  0.035  0.018 -0.005 -0.008  0.083  0.142  0.158 -0.130  0.171 -0.127  0.213 -0.150  0.069  0.040  0.582  0.592  0.334  0.389  0.731  0.848  0.470  0.533  0.053  0.654  1.000 -0.233 -0.206  0.040  0.182  0.607  0.034
  -0.136 -0.053  0.087 -0.101 -0.020 -0.002  0.050  0.003  0.021  0.239 -0.015 -0.006 -0.005  0.017 -0.011 -0.233 -0.501  0.380 -0.106 -0.158 -0.038  0.197 -0.036 -0.369 -0.224 -0.180 -0.194 -0.158 -0.270 -0.267 -0.263 -0.296  0.035 -0.217 -0.233  1.000  0.380 -0.035 -0.175 -0.384 -0.180
  -0.136 -0.024  0.097 -0.091 -0.027 -0.003  0.042  0.003  0.016  0.141 -0.045 -0.003 -0.015  0.008  0.003 -0.104 -0.326  0.294 -0.078 -0.098 -0.041  0.098  0.040 -0.247 -0.206 -0.176 -0.163 -0.147 -0.237 -0.240 -0.230 -0.255  0.027 -0.191 -0.206  0.380  1.000 -0.029 -0.145 -0.332 -0.127
   0.036 -0.001 -0.028  0.022  0.011 -0.002 -0.007  0.022  0.018 -0.011 -0.004 -0.001  0.004  0.011  0.009  0.013  0.022 -0.020  0.013  0.010  0.006 -0.000 -0.017  0.021  0.045  0.039  0.025  0.034  0.049  0.047  0.037  0.040  0.003  0.039  0.040 -0.035 -0.029  1.000  0.023  0.057  0.013
   0.138  0.000 -0.105  0.111  0.060 -0.017 -0.036  0.097  0.017 -0.072 -0.025  0.011  0.013  0.038  0.041  0.071  0.102 -0.091  0.061  0.033  0.035 -0.005 -0.077  0.102  0.195  0.177  0.126  0.159  0.213  0.219  0.187  0.197  0.003  0.171  0.182 -0.175 -0.145  0.023  1.000  0.280  0.058
   0.445  0.010 -0.332  0.302  0.163 -0.058 -0.064  0.358  0.296 -0.121 -0.029 -0.009  0.007  0.018  0.089  0.123  0.261 -0.270  0.174  0.092  0.121  0.006 -0.228  0.300  0.667  0.615  0.404  0.504  0.709  0.732  0.559  0.641  0.050  0.566  0.607 -0.384 -0.332  0.057  0.280  1.000  0.178
   0.054 -0.055 -0.036  0.068  0.020 -0.131  0.097  0.018  0.008 -0.191 -0.026  0.082 -0.162  0.082  0.029  0.183  0.229 -0.117  0.172  0.504  0.101 -0.110  0.085  0.261  0.146  0.054  0.169  0.105  0.176  0.075  0.158  0.190 -0.004  0.115  0.034 -0.180 -0.127  0.013  0.058  0.178  1.000

0                ***   ***   ***  ***   ***   ***



 sum r(k)**2, r(k)=1,K
       17.043  -0.194E+01  -0.232E+01   0.104E+01  -0.244E+01  -0.940E+00



     X        Q2         W2       THEORY         DATA         ERROR        chi^2     _w    ITYPE
.7000E-01     7.500  0.101E+03   0.40597E+00   0.41685E+00    0.62000E-02  -3.08          BcdF2pCor 
.7000E-01     8.750  0.117E+03   0.40996E+00   0.40322E+00    0.55000E-02   1.50          BcdF2pCor 
.1000E+00     7.500  0.684E+02   0.39191E+00   0.38613E+00    0.43000E-02   1.80          BcdF2pCor 
.1000E+00     8.750  0.796E+02   0.39393E+00   0.39077E+00    0.36000E-02   0.77          BcdF2pCor 
.1000E+00    10.250  0.931E+02   0.39594E+00   0.39012E+00    0.37000E-02   2.47          BcdF2pCor 
.1400E+00     8.750  0.546E+02   0.37614E+00   0.37489E+00    0.39000E-02   0.10          BcdF2pCor 
.1400E+00    10.250  0.638E+02   0.37630E+00   0.37606E+00    0.40000E-02   0.00          BcdF2pCor 
.1400E+00    11.750  0.731E+02   0.37646E+00   0.37367E+00    0.43000E-02   0.42          BcdF2pCor 
.1400E+00    13.250  0.823E+02   0.37642E+00   0.36946E+00    0.47000E-02   2.19          BcdF2pCor 
.1400E+00    15.000  0.930E+02   0.37628E+00   0.37698E+00    0.49000E-02  -0.02          BcdF2pCor 
.1800E+00     8.750  0.407E+02   0.35868E+00   0.36724E+00    0.49000E-02  -3.05          BcdF2pCor 
.1800E+00    10.250  0.476E+02   0.35768E+00   0.36359E+00    0.48000E-02  -1.52          BcdF2pCor 
.1800E+00    11.750  0.544E+02   0.35674E+00   0.36399E+00    0.50000E-02  -2.10          BcdF2pCor 
.1800E+00    13.250  0.612E+02   0.35586E+00   0.36198E+00    0.54000E-02  -1.28          BcdF2pCor 
.1800E+00    15.000  0.692E+02   0.35487E+00   0.36371E+00    0.53000E-02  -2.78          BcdF2pCor 
.1800E+00    17.000  0.783E+02   0.35388E+00   0.35846E+00    0.58000E-02  -0.62          BcdF2pCor 
.2250E+00    10.250  0.362E+02   0.33396E+00   0.33908E+00    0.48000E-02  -1.14          BcdF2pCor 
.2250E+00    11.750  0.414E+02   0.33212E+00   0.34451E+00    0.50000E-02  -6.14          BcdF2pCor 
.2250E+00    13.250  0.465E+02   0.33048E+00   0.33668E+00    0.52000E-02  -1.42          BcdF2pCor 
.2250E+00    15.000  0.525E+02   0.32875E+00   0.33593E+00    0.49000E-02  -2.15          BcdF2pCor 
.2250E+00    17.000  0.594E+02   0.32696E+00   0.32112E+00    0.52000E-02   1.26          BcdF2pCor 
.2250E+00    19.000  0.663E+02   0.32541E+00   0.32301E+00    0.58000E-02   0.17          BcdF2pCor 
.2250E+00    21.500  0.749E+02   0.32361E+00   0.31378E+00    0.56000E-02   3.08          BcdF2pCor 
.2250E+00    24.500  0.853E+02   0.32166E+00   0.32342E+00    0.53000E-02  -0.11          BcdF2pCor 
.2250E+00    28.000  0.973E+02   0.31975E+00   0.31632E+00    0.54000E-02   0.40          BcdF2pCor 
.2750E+00    10.250  0.279E+02   0.30268E+00   0.30795E+00    0.54000E-02  -0.95          BcdF2pCor 
.2750E+00    11.750  0.319E+02   0.30011E+00   0.30067E+00    0.55000E-02  -0.01          BcdF2pCor 
.2750E+00    13.250  0.358E+02   0.29783E+00   0.30286E+00    0.58000E-02  -0.75          BcdF2pCor 
.2750E+00    15.000  0.404E+02   0.29548E+00   0.30515E+00    0.53000E-02  -3.33          BcdF2pCor 
.2750E+00    17.000  0.457E+02   0.29310E+00   0.30537E+00    0.57000E-02  -4.63          BcdF2pCor 
.2750E+00    19.000  0.510E+02   0.29099E+00   0.29229E+00    0.59000E-02  -0.05          BcdF2pCor 
.2750E+00    21.500  0.576E+02   0.28867E+00   0.30049E+00    0.56000E-02  -4.45          BcdF2pCor 
.2750E+00    24.500  0.655E+02   0.28621E+00   0.27904E+00    0.50000E-02   2.05          BcdF2pCor 
.2750E+00    28.000  0.747E+02   0.28374E+00   0.28932E+00    0.51000E-02  -1.20          BcdF2pCor 
.2750E+00    32.500  0.866E+02   0.28105E+00   0.28295E+00    0.48000E-02  -0.16          BcdF2pCor 
.2750E+00    37.500  0.997E+02   0.27848E+00   0.27125E+00    0.59000E-02   1.50          BcdF2pCor 
.3500E+00    11.750  0.227E+02   0.24521E+00   0.24563E+00    0.43000E-02  -0.01          BcdF2pCor 
.3500E+00    13.250  0.255E+02   0.24237E+00   0.23828E+00    0.43000E-02   0.90          BcdF2pCor 
.3500E+00    15.000  0.287E+02   0.23945E+00   0.23524E+00    0.38000E-02   1.23          BcdF2pCor 
.3500E+00    17.000  0.325E+02   0.23657E+00   0.24091E+00    0.41000E-02  -1.12          BcdF2pCor 
.3500E+00    19.000  0.362E+02   0.23404E+00   0.22619E+00    0.42000E-02   3.50          BcdF2pCor 
.3500E+00    21.500  0.408E+02   0.23127E+00   0.23559E+00    0.39000E-02  -1.23          BcdF2pCor 
.3500E+00    24.500  0.464E+02   0.22842E+00   0.22560E+00    0.28000E-02   1.02          BcdF2pCor 
.3500E+00    28.000  0.529E+02   0.22556E+00   0.22658E+00    0.35000E-02  -0.08          BcdF2pCor 
.3500E+00    32.500  0.612E+02   0.22247E+00   0.22013E+00    0.32000E-02   0.54          BcdF2pCor 
.3500E+00    37.500  0.705E+02   0.21956E+00   0.21968E+00    0.35000E-02  -0.00          BcdF2pCor 
.3500E+00    43.000  0.807E+02   0.21683E+00   0.21660E+00    0.37000E-02   0.00          BcdF2pCor 
.4500E+00    11.750  0.152E+02   0.17022E+00   0.16714E+00    0.41000E-02   0.56          BcdF2pCor 
.4500E+00    13.250  0.171E+02   0.16717E+00   0.16322E+00    0.43000E-02   0.84          BcdF2pCor 
.4500E+00    15.000  0.192E+02   0.16409E+00   0.16195E+00    0.38000E-02   0.32          BcdF2pCor 
.4500E+00    17.000  0.217E+02   0.16110E+00   0.15874E+00    0.40000E-02   0.35          BcdF2pCor 
.4500E+00    19.000  0.241E+02   0.15852E+00   0.15974E+00    0.43000E-02  -0.08          BcdF2pCor 
.4500E+00    21.500  0.272E+02   0.15574E+00   0.14981E+00    0.36000E-02   2.72          BcdF2pCor 
.4500E+00    24.500  0.308E+02   0.15293E+00   0.14784E+00    0.26000E-02   3.83          BcdF2pCor 
.4500E+00    28.000  0.351E+02   0.15015E+00   0.14263E+00    0.31000E-02   5.88          BcdF2pCor 
.4500E+00    32.500  0.406E+02   0.14717E+00   0.14601E+00    0.28000E-02   0.17          BcdF2pCor 
.4500E+00    37.500  0.467E+02   0.14440E+00   0.14728E+00    0.31000E-02  -0.86          BcdF2pCor 
.4500E+00    43.000  0.534E+02   0.14184E+00   0.14324E+00    0.31000E-02  -0.20          BcdF2pCor 
.4500E+00    49.500  0.614E+02   0.13928E+00   0.13621E+00    0.31000E-02   0.98          BcdF2pCor 
.4500E+00    57.000  0.705E+02   0.13682E+00   0.13820E+00    0.36000E-02  -0.15          BcdF2pCor 
.5500E+00    11.750  0.105E+02   0.10488E+00   0.10130E+00    0.32000E-02   1.25          BcdF2pCor 
.5500E+00    13.250  0.117E+02   0.10206E+00   0.95419E-01    0.33000E-02   4.04          BcdF2pCor 
.5500E+00    15.000  0.132E+02   0.99271E-01   0.97058E-01    0.31000E-02   0.51          BcdF2pCor 
.5500E+00    17.000  0.148E+02   0.96626E-01   0.90984E-01    0.31000E-02   3.31          BcdF2pCor 
.5500E+00    19.000  0.164E+02   0.94378E-01   0.88496E-01    0.32000E-02   3.38          BcdF2pCor 
.5500E+00    21.500  0.185E+02   0.92015E-01   0.87952E-01    0.29000E-02   1.96          BcdF2pCor 
.5500E+00    24.500  0.209E+02   0.89664E-01   0.89173E-01    0.21000E-02   0.05          BcdF2pCor 
.5500E+00    28.000  0.238E+02   0.87374E-01   0.84160E-01    0.20000E-02   2.58          BcdF2pCor 
.5500E+00    32.500  0.275E+02   0.84969E-01   0.87903E-01    0.24000E-02  -1.50          BcdF2pCor 
.5500E+00    37.500  0.316E+02   0.82766E-01   0.83553E-01    0.25000E-02  -0.10          BcdF2pCor 
.5500E+00    43.000  0.361E+02   0.80768E-01   0.82255E-01    0.25000E-02  -0.35          BcdF2pCor 
.5500E+00    49.500  0.414E+02   0.78792E-01   0.78839E-01    0.25000E-02  -0.00          BcdF2pCor 
.5500E+00    57.000  0.475E+02   0.76921E-01   0.75804E-01    0.27000E-02   0.17          BcdF2pCor 
.5500E+00    65.500  0.545E+02   0.75133E-01   0.73721E-01    0.29000E-02   0.24          BcdF2pCor 
.6500E+00    13.250  0.802E+01   0.53448E-01   0.49492E-01    0.19000E-02   4.34          BcdF2pCor 
.6500E+00    15.000  0.896E+01   0.51255E-01   0.47733E-01    0.17000E-02   4.29          BcdF2pCor 
.6500E+00    17.000  0.100E+02   0.49227E-01   0.46079E-01    0.18000E-02   3.06          BcdF2pCor 
.6500E+00    19.000  0.111E+02   0.47544E-01   0.45668E-01    0.20000E-02   0.88          BcdF2pCor 
.6500E+00    21.500  0.125E+02   0.45816E-01   0.43695E-01    0.18000E-02   1.39          BcdF2pCor 
.6500E+00    24.500  0.141E+02   0.44136E-01   0.44629E-01    0.12000E-02  -0.17          BcdF2pCor 
.6500E+00    28.000  0.160E+02   0.42537E-01   0.41534E-01    0.12000E-02   0.70          BcdF2pCor 
.6500E+00    32.500  0.184E+02   0.40895E-01   0.40595E-01    0.14000E-02   0.05          BcdF2pCor 
.6500E+00    37.500  0.211E+02   0.39426E-01   0.38698E-01    0.16000E-02   0.21          BcdF2pCor 
.6500E+00    43.000  0.240E+02   0.38121E-01   0.37016E-01    0.17000E-02   0.42          BcdF2pCor 
.6500E+00    49.500  0.275E+02   0.36853E-01   0.34529E-01    0.17000E-02   1.87          BcdF2pCor 
.6500E+00    57.000  0.316E+02   0.35676E-01   0.35024E-01    0.18000E-02   0.13          BcdF2pCor 
.6500E+00    65.500  0.362E+02   0.34568E-01   0.30890E-01    0.19000E-02   3.75          BcdF2pCor 
.6500E+00    75.000  0.413E+02   0.33572E-01   0.33062E-01    0.22000E-02   0.05          BcdF2pCor 
.7500E+00    24.500  0.905E+01   0.16697E-01   0.15776E-01    0.60000E-03   2.36          BcdF2pCor 
.7500E+00    28.000  0.102E+02   0.15795E-01   0.15637E-01    0.70000E-03   0.05          BcdF2pCor 
.7500E+00    32.500  0.117E+02   0.14898E-01   0.14686E-01    0.70000E-03   0.09          BcdF2pCor 
.7500E+00    37.500  0.134E+02   0.14120E-01   0.12991E-01    0.70000E-03   2.60          BcdF2pCor 
.7500E+00    43.000  0.152E+02   0.13449E-01   0.12098E-01    0.80000E-03   2.85          BcdF2pCor 
.7500E+00    49.500  0.174E+02   0.12815E-01   0.11713E-01    0.80000E-03   1.90          BcdF2pCor 
.7500E+00    57.000  0.199E+02   0.12241E-01   0.12396E-01    0.10000E-02  -0.02          BcdF2pCor 
.7500E+00    65.500  0.227E+02   0.11714E-01   0.10337E-01    0.10000E-02   1.89          BcdF2pCor 
.7500E+00    75.000  0.259E+02   0.11251E-01   0.10938E-01    0.12000E-02   0.07          BcdF2pCor 
.7000E-01     8.750  0.117E+03   0.40996E+00   0.40309E+00    0.60000E-02   1.31          BcdF2pCor 
.7000E-01    10.250  0.137E+03   0.41427E+00   0.40134E+00    0.62000E-02   4.35          BcdF2pCor 
.1000E+00    10.250  0.931E+02   0.39594E+00   0.39483E+00    0.46000E-02   0.06          BcdF2pCor 
.1000E+00    11.750  0.107E+03   0.39753E+00   0.39258E+00    0.49000E-02   1.02          BcdF2pCor 
.1000E+00    13.250  0.120E+03   0.39870E+00   0.39604E+00    0.53000E-02   0.25          BcdF2pCor 
.1400E+00    11.750  0.731E+02   0.37646E+00   0.38220E+00    0.57000E-02  -1.02          BcdF2pCor 
.1400E+00    13.250  0.823E+02   0.37642E+00   0.37665E+00    0.59000E-02  -0.00          BcdF2pCor 
.1400E+00    15.000  0.930E+02   0.37628E+00   0.37789E+00    0.57000E-02  -0.08          BcdF2pCor 
.1400E+00    17.000  0.105E+03   0.37625E+00   0.37728E+00    0.64000E-02  -0.03          BcdF2pCor 
.1400E+00    19.000  0.118E+03   0.37606E+00   0.36981E+00    0.70000E-02   0.80          BcdF2pCor 
.1800E+00    11.750  0.544E+02   0.35674E+00   0.35940E+00    0.69000E-02  -0.15          BcdF2pCor 
.1800E+00    13.250  0.612E+02   0.35586E+00   0.35567E+00    0.69000E-02   0.00          BcdF2pCor 
.1800E+00    15.000  0.692E+02   0.35487E+00   0.34801E+00    0.65000E-02   1.11          BcdF2pCor 
.1800E+00    17.000  0.783E+02   0.35388E+00   0.35120E+00    0.70000E-02   0.15          BcdF2pCor 
.1800E+00    19.000  0.874E+02   0.35295E+00   0.34782E+00    0.75000E-02   0.47          BcdF2pCor 
.1800E+00    21.500  0.988E+02   0.35182E+00   0.36058E+00    0.70000E-02  -1.56          BcdF2pCor 
.1800E+00    24.500  0.112E+03   0.35059E+00   0.33834E+00    0.81000E-02   2.29          BcdF2pCor 
.2250E+00    11.750  0.414E+02   0.33212E+00   0.32029E+00    0.66000E-02   3.21          BcdF2pCor 
.2250E+00    13.250  0.465E+02   0.33048E+00   0.33864E+00    0.70000E-02  -1.36          BcdF2pCor 
.2250E+00    15.000  0.525E+02   0.32875E+00   0.32487E+00    0.63000E-02   0.38          BcdF2pCor 
