# fitpack10: fit parameters                                                                         
# Test KP with fitted parameters                                                                    
# Created on 06/05/2015 at 17:00:32                                                                 

 # QCD setup
  INS	                    0
  NVL                          11
  IORD                          1
  Q02                   1.6899999999999999     
  IPARAMC                       7
  FLAVOR                4.0000000000000000     
  xmc                   1.3000000000000000     
  xmb                   4.5000000000000000     
  ncb                          12

 # Theory corrections
  inuke                     10314
  itmc                          1
  iht                           1

 # fit parameters
 LAMBDA       0.22680        0.0000    
 a0uv          2.4689        0.0000    
 a1uv         0.62100       0.19381E-01
 a2uv          3.5422       0.11827E-01
 a3uv          0.0000        0.0000    
 a4uv          3.3307       0.38703    
 a5uv          0.0000        0.0000    
 a0dv          23.908        0.0000    
 a1dv          1.1491       0.35993E-01
 a2dv          6.6361       0.15955    
 a3dv         -3.5828       0.89839E-01
 a4dv          4.9390       0.15120    
 a5dv          0.0000        0.0000    
 a0ud         0.14186       0.50814E-02
 a1ud        -0.21743       0.39548E-02
 a2ud          8.4955       0.15114    
 a3ud          0.0000        0.0000    
 a4ud          16.009        1.1770    
 a5ud          0.0000        0.0000    
 a0du          35712.        0.0000    
 a1du          3.9693       0.50003E-01
 a2du          20.509       0.66130    
 a3du          17.000        0.0000    
 a4du          49.347        7.5946    
 a0g           46.845        0.0000    
 a1g          0.61905       0.41278E-01
 a2g           6.6970        1.4596    
 a3g          -3.2076       0.21089    
 a4g           3.0011       0.39169    
 a5g           0.0000        0.0000    
 kappa        0.40000        0.0000    
 a6dv        -0.42196E-02   0.72082E-03
 a7dv          2.0000        0.0000    
 x0_KP        0.38995       0.11810    
 C_KP         0.93993E-01   0.29200E-01
 ht1          -3.1719       0.25473    
 ht2           1.8001       0.10264    
 ht3          -2.0750       0.26774E-01
 ht4           0.0000        0.0000    
 dummy40       0.0000        0.0000    
 dummy41       0.0000        0.0000    
 dummy42       0.0000        0.0000    
 dummy43       0.0000        0.0000    
 dummy44       0.0000        0.0000    
 dummy45       0.0000        0.0000    
 dummy46       0.0000        0.0000    
 dummy47       0.0000        0.0000    
 dummy48       0.0000        0.0000    
 dummy49       0.0000        0.0000    
 bcdmsh2      0.97279       0.54858E-02
 bcdmsd2      0.99512       0.63377E-02
 ccfr          1.0000        0.0000    
 nutev         1.0000        0.0000    
 zeus         0.97998        0.0000    
 h1            1.0162        0.0000    
 e605          1.0082       0.28221E-01
 NmcH2         1.0167       0.76115E-02
 ntv_nu        1.0000        0.0000    
 ntv_nubar     1.0000        0.0000    
 cdf_jet      0.98910        0.0000    
 d0_jet       0.83504        0.0000    
 slac_p        1.0037       0.55041E-02
 slac_d        1.0059       0.60045E-02
 e866pp       0.97354       0.18781E-01
 e866pd       0.98567       0.17931E-01
 d0_gamjet     1.0382       0.16580E-01
 h1b          0.97608        0.0000    
 jlab_p       0.99480       0.62783E-02
 jlab_d       0.97923       0.66825E-02
 blank         1.0000        0.0000    
 d0run2       0.93001       0.15415E-01
 cdfrun2      0.91764       0.18024E-01
 HERA_el      0.99985       0.34133E-02
 HERA_ps      0.99537       0.31432E-02
 CDF_Z        0.97552       0.69684E-02
 NmcRat       0.99987       0.34525E-02
 BNS_F2nd     0.98787       0.69103E-02
 END 0. 0.

 # Hessian matrix (Bevington alpha)
   0.45299421677346E+07 -0.12341737851210E+07  0.22938010745273E+06  0.45389828069037E+06 -0.11758644235164E+06 -0.39754307447748E+05  0.39254284545327E+05  0.84542333959791E+06 -0.17606307403284E+06 -0.42022066767254E+05  0.57620840756229E+04  0.11998660141209E+05  0.14310879222737E+04 -0.10340775808105E+03 -0.15034216190116E+05  0.13823694799064E+04 -0.11927454249012E+05 -0.59702930738956E+04 -0.69579997101583E+07 -0.42598799571795E+05  0.81827088945984E+05
  -0.12341737851210E+07  0.40416366196850E+06 -0.64468279702051E+05 -0.13312695498756E+06  0.33541299339722E+05  0.11988317061099E+05 -0.90816926780935E+04 -0.12984204056082E+06  0.30140144549562E+05  0.69028746303608E+04 -0.82864066110409E+03 -0.10785953878857E+04 -0.12173688049114E+03  0.11956126189191E+02  0.28354695597728E+04 -0.34021687052595E+03  0.22878725659247E+04  0.13501609354061E+04  0.24363168526535E+07  0.11283285544210E+05 -0.30341469613172E+05
   0.22938010745273E+06 -0.64468279702051E+05  0.11729756996775E+05  0.23499189515305E+05 -0.61142437295933E+04 -0.21429098067739E+04  0.19687578446049E+04  0.33462168804079E+05 -0.70719646239114E+04 -0.18695755968875E+04  0.22628337890376E+03  0.38621086073325E+03  0.53822230892761E+02 -0.48893316529467E+01 -0.10855953987700E+04  0.10643191516400E+03 -0.86217790014728E+03 -0.45071618286715E+03 -0.36798473814696E+06 -0.21645439108372E+04  0.43784838640546E+04
   0.45389828069037E+06 -0.13312695498756E+06  0.23499189515305E+05  0.37435591448504E+06 -0.59462577675186E+05  0.59917776432847E+05  0.55082208320312E+05  0.31418761927771E+06 -0.21765393141062E+05 -0.16446824529835E+05  0.27051500314248E+04 -0.15837746709765E+04 -0.19884772783211E+03  0.64611991786601E+02  0.19999443258758E+05 -0.22459677085885E+04  0.15963474034689E+05  0.89994224660406E+04 -0.20778450668274E+07 -0.13575996077155E+05  0.14955398203489E+05
  -0.11758644235164E+06  0.33541299339722E+05 -0.61142437295933E+04 -0.59462577675186E+05  0.11057390574522E+05 -0.57659893319278E+04 -0.78924869983684E+04 -0.31322745856180E+05  0.70920951303213E+03  0.22002299482407E+04 -0.28420057658398E+03 -0.44039959956633E+02  0.81016115405056E+01 -0.61603936600567E+01 -0.15150443545631E+04  0.17313588461912E+03 -0.11762842462412E+04 -0.67635988234943E+03  0.44826151317732E+06  0.27232015845447E+04 -0.40484047076799E+04
  -0.39754307447748E+05  0.11988317061099E+05 -0.21429098067739E+04  0.59917776432847E+05 -0.57659893319278E+04  0.19021480755804E+05  0.11298403945438E+05  0.87667393502295E+05 -0.79666933135664E+04 -0.36237842885487E+04  0.74125498358180E+03 -0.81459656351355E+03 -0.83713898554802E+02  0.20499656782559E+02  0.61803986872542E+04 -0.70980055892040E+03  0.50655503178376E+04  0.28862466748098E+04 -0.50649304775019E+04 -0.84891258940570E+03 -0.22633419700546E+04
   0.39254284545327E+05 -0.90816926780935E+04  0.19687578446049E+04  0.55082208320312E+05 -0.78924869983684E+04  0.11298403945438E+05  0.90578993759053E+04  0.51354843480263E+05 -0.30327541293815E+04 -0.27370732671118E+04  0.45045653439941E+03 -0.25137135936800E+03 -0.35202228088939E+02  0.11232530164330E+02  0.30281172010470E+04 -0.35309681323753E+03  0.24176583495061E+04  0.14018480585211E+04 -0.19310889510195E+06 -0.17106983280140E+04  0.50482709964229E+03
   0.84542333959791E+06 -0.12984204056082E+06  0.33462168804079E+05  0.31418761927771E+06 -0.31322745856180E+05  0.87667393502295E+05  0.51354843480263E+05  0.50379386118449E+07 -0.25229109188311E+07 -0.84095394090004E+05  0.22434557843116E+05  0.22777086659454E+05  0.17144351933226E+04  0.11278821493969E+03  0.48341274412638E+05 -0.61443372779523E+04  0.45776432453189E+05  0.25096386721265E+05 -0.55155782134133E+06 -0.86082681281054E+04 -0.85266841640746E+04
  -0.17606307403284E+06  0.30140144549562E+05 -0.70719646239114E+04 -0.21765393141062E+05  0.70920951303213E+03 -0.79666933135664E+04 -0.30327541293815E+04 -0.25229109188311E+07  0.22170311368628E+07  0.18299305726630E+05 -0.55212757840090E+04 -0.52365813456671E+04 -0.35643471310518E+03 -0.14454052930262E+02  0.45248089799941E+05 -0.23153663589399E+04  0.16480137406165E+05  0.82233890880174E+04 -0.12469960672788E+05  0.84471712158347E+03  0.20508292026574E+04
  -0.42022066767254E+05  0.69028746303608E+04 -0.18695755968875E+04 -0.16446824529835E+05  0.22002299482407E+04 -0.36237842885487E+04 -0.27370732671118E+04 -0.84095394090004E+05  0.18299305726630E+05  0.26778125738562E+04 -0.56548408942676E+03 -0.58745226450016E+03 -0.56764062043090E+02 -0.24285025389256E+01 -0.24463965753074E+04  0.28345890400003E+03 -0.19637288288506E+04 -0.11410737771355E+04  0.50174290075449E+05  0.59488537923458E+03  0.83499222364480E+02
   0.57620840756229E+04 -0.82864066110409E+03  0.22628337890376E+03  0.27051500314248E+04 -0.28420057658398E+03  0.74125498358180E+03  0.45045653439941E+03  0.22434557843116E+05 -0.55212757840090E+04 -0.56548408942676E+03  0.14122475011858E+03  0.15202940770938E+03  0.11986474675911E+02  0.79208271182760E+00  0.74880367161052E+03 -0.77136495236792E+02  0.56732503299832E+03  0.31122869996908E+03 -0.51880042007598E+04 -0.70380309749732E+02 -0.57958638264241E+02
   0.11998660141209E+05 -0.10785953878857E+04  0.38621086073325E+03 -0.15837746709765E+04 -0.44039959956633E+02 -0.81459656351355E+03 -0.25137135936800E+03  0.22777086659454E+05 -0.52365813456671E+04 -0.58745226450016E+03  0.15202940770938E+03  0.27550695489135E+04  0.18052868907225E+03  0.95631140349428E+00  0.69537841318970E+03 -0.96699320363424E+02  0.74311241447064E+03  0.43489692577509E+03 -0.67509655212486E+04 -0.31900151346307E+02  0.22439913304851E+03
   0.14310879222737E+04 -0.12173688049114E+03  0.53822230892761E+02 -0.19884772783211E+03  0.81016115405056E+01 -0.83713898554802E+02 -0.35202228088939E+02  0.17144351933226E+04 -0.35643471310518E+03 -0.56764062043090E+02  0.11986474675911E+02  0.18052868907225E+03  0.15671402606072E+02 -0.12188646721365E+00  0.30311654859758E+02 -0.57573024936108E+01  0.39461619596463E+02  0.26387165980312E+02 -0.24868789609699E+03  0.21226055854122E+01  0.20348112875569E+02
  -0.10340775808105E+03  0.11956126189191E+02 -0.48893316529467E+01  0.64611991786601E+02 -0.61603936600567E+01  0.20499656782559E+02  0.11232530164330E+02  0.11278821493969E+03 -0.14454052930262E+02 -0.24285025389256E+01  0.79208271182760E+00  0.95631140349428E+00 -0.12188646721365E+00  0.78081580373898E-01  0.14252915652685E+02 -0.12365077834581E+01  0.93969797281479E+01  0.47304497360869E+01 -0.10325369434263E+03 -0.15185942127859E+01 -0.15009275327279E+01
  -0.15034216190116E+05  0.28354695597728E+04 -0.10855953987700E+04  0.19999443258758E+05 -0.15150443545631E+04  0.61803986872542E+04  0.30281172010470E+04  0.48341274412638E+05  0.45248089799941E+05 -0.24463965753074E+04  0.74880367161052E+03  0.69537841318970E+03  0.30311654859758E+02  0.14252915652685E+02  0.25362304090911E+05 -0.21896668647074E+04  0.16403242230033E+05  0.85767824318178E+04 -0.25501548890072E+05  0.14262821501829E+03 -0.71727916956548E+02
   0.13823694799064E+04 -0.34021687052595E+03  0.10643191516400E+03 -0.22459677085885E+04  0.17313588461912E+03 -0.70980055892040E+03 -0.35309681323753E+03 -0.61443372779523E+04 -0.23153663589399E+04  0.28345890400003E+03 -0.77136495236792E+02 -0.96699320363424E+02 -0.57573024936108E+01 -0.12365077834581E+01 -0.21896668647074E+04  0.21857627503007E+03 -0.16285561558160E+04 -0.88672204498043E+03  0.27675398860708E+04 -0.20415362148744E+02  0.28046147148037E+02
  -0.11927454249012E+05  0.22878725659247E+04 -0.86217790014728E+03  0.15963474034689E+05 -0.11762842462412E+04  0.50655503178376E+04  0.24176583495061E+04  0.45776432453189E+05  0.16480137406165E+05 -0.19637288288506E+04  0.56732503299832E+03  0.74311241447064E+03  0.39461619596463E+02  0.93969797281479E+01  0.16403242230033E+05 -0.16285561558160E+04  0.12287258449816E+05  0.66433429476750E+04 -0.20758210353629E+05  0.15320503471105E+03 -0.37533796509666E+02
  -0.59702930738956E+04  0.13501609354061E+04 -0.45071618286715E+03  0.89994224660406E+04 -0.67635988234943E+03  0.28862466748098E+04  0.14018480585211E+04  0.25096386721265E+05  0.82233890880174E+04 -0.11410737771355E+04  0.31122869996908E+03  0.43489692577509E+03  0.26387165980312E+02  0.47304497360869E+01  0.85767824318178E+04 -0.88672204498043E+03  0.66433429476750E+04  0.36496692288062E+04 -0.11649134773600E+05  0.94413945207525E+02 -0.73345248873216E+02
  -0.69579997101583E+07  0.24363168526535E+07 -0.36798473814696E+06 -0.20778450668274E+07  0.44826151317732E+06 -0.50649304775019E+04 -0.19310889510195E+06 -0.55155782134133E+06 -0.12469960672788E+05  0.50174290075449E+05 -0.51880042007598E+04 -0.67509655212486E+04 -0.24868789609699E+03 -0.10325369434263E+03 -0.25501548890072E+05  0.27675398860708E+04 -0.20758210353629E+05 -0.11649134773600E+05  0.29968287178584E+08  0.11931517957832E+06 -0.33148140924673E+06
  -0.42598799571795E+05  0.11283285544210E+05 -0.21645439108372E+04 -0.13575996077155E+05  0.27232015845447E+04 -0.84891258940570E+03 -0.17106983280140E+04 -0.86082681281054E+04  0.84471712158347E+03  0.59488537923458E+03 -0.70380309749732E+02 -0.31900151346307E+02  0.21226055854122E+01 -0.15185942127859E+01  0.14262821501829E+03 -0.20415362148744E+02  0.15320503471105E+03  0.94413945207525E+02  0.11931517957832E+06  0.12177397189866E+04 -0.13903134543652E+04
   0.81827088945984E+05 -0.30341469613172E+05  0.43784838640546E+04  0.14955398203489E+05 -0.40484047076799E+04 -0.22633419700546E+04  0.50482709964229E+03 -0.85266841640746E+04  0.20508292026574E+04  0.83499222364480E+02 -0.57958638264241E+02  0.22439913304851E+03  0.20348112875569E+02 -0.15009275327279E+01 -0.71727916956548E+02  0.28046147148037E+02 -0.37533796509666E+02 -0.73345248873216E+02 -0.33148140924673E+06 -0.13903134543652E+04  0.59808777629903E+04

 # Covariance matrix (Bevington epsilon)
   0.37562135056564E-03 -0.85832139082781E-04 -0.73026455918307E-02  0.23498874249894E-03  0.82727660996115E-04  0.39344001770823E-03 -0.13461667698330E-02  0.47434357447057E-04  0.32568453747792E-04 -0.75622467420654E-03 -0.12288464692017E-01 -0.65419355157653E-04 -0.11180180627873E-02  0.31618556944362E-01  0.11719361985397E-03  0.28705218206373E-02  0.30514243299997E-03 -0.46211641007315E-03  0.41031667288948E-05  0.32925753261830E-03 -0.22319045431910E-04  0.41829285069412E-03 -0.48136784296654E-03  0.43535985053891E-04  0.45578648023894E-04  0.35041013681866E-04 -0.86621404922435E-04  0.31416262720273E-04  0.44526144746747E-04  0.33331912989781E-04 -0.68268633589007E-04 -0.61851317235614E-04  0.39917491205949E-04  0.38528707365091E-04  0.29739060581399E-04 -0.42383667712658E-04 -0.45973895633636E-04  0.23925852693904E-05  0.81358731888577E-05  0.55033987313307E-04 -0.11865414220437E-04  0.56684939819956E-05
  -0.85832139082780E-04  0.13987271836784E-03  0.24681050211585E-02  0.75372771532452E-04  0.60586096221244E-03 -0.25947275999058E-03  0.40052345889810E-03 -0.69604488723538E-05 -0.49977341483216E-05  0.54015659538149E-03  0.34855951658220E-02  0.86974649801964E-04 -0.16371546337440E-03  0.11710355284788E-02 -0.70229932966964E-05  0.14447242270291E-02  0.22988607729066E-03 -0.50934995328975E-04 -0.19108534182344E-05  0.79321633968220E-04 -0.25716673887267E-05 -0.16256192956356E-02  0.44624948870952E-03  0.83771962783280E-04  0.68339700401831E-05  0.10757429681277E-05 -0.29085355385307E-04  0.31960825916161E-05  0.11164264926361E-05 -0.20282787560751E-06  0.33326088035282E-04  0.21257439328642E-04 -0.10903481540668E-05  0.81242354255780E-05  0.63877113374143E-05 -0.83477886613983E-05 -0.37145104815296E-05 -0.57701266798354E-07 -0.40953543116731E-08  0.12673947644392E-07 -0.20811967387348E-05  0.47451326653839E-06
  -0.73026455918307E-02  0.24681050211586E-02  0.14979092385251E+00 -0.34444541048811E-02  0.30752490957397E-02 -0.90902939167740E-02  0.27097360817816E-01 -0.87298893118904E-03 -0.60490424872864E-03  0.17779097650118E-01  0.25724663042877E+00  0.17771427410774E-02  0.22702592781487E-01 -0.55352590494105E+00 -0.19396833976760E-02 -0.23082388479428E-01 -0.15359830244304E-02  0.64411240073957E-02 -0.79419741428408E-04 -0.37100426205200E-02  0.30595298904661E-03 -0.17604441481048E-01  0.11615944486665E-01  0.15991665443991E-03 -0.60494720431571E-03 -0.48650104631770E-03  0.18971493869843E-02 -0.39120429621431E-03 -0.57728434988517E-03 -0.42263098999067E-03  0.20755420749123E-02  0.18728857305918E-02 -0.68190353133376E-03 -0.44700183246101E-03 -0.34712636234936E-03  0.55885914324315E-03  0.64636728309960E-03 -0.37315378089275E-04 -0.12110602508598E-03 -0.79460638784860E-03  0.17507375127065E-03 -0.12062597114333E-04
   0.23498874249896E-03  0.75372771532444E-04 -0.34444541048815E-02  0.12955092232469E-02  0.47178739977446E-02 -0.18677199881922E-02 -0.69795391497779E-03  0.30957297916501E-04  0.18195111288984E-04 -0.51916941548170E-03 -0.79580099466015E-02  0.40574894861172E-03 -0.46291345041197E-02  0.57501619501917E-01  0.49491703164653E-03  0.13916963564367E-01 -0.86339920142004E-03  0.32493705409993E-02  0.11847400258331E-04  0.76015699818800E-03 -0.64684141031486E-04 -0.21344332334178E-02  0.41513619783925E-03  0.21736002411349E-03  0.63645120844539E-04  0.40263705415620E-04 -0.39149946763099E-04  0.41912144941811E-04  0.63525772617331E-04  0.42471526302472E-04  0.28276533076959E-04 -0.18381540433383E-04  0.30598633624195E-04  0.60185707725684E-04  0.29994106980149E-04 -0.41106850642451E-04 -0.47346441830355E-04  0.27531101945771E-05  0.12435099313301E-04  0.70278252171875E-04 -0.18676598305975E-04  0.22209947652387E-04
   0.82727660996215E-04  0.60586096221241E-03  0.30752490957376E-02  0.47178739977447E-02  0.25455910558343E-01 -0.12357321231875E-01  0.99402121987337E-02 -0.40068131581898E-04 -0.39011572007894E-04  0.40345137170657E-02  0.23406935564069E-01  0.77708932356610E-03 -0.52398317031021E-02  0.24541833609436E+00  0.13990117762005E-02  0.33548306547675E-01 -0.63773277287760E-02  0.15013702985787E-01  0.76710576804153E-05 -0.12007716346095E-03  0.28364288349011E-03 -0.49656190570181E-02 -0.20892757078400E-03  0.38016409228443E-03  0.14461249779140E-03  0.13706077233690E-03 -0.10939505748898E-03  0.16421948670207E-03  0.96920472110829E-04  0.10917019600105E-03  0.28657964094389E-03  0.13365143288211E-03  0.27765763086798E-04  0.10769690493221E-03  0.36486043822533E-04 -0.69828744050744E-06 -0.45630745882903E-04  0.61042532475456E-05  0.30628359784029E-04  0.16979393523116E-03  0.30321686048485E-05  0.17305540954454E-04
   0.39344001770817E-03 -0.25947275999057E-03 -0.90902939167728E-02 -0.18677199881922E-02 -0.12357321231875E-01  0.80710373478990E-02 -0.94090451588148E-02  0.11373468671871E-03  0.84750779587486E-04 -0.27239764460264E-02 -0.35625029261424E-01  0.14652143207931E-03 -0.13150309936953E-02 -0.19136690539754E+00 -0.49120091139156E-03 -0.20506652898899E-01  0.28954559816219E-02 -0.86651148392536E-02 -0.60964141958957E-05 -0.79973885290136E-03 -0.38849799663715E-03  0.33579908021035E-02 -0.69035264463769E-03 -0.21988788636079E-03 -0.17938156814608E-04 -0.17795829104420E-04 -0.28180856754592E-03 -0.99275382166393E-04 -0.10293656546282E-06 -0.85603133736131E-05 -0.31593524653284E-03 -0.27868589687515E-03  0.38549964196104E-04 -0.32091975602967E-05  0.26167110542625E-04 -0.35765995887602E-04 -0.27086835158348E-04 -0.80032230548950E-06 -0.52685769231567E-05 -0.28977179807889E-04  0.24978858007009E-06 -0.82878250257284E-04
  -0.13461667698329E-02  0.40052345889810E-03  0.27097360817814E-01 -0.69795391497768E-03  0.99402121987341E-02 -0.94090451588150E-02  0.22861760545879E-01 -0.28327768669771E-03 -0.19676305440585E-03  0.10148929536107E-01  0.10374097870873E+00 -0.19257223215468E-02  0.24392842719189E-01  0.87547871807201E-01 -0.83851011990063E-03 -0.12232995567420E-01 -0.16425895288608E-02  0.22991572412962E-02 -0.41544955078448E-04 -0.18608664567506E-02  0.11203826030869E-02  0.18392711732483E-02 -0.14607643861135E-02 -0.22681974713963E-03 -0.92893546662022E-04  0.41422595192469E-05  0.44511273839337E-03  0.11297124103657E-03 -0.14056384531086E-03 -0.26447633807635E-04  0.62756123485210E-03  0.74939788196151E-03 -0.14632877017862E-03 -0.11905642899572E-03 -0.65707253121784E-04  0.11042134726281E-03  0.10325674404841E-03 -0.41503984682900E-05 -0.16489324448383E-04 -0.60964152828381E-04  0.84876116434647E-04  0.78139464081961E-04
   0.47434357447056E-04 -0.69604488723538E-05 -0.87298893118902E-03  0.30957297916498E-04 -0.40068131581911E-04  0.11373468671872E-03 -0.28327768669771E-03  0.25820422609869E-04  0.19557000098583E-04 -0.26970834795561E-03 -0.47543421674698E-02  0.18023775201378E-04 -0.33464401624566E-03 -0.20530919548272E-02 -0.27252652070103E-04  0.14358224291765E-03  0.23825311680880E-03 -0.32979073161308E-03  0.51105979633343E-06  0.46670314825534E-04 -0.14980013550973E-04 -0.86514082799719E-04  0.39381595269033E-05  0.15624286139215E-04  0.87623735707677E-05  0.72133456292149E-05  0.18452883367831E-05  0.87515368245816E-05  0.88435410164697E-05  0.71996325307480E-05  0.15331896580837E-06  0.25908368598578E-06  0.93968375532686E-05  0.79325551586578E-05  0.66866876694588E-05  0.13094389386655E-06  0.22606935342818E-06  0.38836694725034E-06  0.15257979839269E-05  0.12513548839139E-04 -0.15746254860021E-05  0.10629610149159E-05
   0.32568453747791E-04 -0.49977341483215E-05 -0.60490424872862E-03  0.18195111288982E-04 -0.39011572007904E-04  0.84750779587490E-04 -0.19676305440585E-03  0.19557000098583E-04  0.15640299945733E-04 -0.18439385458912E-03 -0.35027709737154E-02  0.11100008507087E-04 -0.22124377786857E-03 -0.17412492355736E-02 -0.36096526754094E-04 -0.23893089539233E-03  0.18841205131792E-03 -0.30764125691117E-03  0.31456776007590E-06  0.26100426532994E-04 -0.10477186524021E-04 -0.56577544992135E-04  0.27144528120764E-05  0.93074346094350E-05  0.57213661042369E-05  0.47766316247541E-05 -0.51241277460836E-07  0.60950784347761E-05  0.56755801838883E-05  0.46344150687663E-05 -0.12016270727576E-05 -0.97228294911821E-06  0.64945353315548E-05  0.50957408642944E-05  0.43303071036235E-05  0.11009878378172E-05  0.99765196591593E-06  0.23816188886235E-06  0.19031126472992E-06  0.80636431060907E-05 -0.96986170197069E-06  0.42066371723078E-06
  -0.75622467420652E-03  0.54015659538150E-03  0.17779097650118E-01 -0.51916941548168E-03  0.40345137170658E-02 -0.27239764460265E-02  0.10148929536107E-01 -0.26970834795561E-03 -0.18439385458911E-03  0.22842924436897E-01  0.12026125409294E+00 -0.15963422657073E-02  0.30385340660853E-01 -0.14238695805881E+00 -0.57869299992329E-03 -0.65333340866161E-01 -0.12011530735767E-01  0.79633299568434E-02 -0.30862403533929E-04 -0.57152290496525E-02  0.31544596657095E-03  0.69881882996057E-02 -0.18104837499397E-02 -0.10305554999831E-02 -0.83164748434842E-04  0.48203592488958E-04 -0.17113951097096E-02  0.24018169756716E-04 -0.94706177205695E-04  0.33766553341974E-04 -0.49546459491067E-04  0.34257178256981E-04 -0.59256019940621E-04 -0.55958145839193E-04  0.30928164363669E-04  0.49600599265230E-03  0.33798001746590E-03 -0.67277925865235E-05 -0.36123191795645E-04 -0.11361606404036E-03  0.11529622974821E-03 -0.22067319387417E-03
  -0.12288464692016E-01  0.34855951658220E-02  0.25724663042876E+00 -0.79580099466008E-02  0.23406935564072E-01 -0.35625029261425E-01  0.10374097870873E+00 -0.47543421674698E-02 -0.35027709737154E-02  0.12026125409294E+00  0.13852835987230E+01 -0.97443681666582E-02  0.18444926202323E+00 -0.88775578065465E+00 -0.11082750702572E-02 -0.26014307381295E+00 -0.49146187738875E-01  0.16318976625758E-01 -0.20889921150629E-03 -0.30999427155594E-01  0.66205974431679E-02  0.49830323030847E-01 -0.19107729461504E-01 -0.36986640522041E-02 -0.44577501263161E-03  0.64720374884888E-03  0.41038608670249E-02  0.47443395897744E-03 -0.35413943959640E-03  0.86651575704138E-03  0.74943911770588E-02  0.85077664350854E-02 -0.20443349147549E-02 -0.19254168069969E-03  0.78780352239100E-03 -0.55157836266263E-03 -0.11878461295411E-02 -0.20385878242005E-04 -0.91690599448347E-04 -0.53546795291670E-04  0.10393114641042E-02 -0.31544800630169E-03
  -0.65419355157658E-04  0.86974649801964E-04  0.17771427410775E-02  0.40574894861172E-03  0.77708932356611E-03  0.14652143207930E-03 -0.19257223215468E-02  0.18023775201377E-04  0.11100008507086E-04 -0.15963422657073E-02 -0.97443681666580E-02  0.25003279825085E-02 -0.27068941815872E-01 -0.55951480812218E-01  0.25140857048790E-03  0.22896229373217E-02 -0.61815223198018E-03  0.10988662275194E-02  0.44789937340290E-05  0.47596253697245E-03 -0.39674050867583E-04 -0.14488459955214E-02  0.68611653839540E-03  0.66649513528781E-04 -0.70126125033773E-05 -0.11116180947624E-04  0.31646145465145E-04 -0.12498611277667E-04  0.25913681710941E-05 -0.65913697323762E-05  0.96443070827792E-04 -0.55931010897417E-04 -0.13668466578123E-05  0.74897892992284E-05 -0.56833451582730E-05  0.79822174157065E-05  0.57340724451952E-05 -0.38159404342505E-07  0.17241318541617E-05 -0.79728602956281E-05 -0.14897489578161E-04  0.28349889937706E-04
  -0.11180180627872E-02 -0.16371546337440E-03  0.22702592781486E-01 -0.46291345041196E-02 -0.52398317031019E-02 -0.13150309936953E-02  0.24392842719189E-01 -0.33464401624565E-03 -0.22124377786856E-03  0.30385340660852E-01  0.18444926202323E+00 -0.27068941815872E-01  0.43731248037554E+00  0.73425108126579E+00 -0.37973527797031E-02 -0.72317112962769E-01  0.86280998456862E-02 -0.25280212018215E-01 -0.90350923071638E-04 -0.89397714288578E-02 -0.17425835362302E-02  0.19882352503443E-01 -0.95667419512212E-02 -0.10786193161276E-02  0.21029425948114E-03  0.17569112633892E-03 -0.50370561677884E-03  0.26901273216934E-03  0.13604919577091E-03  0.10453775893824E-03  0.11274576747270E-02  0.12431625377479E-02  0.39944956285465E-04  0.13381524977942E-03  0.70033701548554E-04 -0.25991401249532E-03 -0.29366900175202E-03  0.81879075246773E-05  0.27634391209786E-04  0.20692086814835E-04  0.50960696550119E-04 -0.70097522255428E-03
   0.31618556944362E-01  0.11710355284782E-02 -0.55352590494106E+00  0.57501619501916E-01  0.24541833609436E+00 -0.19136690539754E+00  0.87547871807197E-01 -0.20530919548271E-02 -0.17412492355736E-02 -0.14238695805880E+00 -0.88775578065466E+00 -0.55951480812217E-01  0.73425108126578E+00  0.57678572173018E+02  0.40609032907450E-01  0.24701890019749E+01 -0.11799537437772E+00  0.69915484614521E+00  0.94896284994269E-03  0.32901067165832E+00  0.65454305391470E-02 -0.15518624495757E+00  0.64978171496717E-01  0.56417534755399E-02  0.57881950106412E-02 -0.48891617998313E-02 -0.43976627003769E-02  0.11290615434806E-01  0.56886109894874E-02 -0.56696063515746E-02  0.45411146786833E-02 -0.17157563673498E-01  0.83285073092957E-02  0.50562437467006E-02 -0.54803250751521E-02  0.37074859913406E-02  0.42602343789334E-02  0.33719060868142E-03  0.83206262893087E-03 -0.37271775628128E-02 -0.11029235560699E-01  0.42928209032412E-02
   0.11719361985397E-03 -0.70229932966994E-05 -0.19396833976759E-02  0.49491703164653E-03  0.13990117762006E-02 -0.49120091139160E-03 -0.83851011990056E-03 -0.27252652070106E-04 -0.36096526754096E-04 -0.57869299992306E-03 -0.11082750702563E-02  0.25140857048790E-03 -0.37973527797032E-02  0.40609032907449E-01  0.17038712860009E-02  0.40379545691948E-01 -0.36284614294470E-02  0.12212075159104E-01  0.61994503432760E-05  0.68318535916180E-03 -0.58379326252265E-04 -0.46891278073157E-03  0.38719267961863E-03  0.83615406868185E-04  0.25425855521253E-04  0.57468160506611E-05 -0.22607142670429E-04 -0.24513050586456E-04  0.33436479569695E-04  0.14639578543751E-04 -0.35708705317004E-04 -0.56215507071598E-04  0.23255210689749E-04  0.27009545262033E-04  0.95887507440601E-05  0.11473105719491E-04  0.23672519807844E-04  0.14130622479843E-05  0.56236620024889E-05  0.17234170485933E-04 -0.19048561924126E-04  0.17452400294181E-04
   0.28705218206374E-02  0.14447242270289E-02 -0.23082388479432E-01  0.13916963564368E-01  0.33548306547682E-01 -0.20506652898902E-01 -0.12232995567419E-01  0.14358224291754E-03 -0.23893089539243E-03 -0.65333340866155E-01 -0.26014307381294E+00  0.22896229373220E-02 -0.72317112962777E-01  0.24701890019751E+01  0.40379545691951E-01  0.21304197791120E+01  0.68704053948773E-01  0.28621588008948E+00  0.22974828413413E-03  0.78385064718568E-01 -0.74024773498236E-02 -0.12400469748068E+00  0.57020636659758E-01  0.15683624722688E-01  0.15915839719759E-02 -0.42097388267041E-03  0.21968529687646E-02  0.50204701562453E-03  0.22999356930137E-02  0.37413850800518E-03  0.24105477856561E-02  0.18623214654278E-02  0.12101170649940E-02  0.19016105436267E-02  0.17937772742256E-03 -0.49023722215208E-02 -0.23754657990021E-02  0.89352678427971E-04  0.40654490967565E-03  0.12602855557640E-02 -0.19300589524157E-02  0.29360241228577E-02
   0.30514243300006E-03  0.22988607729064E-03 -0.15359830244320E-02 -0.86339920141991E-03 -0.63773277287759E-02  0.28954559816219E-02 -0.16425895288612E-02  0.23825311680881E-03  0.18841205131792E-03 -0.12011530735768E-01 -0.49146187738881E-01 -0.61815223198018E-03  0.86280998456848E-02 -0.11799537437768E+00 -0.36284614294463E-02  0.68704053948802E-01  0.44473830607319E-01 -0.58782040607317E-01  0.28003697740576E-05  0.94838631262725E-02 -0.98102017557299E-03 -0.19984001097331E-01  0.51708653805266E-02  0.28877435677269E-02  0.23978314058066E-03  0.23962973379766E-04  0.99460559090671E-03  0.30742915868997E-03  0.31520121549043E-03  0.11882016965584E-03  0.10243962520176E-02  0.11085515132577E-02  0.17474605568395E-04  0.28924552570483E-03  0.12050855268488E-03 -0.17025506656208E-02 -0.13157987564211E-02  0.19134386371056E-04  0.82868791837818E-04  0.46572509721376E-03 -0.18831161492131E-03  0.47186022066731E-03
  -0.46211641007329E-03 -0.50934995328977E-04  0.64411240073977E-02  0.32493705409993E-02  0.15013702985789E-01 -0.86651148392542E-02  0.22991572412974E-02 -0.32979073161312E-03 -0.30764125691120E-03  0.79633299568461E-02  0.16318976625772E-01  0.10988662275195E-02 -0.25280212018214E-01  0.69915484614518E+00  0.12212075159104E-01  0.28621588008944E+00 -0.58782040607323E-01  0.15342086474025E+00  0.29488327638460E-04 -0.67427221170621E-03 -0.42356832864432E-04  0.71987784325287E-02  0.49089252355553E-02 -0.20470161269467E-02 -0.25999163257340E-03 -0.30360155411188E-03 -0.17364013691241E-02 -0.52078684411317E-03 -0.25883737421369E-03 -0.32913524794539E-03 -0.16763453672002E-02 -0.19309143093279E-02  0.23220010404120E-03 -0.28045524104165E-03 -0.35331828579958E-03  0.22928496817703E-02  0.21708280745763E-02 -0.26173580661858E-04 -0.10894872572834E-03 -0.82784501236277E-03 -0.77983492260785E-04 -0.26320810621375E-03
   0.41031667288949E-05 -0.19108534182345E-05 -0.79419741428410E-04  0.11847400258331E-04  0.76710576804141E-05 -0.60964141958950E-05 -0.41544955078448E-04  0.51105979633344E-06  0.31456776007591E-06 -0.30862403533929E-04 -0.20889921150630E-03  0.44789937340290E-05 -0.90350923071639E-04  0.94896284994270E-03  0.61994503432763E-05  0.22974828413412E-03  0.28003697740545E-05  0.29488327638464E-04  0.51957505550030E-06  0.28695375912400E-04  0.39898860343772E-05 -0.52919196490526E-04  0.20684958185196E-04  0.56386887147861E-05  0.77291854902085E-06  0.10728158456787E-07  0.12235486839437E-05  0.45896151001806E-06  0.97602532493292E-06  0.24567023216995E-06  0.24554242304068E-07 -0.25507919380992E-06  0.42236419636170E-06  0.78661870764255E-06  0.33269895673128E-06 -0.10398511057627E-05 -0.87649287170670E-06  0.35425847942273E-07  0.14810944283768E-06  0.83004697926786E-06 -0.67934508409250E-06  0.10955075799758E-05
   0.32925753261831E-03  0.79321633968206E-04 -0.37100426205204E-02  0.76015699818804E-03 -0.12007716346086E-03 -0.79973885290140E-03 -0.18608664567507E-02  0.46670314825533E-04  0.26100426532992E-04 -0.57152290496524E-02 -0.30999427155595E-01  0.47596253697246E-03 -0.89397714288583E-02  0.32901067165834E+00  0.68318535916201E-03  0.78385064718573E-01  0.94838631262715E-02 -0.67427221170381E-03  0.28695375912400E-04  0.13948019813571E-01 -0.39166326955526E-03 -0.10771230251554E-01  0.43385066678792E-02  0.19983319152455E-02  0.14560799676063E-03 -0.18798347016771E-03  0.10153713843738E-03  0.81815416410306E-04  0.15002459642078E-03 -0.20764093169450E-03  0.20379556683727E-03  0.68699445042655E-04  0.98821344806665E-04  0.80327540428218E-04 -0.24534365148293E-03 -0.34765309486169E-03 -0.22711715720237E-03  0.56841804292172E-05  0.17844977955350E-04  0.69417876512234E-04 -0.22758706491387E-03  0.47874866493514E-03
  -0.22319045431908E-04 -0.25716673887262E-05  0.30595298904659E-03 -0.64684141031490E-04  0.28364288349009E-03 -0.38849799663714E-03  0.11203826030869E-02 -0.14980013550972E-04 -0.10477186524020E-04  0.31544596657094E-03  0.66205974431679E-02 -0.39674050867584E-04 -0.17425835362302E-02  0.65454305391459E-02 -0.58379326252288E-04 -0.74024773498242E-02 -0.98102017557289E-03 -0.42356832864704E-04  0.39898860343771E-05 -0.39166326955525E-03  0.85261674345122E-03  0.14563969752307E-02 -0.55359767746624E-03 -0.14826360092602E-03  0.33812553197891E-05  0.12482113159371E-04  0.14285731195706E-03  0.18472982134085E-04 -0.36684830280369E-05  0.32008865520879E-04  0.48573990179749E-04  0.78814762472729E-04 -0.16800473786432E-04 -0.15797339558542E-04  0.48818438238334E-04 -0.12353309433471E-05 -0.11913142730041E-04  0.39331133891362E-06  0.23507299290453E-05  0.20383674845752E-04  0.19638458275794E-04  0.53146447532723E-05
   0.41829285069408E-03 -0.16256192956355E-02 -0.17604441481047E-01 -0.21344332334180E-02 -0.49656190570186E-02  0.33579908021038E-02  0.18392711732483E-02 -0.86514082799715E-04 -0.56577544992130E-04  0.69881882996058E-02  0.49830323030849E-01 -0.14488459955214E-02  0.19882352503444E-01 -0.15518624495760E+00 -0.46891278073194E-03 -0.12400469748069E+00 -0.19984001097330E-01  0.71987784325248E-02 -0.52919196490527E-04 -0.10771230251554E-01  0.14563969752307E-02  0.64887441870201E-01 -0.21663544157600E-01 -0.37509176544623E-02 -0.10311815109305E-03  0.21192883998819E-03  0.51696270543572E-03  0.20803406417121E-04 -0.13113895759335E-03  0.16347506026712E-03  0.11520655589278E-03  0.26988868943487E-03 -0.72672949872054E-04 -0.30373089171135E-03 -0.33630964163259E-04  0.69160332568902E-03  0.36683933508167E-03 -0.19807796937171E-05 -0.99541063162661E-05  0.16915555360299E-04  0.30749949568499E-03 -0.39784875800591E-03
  -0.48136784296654E-03  0.44624948870951E-03  0.11615944486665E-01  0.41513619783930E-03 -0.20892757078370E-03 -0.69035264463787E-03 -0.14607643861134E-02  0.39381595268974E-05  0.27144528120713E-05 -0.18104837499395E-02 -0.19107729461503E-01  0.68611653839540E-03 -0.95667419512213E-02  0.64978171496725E-01  0.38719267961876E-03  0.57020636659760E-01  0.51708653805259E-02  0.49089252355569E-02  0.20684958185196E-04  0.43385066678791E-02 -0.55359767746623E-03 -0.21663544157600E-01  0.10533968202177E-01  0.84358442917338E-03 -0.53411169936255E-04 -0.18414543430965E-03 -0.49430316973065E-03 -0.97757385560373E-04  0.27529489165570E-04 -0.98520195771031E-04 -0.24371535395267E-03 -0.31996639895935E-03  0.32380351455631E-04  0.46872939725823E-04 -0.47723873583907E-04  0.13292814766690E-04  0.13247634735135E-03 -0.56082392040936E-05 -0.23491178540577E-04 -0.17598456802912E-03 -0.13172414768716E-03  0.13229279011709E-03
   0.43535985053900E-04  0.83771962783276E-04  0.15991665443974E-03  0.21736002411350E-03  0.38016409228445E-03 -0.21988788636080E-03 -0.22681974713966E-03  0.15624286139216E-04  0.93074346094349E-05 -0.10305554999832E-02 -0.36986640522045E-02  0.66649513528783E-04 -0.10786193161277E-02  0.56417534755434E-02  0.83615406868239E-04  0.15683624722689E-01  0.28877435677268E-02 -0.20470161269461E-02  0.56386887147864E-05  0.19983319152455E-02 -0.14826360092603E-03 -0.37509176544623E-02  0.84358442917340E-03  0.71682880196003E-03  0.43256243481903E-04 -0.12037670361648E-04  0.96413780653750E-04  0.28081932685745E-04  0.25335185752737E-04 -0.24732192467807E-04  0.10635133936091E-03  0.10716122089038E-03  0.99077421386088E-05  0.10619357954119E-04 -0.29866470182409E-04 -0.14310697335218E-03 -0.11017335456048E-03  0.21547918457597E-05  0.91933275858639E-05  0.54462768213258E-04 -0.54978355564425E-04  0.81947796812233E-04
   0.45578648023895E-04  0.68339700401825E-05 -0.60494720431573E-03  0.63645120844539E-04  0.14461249779139E-03 -0.17938156814602E-04 -0.92893546662035E-04  0.87623735707679E-05  0.57213661042370E-05 -0.83164748434849E-04 -0.44577501263171E-03 -0.70126125033768E-05  0.21029425948112E-03  0.57881950106414E-02  0.25425855521258E-04  0.15915839719760E-02  0.23978314058065E-03 -0.25999163257335E-03  0.77291854902088E-06  0.14560799676063E-03  0.33812553197886E-05 -0.10311815109304E-03 -0.53411169936253E-04  0.43256243481902E-04  0.30094186829070E-04  0.18162935807100E-04  0.48071952853062E-04  0.18336660728396E-04  0.22874080528648E-04  0.20255237372425E-04  0.48846942213427E-04  0.48336683701277E-04  0.84241401663629E-05  0.21354664597015E-04  0.18671598748088E-04 -0.19089247249561E-04 -0.20156168538916E-04  0.86071525239338E-06  0.34037909739562E-05  0.25141444919440E-04 -0.24282827434828E-05  0.70340614124916E-05
   0.35041013681867E-04  0.10757429681274E-05 -0.48650104631772E-03  0.40263705415618E-04  0.13706077233689E-03 -0.17795829104413E-04  0.41422595192360E-05  0.72133456292152E-05  0.47766316247543E-05  0.48203592488950E-04  0.64720374884879E-03 -0.11116180947624E-04  0.17569112633891E-03 -0.48891617998313E-02  0.57468160506607E-05 -0.42097388267039E-03  0.23962973379776E-04 -0.30360155411189E-03  0.10728158456797E-07 -0.18798347016771E-03  0.12482113159371E-04  0.21192883998818E-03 -0.18414543430965E-03 -0.12037670361648E-04  0.18162935807100E-04  0.40167015834314E-04  0.58070022259537E-04  0.17593834582006E-04  0.20218001956821E-04  0.27413044660341E-04  0.50137986173305E-04  0.55742202758349E-04  0.46099080480533E-05  0.20890656291095E-04  0.26390880489795E-04 -0.12282691639758E-04 -0.16660217942253E-04  0.75417857302953E-06  0.31880861588745E-05  0.25675728186006E-04  0.50708258770188E-05 -0.20898028486650E-05
  -0.86621404922431E-04 -0.29085355385307E-04  0.18971493869843E-02 -0.39149946763091E-04 -0.10939505748896E-03 -0.28180856754594E-03  0.44511273839337E-03  0.18452883367833E-05 -0.51241277460850E-07 -0.17113951097096E-02  0.41038608670247E-02  0.31646145465143E-04 -0.50370561677885E-03 -0.43976627003756E-02 -0.22607142670415E-04  0.21968529687653E-02  0.99460559090674E-03 -0.17364013691240E-02  0.12235486839438E-05  0.10153713843741E-03  0.14285731195706E-03  0.51696270543569E-03 -0.49430316973064E-03  0.96413780653755E-04  0.48071952853063E-04  0.58070022259537E-04  0.79640424312338E-03  0.57945058669797E-04  0.52344706496085E-04  0.67030935728732E-04  0.31663247046712E-03  0.33332377063097E-03 -0.14639416815278E-04  0.45246819931302E-04  0.61285007969657E-04 -0.80624244771614E-04 -0.81606448455521E-04  0.22404361915570E-05  0.10999905568174E-04  0.80146713495378E-04  0.11556328984041E-04  0.31801009130105E-04
   0.31416262720275E-04  0.31960825916155E-05 -0.39120429621435E-03  0.41912144941811E-04  0.16421948670206E-03 -0.99275382166387E-04  0.11297124103656E-03  0.87515368245820E-05  0.60950784347763E-05  0.24018169756704E-04  0.47443395897731E-03 -0.12498611277667E-04  0.26901273216932E-03  0.11290615434806E-01 -0.24513050586452E-04  0.50204701562472E-03  0.30742915868997E-03 -0.52078684411314E-03  0.45896151001809E-06  0.81815416410314E-04  0.18472982134084E-04  0.20803406417115E-04 -0.97757385560369E-04  0.28081932685746E-04  0.18336660728396E-04  0.17593834582006E-04  0.57945058669797E-04  0.57935086868787E-04  0.19848830371410E-04  0.19706614297156E-04  0.62970586256918E-04  0.61415761390609E-04  0.63506906689441E-05  0.18321590321494E-04  0.18010924928090E-04 -0.19312434668895E-04 -0.20547508482143E-04  0.91597116900895E-06  0.38665181981975E-05  0.26232517923897E-04 -0.14478419909877E-05  0.63169933879669E-05
