# fitpack10: fit parameters                                                                         
# Test KP with fitted parameters                                                                    
# Created on 06/05/2015 at 23:41:50                                                                 

 # QCD setup
  INS	                    0
  NVL                          11
  IORD                          1
  Q02                   1.6899999999999999     
  IPARAMC                       7
  FLAVOR                4.0000000000000000     
  xmc                   1.3000000000000000     
  xmb                   4.5000000000000000     
  ncb                          12

 # Theory corrections
  inuke                     10344
  itmc                          1
  iht                           1

 # fit parameters
 LAMBDA       0.22680        0.0000    
 a0uv          2.4700        0.0000    
 a1uv         0.62112       0.19395E-01
 a2uv          3.5437       0.11860E-01
 a3uv          0.0000        0.0000    
 a4uv          3.3326       0.38779    
 a5uv          0.0000        0.0000    
 a0dv          23.127        0.0000    
 a1dv          1.1428       0.36270E-01
 a2dv          6.5702       0.16086    
 a3dv         -3.5544       0.92036E-01
 a4dv          4.8933       0.15263    
 a5dv          0.0000        0.0000    
 a0ud         0.14212       0.50830E-02
 a1ud        -0.21724       0.39506E-02
 a2ud          8.4964       0.15171    
 a3ud          0.0000        0.0000    
 a4ud          15.937        1.1755    
 a5ud          0.0000        0.0000    
 a0du          35712.        0.0000    
 a1du          3.9704       0.50438E-01
 a2du          20.532       0.66671    
 a3du          17.000        0.0000    
 a4du          48.556        7.3746    
 a0g           46.300        0.0000    
 a1g          0.61716       0.41144E-01
 a2g           6.6571        1.4702    
 a3g          -3.1944       0.21275    
 a4g           2.9736       0.38785    
 a5g           0.0000        0.0000    
 kappa        0.40000        0.0000    
 a6dv        -0.39007E-02   0.72305E-03
 a7dv          2.0000        0.0000    
 x0_KP        0.37143       0.13655    
 C_KP         0.71306E-01   0.28757E-01
 ht1          -3.2003       0.25752    
 ht2           1.8061       0.10319    
 ht3          -2.0763       0.27044E-01
 ht4           0.0000        0.0000    
 dummy40       0.0000        0.0000    
 dummy41       0.0000        0.0000    
 dummy42       0.0000        0.0000    
 dummy43       0.0000        0.0000    
 dummy44       0.0000        0.0000    
 dummy45       0.0000        0.0000    
 dummy46       0.0000        0.0000    
 dummy47       0.0000        0.0000    
 dummy48       0.0000        0.0000    
 dummy49       0.0000        0.0000    
 bcdmsh2      0.97271       0.54652E-02
 bcdmsd2      0.99488       0.62248E-02
 ccfr          1.0000        0.0000    
 nutev         1.0000        0.0000    
 zeus         0.97998        0.0000    
 h1            1.0162        0.0000    
 e605          1.0060       0.28155E-01
 NmcH2         1.0163       0.76032E-02
 ntv_nu        1.0000        0.0000    
 ntv_nubar     1.0000        0.0000    
 cdf_jet      0.98910        0.0000    
 d0_jet       0.83504        0.0000    
 slac_p        1.0036       0.54859E-02
 slac_d        1.0057       0.58957E-02
 e866pp       0.97254       0.18718E-01
 e866pd       0.98442       0.17856E-01
 d0_gamjet     1.0383       0.16580E-01
 h1b          0.97608        0.0000    
 jlab_p       0.99515       0.62906E-02
 jlab_d       0.97884       0.65498E-02
 blank         1.0000        0.0000    
 d0run2       0.92972       0.15409E-01
 cdfrun2      0.91760       0.18018E-01
 HERA_el      0.99984       0.34133E-02
 HERA_ps      0.99534       0.31423E-02
 CDF_Z        0.97523       0.69504E-02
 NmcRat       0.99963       0.29383E-02
 BNS_F2nd     0.98782       0.65593E-02
 END 0. 0.

 # Hessian matrix (Bevington alpha)
   0.45124488512215E+07 -0.12275136073194E+07  0.22835308712646E+06  0.45065153189623E+06 -0.11980658351419E+06 -0.35113704047490E+05  0.41790305501627E+05  0.84347818962930E+06 -0.17637917372760E+06 -0.41927598024294E+05  0.57757404988256E+04  0.11926201784808E+05  0.14213456998790E+04 -0.10475428040208E+03 -0.15069902846949E+05  0.13828882083579E+04 -0.11967810057978E+05 -0.59861668743441E+04 -0.66817237163047E+07 -0.31389248671476E+05  0.89026567295205E+05
  -0.12275136073194E+07  0.40136090006366E+06 -0.64082543980932E+05 -0.13192548259179E+06  0.34332916197191E+05  0.10606505672070E+05 -0.98787241201519E+04 -0.12965162621657E+06  0.30212963419997E+05  0.68904012866976E+04 -0.83126221725591E+03 -0.10695075691295E+04 -0.12071104431553E+03  0.12101094317035E+02  0.28423189124682E+04 -0.34041648259350E+03  0.23131045330101E+04  0.13642311496358E+04  0.23357854383890E+07  0.82489147300760E+04 -0.32088797366423E+05
   0.22835308712646E+06 -0.64082543980932E+05  0.11670213730969E+05  0.23316842315679E+05 -0.62291507146061E+04 -0.18993511625833E+04  0.21014011933038E+04  0.33390276596647E+05 -0.70903965741527E+04 -0.18647365343834E+04  0.22682958247312E+03  0.38348870026076E+03  0.53413591187194E+02 -0.49636810132619E+01 -0.10864208730763E+04  0.10635034538156E+03 -0.86518058942211E+03 -0.45214570278082E+03 -0.35315820562059E+06 -0.15927048912924E+04  0.47389600254297E+04
   0.45065153189623E+06 -0.13192548259179E+06  0.23316842315679E+05  0.37394342300058E+06 -0.60150433551575E+05  0.60916942282326E+05  0.55642954336834E+05  0.31285548420311E+06 -0.21518274491470E+05 -0.16415424008194E+05  0.27107152884752E+04 -0.15790381545070E+04 -0.19792232150774E+03  0.65712993344133E+02  0.19995323831422E+05 -0.22453523643663E+04  0.16039997767619E+05  0.90491287180367E+04 -0.20014307680602E+07 -0.10092673343870E+05  0.17418133763721E+05
  -0.11980658351419E+06  0.34332916197191E+05 -0.62291507146061E+04 -0.60150433551575E+05  0.11395196146391E+05 -0.60197487793883E+04 -0.81113644813398E+04 -0.31352901497057E+05  0.68798247286183E+03  0.22114410841653E+04 -0.28632236229224E+03 -0.46256366993306E+02  0.79417459825240E+01 -0.63072331673691E+01 -0.15208011755845E+04  0.17383704960474E+03 -0.11878993305230E+04 -0.68366816926849E+03  0.44428249005227E+06  0.20541332551597E+04 -0.46934148086065E+04
  -0.35113704047490E+05  0.10606505672070E+05 -0.18993511625833E+04  0.60916942282326E+05 -0.60197487793883E+04  0.18801125611175E+05  0.11313400120015E+05  0.86776192653667E+05 -0.77375296994661E+04 -0.36316355484637E+04  0.73940556796858E+03 -0.79478074870930E+03 -0.82039564982571E+02  0.20691929738493E+02  0.61217596828823E+04 -0.70290826603035E+03  0.50425835398216E+04  0.28751190663049E+04 -0.19694066099716E+05 -0.70412065676772E+03 -0.19047685833354E+04
   0.41790305501627E+05 -0.98787241201519E+04  0.21014011933038E+04  0.55642954336834E+05 -0.81113644813398E+04  0.11313400120015E+05  0.91401875976973E+04  0.50915446601816E+05 -0.29322602095830E+04 -0.27385007687890E+04  0.44991515932651E+03 -0.24340802018636E+03 -0.34470073629972E+02  0.11369968906305E+02  0.30040867044304E+04 -0.35025629387459E+03  0.24124071242544E+04  0.13998277211545E+04 -0.19587746888303E+06 -0.13131256641065E+04  0.95250447423284E+03
   0.84347818962930E+06 -0.12965162621657E+06  0.33390276596647E+05  0.31285548420311E+06 -0.31352901497057E+05  0.86776192653667E+05  0.50915446601816E+05  0.50113067017817E+07 -0.25163641485803E+07 -0.83732870527638E+05  0.22405415571787E+05  0.22613638748846E+05  0.17023108939905E+04  0.11558216447724E+03  0.47902369979027E+05 -0.60999071569061E+04  0.45619790668774E+05  0.25030760025899E+05 -0.53284560908399E+06 -0.64706780213889E+04 -0.68062594081866E+04
  -0.17637917372760E+06  0.30212963419997E+05 -0.70903965741527E+04 -0.21518274491470E+05  0.68798247286183E+03 -0.77375296994661E+04 -0.29322602095830E+04 -0.25163641485803E+07  0.22167369307458E+07  0.18250698549012E+05 -0.55219788424403E+04 -0.52106600216001E+04 -0.35497510556867E+03 -0.14855703380475E+02  0.45415979935365E+05 -0.23274709210749E+04  0.16630491536821E+05  0.83100822445084E+04 -0.11998226775407E+05  0.64164309046813E+03  0.18771359960544E+04
  -0.41927598024294E+05  0.68904012866976E+04 -0.18647365343834E+04 -0.16415424008194E+05  0.22114410841653E+04 -0.36316355484637E+04 -0.27385007687890E+04 -0.83732870527638E+05  0.18250698549012E+05  0.26707235486359E+04 -0.56595044423838E+03 -0.58391508112992E+03 -0.56396099696064E+02 -0.24938468626542E+01 -0.24412746238930E+04  0.28290431800873E+03 -0.19729053047039E+04 -0.11471302131851E+04  0.48505993004876E+05  0.44567160706805E+03 -0.32004117169971E+02
   0.57757404988256E+04 -0.83126221725591E+03  0.22682958247312E+03  0.27107152884752E+04 -0.28632236229224E+03  0.73940556796858E+03  0.44991515932651E+03  0.22405415571787E+05 -0.55219788424403E+04 -0.56595044423838E+03  0.14175824603761E+03  0.15167046859363E+03  0.11959500444176E+02  0.81628219637193E+00  0.74937231295613E+03 -0.77198354189063E+02  0.57027128970273E+03  0.31308314660746E+03 -0.50404900732382E+04 -0.53154170230665E+02 -0.44186678538210E+02
   0.11926201784808E+05 -0.10695075691295E+04  0.38348870026076E+03 -0.15790381545070E+04 -0.46256366993306E+02 -0.79478074870930E+03 -0.24340802018636E+03  0.22613638748846E+05 -0.52106600216001E+04 -0.58391508112992E+03  0.15167046859363E+03  0.27270194764186E+04  0.17870127578971E+03  0.11470580689269E+01  0.69084381938024E+03 -0.96117922394900E+02  0.74332934403080E+03  0.43499604016476E+03 -0.64814179627509E+04 -0.23156180651675E+02  0.22889781061912E+03
   0.14213456998790E+04 -0.12071104431553E+03  0.53413591187194E+02 -0.19792232150774E+03  0.79417459825240E+01 -0.82039564982571E+02 -0.34470073629972E+02  0.17023108939905E+04 -0.35497510556867E+03 -0.56396099696064E+02  0.11959500444176E+02  0.17870127578971E+03  0.15504111115509E+02 -0.11666437246282E+00  0.30083445363711E+02 -0.57190581620093E+01  0.39713275884308E+02  0.26511460734304E+02 -0.23864749675615E+03  0.16421733934789E+01  0.19807664725790E+02
  -0.10475428040208E+03  0.12101094317035E+02 -0.49636810132619E+01  0.65712993344133E+02 -0.63072331673691E+01  0.20691929738493E+02  0.11369968906305E+02  0.11558216447724E+03 -0.14855703380475E+02 -0.24938468626542E+01  0.81628219637193E+00  0.11470580689269E+01 -0.11666437246282E+00  0.82100690773073E-01  0.14589503588606E+02 -0.12675320145977E+01  0.96522959011468E+01  0.48631047077220E+01 -0.10204399123432E+03 -0.11698867341648E+01 -0.12205408651613E+01
  -0.15069902846949E+05  0.28423189124682E+04 -0.10864208730763E+04  0.19995323831422E+05 -0.15208011755845E+04  0.61217596828823E+04  0.30040867044304E+04  0.47902369979027E+05  0.45415979935365E+05 -0.24412746238930E+04  0.74937231295613E+03  0.69084381938024E+03  0.30083445363711E+02  0.14589503588606E+02  0.25339229104488E+05 -0.21865916605021E+04  0.16430483602605E+05  0.85974078423367E+04 -0.24606435803968E+05  0.10618128761685E+03 -0.98693568504725E+02
   0.13828882083579E+04 -0.34041648259350E+03  0.10635034538156E+03 -0.22453523643663E+04  0.17383704960474E+03 -0.70290826603035E+03 -0.35025629387459E+03 -0.60999071569061E+04 -0.23274709210749E+04  0.28290431800873E+03 -0.77198354189063E+02 -0.96117922394900E+02 -0.57190581620093E+01 -0.12675320145977E+01 -0.21865916605021E+04  0.21820304437298E+03 -0.16326692540718E+04 -0.88952554160741E+03  0.26749863300231E+04 -0.15117935555889E+02  0.31815667026399E+02
  -0.11967810057978E+05  0.23131045330101E+04 -0.86518058942211E+03  0.16039997767619E+05 -0.11878993305230E+04  0.50425835398216E+04  0.24124071242544E+04  0.45619790668774E+05  0.16630491536821E+05 -0.19729053047039E+04  0.57027128970273E+03  0.74332934403080E+03  0.39713275884308E+02  0.96522959011468E+01  0.16430483602605E+05 -0.16326692540718E+04  0.12363005826850E+05  0.66920509979733E+04 -0.20098316705073E+05  0.11566772240139E+03 -0.71343137699251E+02
  -0.59861668743441E+04  0.13642311496358E+04 -0.45214570278082E+03  0.90491287180367E+04 -0.68366816926849E+03  0.28751190663049E+04  0.13998277211545E+04  0.25030760025899E+05  0.83100822445084E+04 -0.11471302131851E+04  0.31308314660746E+03  0.43499604016476E+03  0.26511460734304E+02  0.48631047077220E+01  0.85974078423367E+04 -0.88952554160741E+03  0.66920509979733E+04  0.36803518699060E+04 -0.11294216443464E+05  0.70976200902499E+02 -0.94141440101741E+02
  -0.66817237163047E+07  0.23357854383890E+07 -0.35315820562059E+06 -0.20014307680602E+07  0.44428249005227E+06 -0.19694066099716E+05 -0.19587746888303E+06 -0.53284560908399E+06 -0.11998226775407E+05  0.48505993004876E+05 -0.50404900732382E+04 -0.64814179627509E+04 -0.23864749675615E+03 -0.10204399123432E+03 -0.24606435803968E+05  0.26749863300231E+04 -0.20098316705073E+05 -0.11294216443464E+05  0.27937985733146E+08  0.84534080264332E+05 -0.33969365279254E+06
  -0.31389248671476E+05  0.82489147300760E+04 -0.15927048912924E+04 -0.10092673343870E+05  0.20541332551597E+04 -0.70412065676772E+03 -0.13131256641065E+04 -0.64706780213889E+04  0.64164309046813E+03  0.44567160706805E+03 -0.53154170230665E+02 -0.23156180651675E+02  0.16421733934789E+01 -0.11698867341648E+01  0.10618128761685E+03 -0.15117935555889E+02  0.11566772240139E+03  0.70976200902499E+02  0.84534080264332E+05  0.67355188189409E+03 -0.11773781717511E+04
   0.89026567295205E+05 -0.32088797366423E+05  0.47389600254297E+04  0.17418133763721E+05 -0.46934148086065E+04 -0.19047685833354E+04  0.95250447423284E+03 -0.68062594081866E+04  0.18771359960544E+04 -0.32004117169971E+02 -0.44186678538210E+02  0.22889781061912E+03  0.19807664725790E+02 -0.12205408651613E+01 -0.98693568504725E+02  0.31815667026399E+02 -0.71343137699251E+02 -0.94141440101741E+02 -0.33969365279254E+06 -0.11773781717511E+04  0.64845163117974E+04

 # Covariance matrix (Bevington epsilon)
   0.37617033940914E-03 -0.86898950241527E-04 -0.73245047549177E-02  0.23557454128594E-03  0.79408173008156E-04  0.39331064841425E-03 -0.13546343905015E-02  0.47595721434564E-04  0.32634184927531E-04 -0.75465442181771E-03 -0.12247027596348E-01 -0.70007426446879E-04 -0.10740979894132E-02  0.29967403246763E-01  0.11546119548963E-03  0.26635369785500E-02  0.28854345172386E-03 -0.47894900283352E-03  0.39478937825358E-05  0.44208818684826E-03 -0.27908758495011E-04  0.46956293212902E-03 -0.49966684771349E-03  0.36800394686063E-04  0.45485363248685E-04  0.34623052360062E-04 -0.86012677095171E-04  0.31427393848210E-04  0.44575014566718E-04  0.32978778371524E-04 -0.68388362601619E-04 -0.61703376595209E-04  0.39727680104413E-04  0.38838993328151E-04  0.29561480991328E-04 -0.42034266971769E-04 -0.45918618760950E-04  0.23897875153805E-05  0.81417219322304E-05  0.55290880827622E-04 -0.12200831963837E-04  0.60368860298622E-05
  -0.86898950241529E-04  0.14065164491114E-03  0.24904812539524E-02  0.75105248677839E-04  0.61148302584579E-03 -0.26560639266384E-03  0.41165985179725E-03 -0.71258950387563E-05 -0.50949978249880E-05  0.54332354693521E-03  0.34897422039893E-02  0.87791711163377E-04 -0.17247784555487E-03  0.13893330450561E-02 -0.80175761453718E-05  0.14343940959042E-02  0.23652423324320E-03 -0.62346170234506E-04 -0.22531555274015E-05  0.40683377932585E-04  0.46281529892540E-05 -0.16540962359111E-02  0.45170601495807E-03  0.85105934585581E-04  0.65612541362825E-05  0.24401125840074E-05 -0.29914756666549E-04  0.29330085043578E-05  0.72665521873959E-06  0.11158155279035E-05  0.32640034414016E-04  0.20436364365566E-04 -0.11845541136001E-05  0.77622036378399E-05  0.75964151459909E-05 -0.80990737552519E-05 -0.34072156239247E-05 -0.71029926822417E-07 -0.60735116559200E-07 -0.41499319315658E-06 -0.37888313463780E-06 -0.13532965342844E-05
  -0.73245047549177E-02  0.24904812539523E-02  0.15038088667042E+00 -0.34625182961589E-02  0.32025114417341E-02 -0.91478581770850E-02  0.27373549476959E-01 -0.87835650373161E-03 -0.60764046367273E-03  0.17789760741909E-01  0.25658981615930E+00  0.18630893199833E-02  0.21882085656923E-01 -0.52097665079869E+00 -0.19222084174806E-02 -0.19884727992273E-01 -0.12167141891265E-02  0.66258972224795E-02 -0.79572197102880E-04 -0.60862184623747E-02  0.50753160906513E-03 -0.18628584243976E-01  0.11958643887517E-01  0.27167279624002E-03 -0.60813176151160E-03 -0.45695903275020E-03  0.18738133312110E-02 -0.39554330765743E-03 -0.58403122222945E-03 -0.39477085320514E-03  0.20653349124421E-02  0.18559491288881E-02 -0.68012984545019E-03 -0.45753312043266E-03 -0.32359696896515E-03  0.55832032493737E-03  0.65121923159941E-03 -0.37477394352086E-04 -0.12210066826228E-03 -0.80598494901458E-03  0.20890471022736E-03 -0.48299635787986E-04
   0.23557454128594E-03  0.75105248677841E-04 -0.34625182961588E-02  0.13155075038394E-02  0.47992159063015E-02 -0.19734839172397E-02 -0.62270389696076E-03  0.31075530322440E-04  0.18225817591260E-04 -0.55990784683729E-03 -0.81901406071140E-02  0.40434408666424E-03 -0.46556662019565E-02  0.58013184527340E-01  0.49777711986072E-03  0.14316255884747E-01 -0.80789821064169E-03  0.32302936502598E-02  0.94262495211645E-05  0.84638860622660E-03 -0.52204519109798E-04 -0.22164071595923E-02  0.44505659699057E-03  0.22224139123373E-03  0.63316579007714E-04  0.44084834067499E-04 -0.40240619490656E-04  0.41512977150329E-04  0.63317168818253E-04  0.46493875108221E-04  0.26002558826816E-04 -0.21719863650502E-04  0.30640494888655E-04  0.59911786997607E-04  0.33811243391150E-04 -0.41422103728563E-04 -0.47177282629242E-04  0.27418920711875E-05  0.12410270352483E-04  0.69658111715549E-04 -0.14341720405471E-04  0.17860011538014E-04
   0.79408173008140E-04  0.61148302584579E-03  0.32025114417344E-02  0.47992159063015E-02  0.25875348237967E-01 -0.12852172079413E-01  0.10447788555289E-01 -0.39856183867005E-04 -0.39002671569194E-04  0.39129393043669E-02  0.22975867683839E-01  0.75899469023457E-03 -0.52416069800603E-02  0.24448317942637E+00  0.14174607183871E-02  0.36027356002233E-01 -0.60621902513705E-02  0.14947647456037E-01 -0.43639662825599E-05  0.18280466368484E-03  0.28069903394792E-03 -0.55743397471973E-02  0.94598230972690E-05  0.44173879615624E-03  0.14700279303818E-03  0.13470874530042E-03 -0.98585440259493E-04  0.16631524937939E-03  0.99891096708922E-04  0.10824105875729E-03  0.29348983378194E-03  0.13924761004663E-03  0.27851635362091E-04  0.10889853821694E-03  0.34559923116491E-04 -0.92831192660639E-05 -0.51181173066703E-04  0.62008110867107E-05  0.31145617538180E-04  0.17250843737407E-03 -0.20509858414424E-05  0.25930190871189E-04
   0.39331064841425E-03 -0.26560639266384E-03 -0.91478581770851E-02 -0.19734839172396E-02 -0.12852172079413E-01  0.84706309907379E-02 -0.97265505973939E-02  0.11382728801127E-03  0.84941197443885E-04 -0.26113917139562E-02 -0.35064332942806E-01  0.14316485376643E-03 -0.10806523546034E-02 -0.19329912243206E+00 -0.52650986469737E-03 -0.22749833425951E-01  0.27471750703802E-02 -0.88135042720525E-02 -0.12601096453414E-05 -0.12011644353638E-02 -0.39444108323320E-03  0.38440016012746E-02 -0.86332663590770E-03 -0.26653179514149E-03 -0.19928947095595E-04 -0.20589071136813E-04 -0.28809015652600E-03 -0.10070581075542E-03 -0.22711401484637E-05 -0.12045262507898E-04 -0.31918865253726E-03 -0.27830335566343E-03  0.38119853769232E-04 -0.40680054881498E-05  0.24065798151523E-04 -0.31323649521034E-04 -0.24471511431805E-04 -0.88322802276864E-06 -0.57242864679157E-05 -0.30648381634352E-04 -0.67311478843111E-06 -0.84263730748050E-04
  -0.13546343905015E-02  0.41165985179723E-03  0.27373549476959E-01 -0.62270389696082E-03  0.10447788555288E-01 -0.97265505973939E-02  0.23295516050959E-01 -0.28504628788922E-03 -0.19796015751153E-03  0.10155979369181E-01  0.10412532319034E+00 -0.19311114118899E-02  0.24273480769213E-01  0.88752077826785E-01 -0.80604474063922E-03 -0.10368645290704E-01 -0.15667814545110E-02  0.25002456555582E-02 -0.44257375496430E-04 -0.15245023976191E-02  0.10905012804609E-02  0.13105126492178E-02 -0.12789846808217E-02 -0.16876224084455E-03 -0.89168513781847E-04 -0.71125815196704E-05  0.46391828204609E-03  0.11715259688481E-03 -0.13694119717859E-03 -0.37072685922982E-04  0.64378824549929E-03  0.76544370104530E-03 -0.14680463417712E-03 -0.11718811674888E-03 -0.77759390099729E-04  0.10389996696785E-03  0.98060594896869E-04 -0.40060151392232E-05 -0.15805649219664E-04 -0.56320767973367E-04  0.69144556886847E-04  0.99105436052388E-04
   0.47595721434563E-04 -0.71258950387558E-05 -0.87835650373159E-03  0.31075530322440E-04 -0.39856183866999E-04  0.11382728801126E-03 -0.28504628788921E-03  0.25836793149503E-04  0.19541834436534E-04 -0.27025938848627E-03 -0.47438678955278E-02  0.18106359987443E-04 -0.33496191041094E-03 -0.19082140890876E-02 -0.27776695595714E-04  0.10544453447942E-03  0.23575953920612E-03 -0.33314239219218E-03  0.49883854222308E-06  0.43128566839829E-04 -0.13766512831889E-04 -0.79212791128992E-04  0.89409824728643E-06  0.14324404811966E-04  0.87040577059701E-05  0.75339063113033E-05  0.16699084055832E-05  0.87422044461345E-05  0.87927600185030E-05  0.75174567230559E-05 -0.81986611931657E-07 -0.95127428521203E-08  0.93846793265367E-05  0.79359993855749E-05  0.70132408334845E-05  0.27602335640959E-06  0.32854207763183E-06  0.38656499880341E-06  0.15173526528550E-05  0.12457236260525E-04 -0.11764013202761E-05  0.63543114424741E-06
   0.32634184927530E-04 -0.50949978249876E-05 -0.60764046367272E-03  0.18225817591260E-04 -0.39002671569189E-04  0.84941197443881E-04 -0.19796015751153E-03  0.19541834436534E-04  0.15607315059824E-04 -0.18448978167582E-03 -0.34889672116222E-02  0.11150103545122E-04 -0.22106712624457E-03 -0.16365353190060E-02 -0.36381856026334E-04 -0.26581692993664E-03  0.18572626847878E-03 -0.30836588044574E-03  0.31222274216065E-06  0.23241042029879E-04 -0.97622964906016E-05 -0.51640963128935E-04  0.65168346052533E-06  0.84250533443400E-05  0.56787055896637E-05  0.49530716201590E-05 -0.15660998704447E-06  0.60846640852216E-05  0.56390590752608E-05  0.48099298913093E-05 -0.13416081362824E-05 -0.11306089661830E-05  0.64767767421688E-05  0.50969973716421E-05  0.45138818650521E-05  0.11870816829279E-05  0.10551987641425E-05  0.23679002966894E-06  0.18401769681741E-06  0.80205707441785E-05 -0.73823350895386E-06  0.17304597245382E-06
  -0.75465442181770E-03  0.54332354693520E-03  0.17789760741909E-01 -0.55990784683732E-03  0.39129393043667E-02 -0.26113917139561E-02  0.10155979369181E-01 -0.27025938848627E-03 -0.18448978167583E-03  0.23016911719480E-01  0.12090375175330E+00 -0.16044759974692E-02  0.30661247233462E-01 -0.14196259946409E+00 -0.57277464547915E-03 -0.66397345420009E-01 -0.12405077010710E-01  0.84486494779515E-02 -0.32379360808099E-04 -0.64980785989021E-02  0.23707728959454E-03  0.70923061019953E-02 -0.18526801366383E-02 -0.10564662648878E-02 -0.80607780114111E-04  0.23083409917463E-04 -0.17010981586815E-02  0.26821559032617E-04 -0.91154372340296E-04  0.93172000452459E-05 -0.39553660263490E-04  0.47093005054815E-04 -0.59133699072522E-04 -0.51163004435933E-04  0.85158541734086E-05  0.49973966713016E-03  0.33848916272040E-03 -0.66468233518932E-05 -0.35835176301144E-04 -0.11014521979353E-03  0.86608268942701E-04 -0.19227450136039E-03
  -0.12247027596348E-01  0.34897422039892E-02  0.25658981615930E+00 -0.81901406071142E-02  0.22975867683837E-01 -0.35064332942805E-01  0.10412532319034E+00 -0.47438678955278E-02 -0.34889672116223E-02  0.12090375175330E+00  0.13818683885593E+01 -0.97283147279455E-02  0.18469630625136E+00 -0.87948681459153E+00 -0.10718567033276E-02 -0.26628289603789E+00 -0.51200153457567E-01  0.18794428943092E-01 -0.21530256459706E-03 -0.35305122776716E-01  0.63123589685659E-02  0.50252655952255E-01 -0.19234155875672E-01 -0.38429067714835E-02 -0.43621303299390E-03  0.53884055164637E-03  0.41191321208886E-02  0.48136039401236E-03 -0.34012673186592E-03  0.76097987910520E-03  0.75036729035672E-02  0.85265353325792E-02 -0.20370353597227E-02 -0.17177929112216E-03  0.69138980515614E-03 -0.52414472397398E-03 -0.11753965266739E-02 -0.20095186614972E-04 -0.90839773713975E-04 -0.43465686482671E-04  0.91551468246031E-03 -0.20123931866855E-03
  -0.70007426446880E-04  0.87791711163378E-04  0.18630893199833E-02  0.40434408666425E-03  0.75899469023461E-03  0.14316485376641E-03 -0.19311114118899E-02  0.18106359987444E-04  0.11150103545122E-04 -0.16044759974692E-02 -0.97283147279454E-02  0.25440209561980E-02 -0.27569656568930E-01 -0.60603163373484E-01  0.24972374324103E-03  0.22845490956564E-02 -0.58790502559717E-03  0.10510024736025E-02  0.38324411150011E-05  0.47143684949412E-03 -0.29579664237773E-04 -0.14821204659218E-02  0.69659610844311E-03  0.69805019851241E-04 -0.80020648749774E-05 -0.80273599727683E-05  0.30935039762497E-04 -0.14246033931645E-04  0.16158668177231E-05 -0.33561526925488E-05  0.95123928710924E-04 -0.55616584239097E-04 -0.22904908020021E-05  0.65540654523141E-05 -0.26118998702791E-05  0.72432729822215E-05  0.53967390191598E-05 -0.87771186567752E-07  0.15868558689769E-05 -0.81608791783109E-05 -0.10605693355800E-04  0.25031741688421E-04
  -0.10740979894132E-02 -0.17247784555488E-03  0.21882085656923E-01 -0.46556662019566E-02 -0.52416069800606E-02 -0.10806523546033E-02  0.24273480769213E-01 -0.33496191041094E-03 -0.22106712624457E-03  0.30661247233462E-01  0.18469630625136E+00 -0.27569656568930E-01  0.44450861902585E+00  0.77318440209194E+00 -0.37907019259314E-02 -0.75122332394610E-01  0.78580369606901E-02 -0.24562964829779E-01 -0.85650451332021E-04 -0.10309990302753E-01 -0.19025627536044E-02  0.20549428265711E-01 -0.98041300372566E-02 -0.11685094017116E-02  0.22047598044263E-03  0.12937662299306E-03 -0.49949726711444E-03  0.28682320600167E-03  0.14691024575227E-03  0.56573876864034E-04  0.11454017968889E-02  0.12407726787035E-02  0.49055008236182E-04  0.14692797372318E-03  0.25339183610223E-04 -0.24485748955587E-03 -0.28712674506761E-03  0.86705596071404E-05  0.28981402077316E-04  0.22858516554986E-04 -0.79461918932598E-05 -0.65459647431517E-03
   0.29967403246763E-01  0.13893330450558E-02 -0.52097665079869E+00  0.58013184527339E-01  0.24448317942637E+00 -0.19329912243206E+00  0.88752077826782E-01 -0.19082140890876E-02 -0.16365353190061E-02 -0.14196259946408E+00 -0.87948681459152E+00 -0.60603163373484E-01  0.77318440209193E+00  0.54384488261959E+02  0.40201238270757E-01  0.25004331767399E+01 -0.94003323193824E-01  0.66143532188562E+00  0.84068123632217E-03  0.42203550462165E+00  0.43308387064146E-02 -0.16706826202047E+00  0.69860914109714E-01  0.81858712015334E-02  0.56487071214604E-02 -0.45533403185905E-02 -0.39677701245067E-02  0.10927459176347E-01  0.55405158865701E-02 -0.52864391934309E-02  0.48154504028466E-02 -0.16333469242576E-01  0.80322971716966E-02  0.48262876553968E-02 -0.51604590931913E-02  0.32020473226964E-02  0.38988887899046E-02  0.32764277226310E-03  0.82480799644684E-03 -0.35270209939919E-02 -0.10561068536263E-01  0.40691822703012E-02
   0.11546119548964E-03 -0.80175761453759E-05 -0.19222084174806E-02  0.49777711986071E-03  0.14174607183870E-02 -0.52650986469732E-03 -0.80604474063927E-03 -0.27776695595714E-04 -0.36381856026335E-04 -0.57277464547910E-03 -0.10718567033275E-02  0.24972374324104E-03 -0.37907019259315E-02  0.40201238270756E-01  0.16927996675465E-02  0.40327722051905E-01 -0.35156926061798E-02  0.11992725447484E-01  0.53503490001490E-05  0.72147463312629E-03 -0.44092641434237E-04 -0.44295011600414E-03  0.38049921624093E-03  0.80866989585468E-04  0.24546976191559E-04  0.93320329038168E-05 -0.23934725287268E-04 -0.25108864294473E-04  0.32358939748051E-04  0.18037470078273E-04 -0.37618883449687E-04 -0.58696863425134E-04  0.22828014931585E-04  0.25908525109718E-04  0.12849267143298E-04  0.13129701013054E-04  0.24990115608395E-04  0.13746261702775E-05  0.54592033419017E-05  0.16102874084103E-04 -0.14518215047446E-04  0.12487561664120E-04
   0.26635369785498E-02  0.14343940959040E-02 -0.19884727992272E-01  0.14316255884746E-01  0.36027356002232E-01 -0.22749833425950E-01 -0.10368645290705E-01  0.10544453447937E-03 -0.26581692993668E-03 -0.66397345420008E-01 -0.26628289603789E+00  0.22845490956567E-02 -0.75122332394615E-01  0.25004331767399E+01  0.40327722051906E-01  0.21615277970680E+01  0.77560046984147E-01  0.27647998708190E+00  0.20746040365897E-03  0.80560548570643E-01 -0.54545447604411E-02 -0.12661137085916E+00  0.58455891247709E-01  0.15999623026708E-01  0.15049663526148E-02  0.73012130556398E-04  0.19458780420189E-02  0.40928620923516E-03  0.21955052074403E-02  0.85802104023230E-03  0.21488115846167E-02  0.15434907744757E-02  0.11970007829307E-02  0.17794396888932E-02  0.62542984891307E-03 -0.48341496512719E-02 -0.22590908233278E-02  0.85379931364868E-04  0.39026625532893E-03  0.11210951410459E-02 -0.13323908895005E-02  0.23224385818215E-02
   0.28854345172383E-03  0.23652423324322E-03 -0.12167141891257E-02 -0.80789821064161E-03 -0.60621902513701E-02  0.27471750703798E-02 -0.15667814545107E-02  0.23575953920612E-03  0.18572626847878E-03 -0.12405077010710E-01 -0.51200153457569E-01 -0.58790502559714E-03  0.78580369606894E-02 -0.94003323193805E-01 -0.35156926061796E-02  0.77560046984159E-01  0.45262125671643E-01 -0.58314805272475E-01  0.56483905214410E-05  0.96776350429010E-02 -0.72675943698562E-03 -0.20789740640328E-01  0.55398906948319E-02  0.29730275265899E-02  0.23226146165598E-03  0.90104644526531E-04  0.95913234837756E-03  0.29733424432268E-03  0.30754266281433E-03  0.18599748880396E-03  0.99248334828572E-03  0.10689254787277E-02  0.21028581558881E-04  0.27927492911506E-03  0.18188725308511E-03 -0.17133483275069E-02 -0.13097943414564E-02  0.18843022128590E-04  0.81706537343919E-04  0.44946298192781E-03 -0.11133796668719E-03  0.39726064069114E-03
  -0.47894900283350E-03 -0.62346170234566E-04  0.66258972224784E-02  0.32302936502597E-02  0.14947647456036E-01 -0.88135042720518E-02  0.25002456555575E-02 -0.33314239219219E-03 -0.30836588044575E-03  0.84486494779523E-02  0.18794428943095E-01  0.10510024736025E-02 -0.24562964829779E-01  0.66143532188560E+00  0.11992725447483E-01  0.27647998708188E+00 -0.58314805272478E-01  0.15043058148387E+00  0.21791137937817E-04 -0.74748178205314E-03 -0.74626641950902E-04  0.79809728822370E-02  0.45778315577556E-02 -0.21101067376726E-02 -0.26448769342606E-03 -0.31602847220152E-03 -0.17252069061778E-02 -0.52245646198902E-03 -0.26775191643333E-03 -0.34617729140017E-03 -0.16723843223073E-02 -0.19245046632746E-02  0.22279603361139E-03 -0.29005897306943E-03 -0.36870879620449E-03  0.23249539768246E-02  0.21830948792608E-02 -0.26489480104729E-04 -0.11031422157768E-03 -0.82757503726170E-03 -0.88165176204616E-04 -0.26000953827458E-03
   0.39478937825358E-05 -0.22531555274014E-05 -0.79572197102881E-04  0.94262495211646E-05 -0.43639662825593E-05 -0.12601096453416E-05 -0.44257375496430E-04  0.49883854222311E-06  0.31222274216067E-06 -0.32379360808099E-04 -0.21530256459706E-03  0.38324411150011E-05 -0.85650451332022E-04  0.84068123632218E-03  0.53503490001491E-05  0.20746040365897E-03  0.56483905214407E-05  0.21791137937818E-04  0.52280172848156E-06  0.31417313274149E-04  0.47069780397729E-05 -0.49939479486245E-04  0.20534755398917E-04  0.52506264387814E-05  0.65175761039696E-06  0.99485711662317E-07  0.11955653372948E-05  0.34946050079029E-06  0.87139502492073E-06  0.34198081946794E-06 -0.21122600710067E-06 -0.41901413156707E-06  0.38866640294526E-06  0.68739103474212E-06  0.46515726144610E-06 -0.98019199099929E-06 -0.79516170006614E-06  0.30424142350815E-07  0.12459140710817E-06  0.68538808267556E-06 -0.46509271095267E-06  0.87300939697269E-06
   0.44208818684825E-03  0.40683377932585E-04 -0.60862184623746E-02  0.84638860622661E-03  0.18280466368491E-03 -0.12011644353639E-02 -0.15245023976190E-02  0.43128566839828E-04  0.23241042029878E-04 -0.64980785989021E-02 -0.35305122776716E-01  0.47143684949413E-03 -0.10309990302753E-01  0.42203550462166E+00  0.72147463312637E-03  0.80560548570645E-01  0.96776350429006E-02 -0.74748178205206E-03  0.31417313274148E-04  0.18646546359168E-01  0.45782597858432E-04 -0.10128025859846E-01  0.40291164916293E-02  0.18809880871841E-02  0.15432118652506E-03 -0.14975889958042E-03  0.98347647836201E-04  0.92001444926339E-04  0.16055624129599E-03 -0.17381150786705E-03  0.17436465819003E-03  0.22907999249231E-05  0.11061027371376E-03  0.94359083634660E-04 -0.21089228542733E-03 -0.34830092104757E-03 -0.22834764160434E-03  0.61894124663676E-05  0.18208273146079E-04  0.60300479194566E-04 -0.15763916621726E-03  0.47236757110186E-03
  -0.27908758495011E-04  0.46281529892534E-05  0.50753160906512E-03 -0.52204519109803E-04  0.28069903394789E-03 -0.39444108323319E-03  0.10905012804609E-02 -0.13766512831889E-04 -0.97622964906016E-05  0.23707728959454E-03  0.63123589685659E-02 -0.29579664237775E-04 -0.19025627536044E-02  0.43308387064142E-02 -0.44092641434241E-04 -0.54545447604411E-02 -0.72675943698559E-03 -0.74626641950965E-04  0.47069780397729E-05  0.45782597858433E-04  0.82695099788523E-03  0.10723174528803E-02 -0.39131572476546E-03 -0.76189257093614E-04  0.61175640158715E-05  0.68306060706517E-05  0.14783639247865E-03  0.19453045819183E-04 -0.13861138858208E-05  0.26762243815118E-04  0.57453755494776E-04  0.88482004034375E-04 -0.15934385770448E-04 -0.16452069807188E-04  0.42590007158534E-04 -0.11580540606018E-04 -0.18584553198625E-04  0.48556297447845E-06  0.27927430471736E-05  0.23163338178626E-04  0.10382852910804E-04  0.15753448901863E-04
   0.46956293212905E-03 -0.16540962359111E-02 -0.18628584243977E-01 -0.22164071595923E-02 -0.55743397471976E-02  0.38440016012748E-02  0.13105126492175E-02 -0.79212791128986E-04 -0.51640963128930E-04  0.70923061019952E-02  0.50252655952255E-01 -0.14821204659218E-02  0.20549428265712E-01 -0.16706826202049E+00 -0.44295011600430E-03 -0.12661137085917E+00 -0.20789740640327E-01  0.79809728822346E-02 -0.49939479486245E-04 -0.10128025859846E-01  0.10723174528803E-02  0.66314297039881E-01 -0.22057886880384E-01 -0.38780492567774E-02 -0.89294793868253E-04  0.12451646154459E-03  0.56427822366413E-03  0.34415349678829E-04 -0.11150189554596E-03  0.78787182700752E-04  0.15098575881455E-03  0.31531714417391E-03 -0.68983344404876E-04 -0.28172480440491E-03 -0.11101753302818E-03  0.68851858605388E-03  0.35546290264758E-03 -0.13399021974070E-05 -0.73231687481434E-05  0.38951526194086E-04  0.20267752230309E-03 -0.29059183065489E-03
  -0.49966684771351E-03  0.45170601495807E-03  0.11958643887517E-01  0.44505659699058E-03  0.94598230973198E-05 -0.86332663590774E-03 -0.12789846808217E-02  0.89409824728318E-06  0.65168346052281E-06 -0.18526801366383E-02 -0.19234155875672E-01  0.69659610844312E-03 -0.98041300372568E-02  0.69860914109716E-01  0.38049921624098E-03  0.58455891247709E-01  0.55398906948314E-02  0.45778315577565E-02  0.20534755398917E-04  0.40291164916293E-02 -0.39131572476546E-03 -0.22057886880383E-01  0.10647884725483E-01  0.89177220618578E-03 -0.58848851262435E-04 -0.14710840193793E-03 -0.51001047965199E-03 -0.10295418325292E-03  0.19637824903179E-04 -0.62776204055100E-04 -0.25645198886487E-03 -0.33622852569831E-03  0.31015777586840E-04  0.36959710645698E-04 -0.15635596498364E-04  0.15100524821667E-04  0.13740581174104E-03 -0.58402641574045E-05 -0.24440393723677E-04 -0.18436000092113E-03 -0.87812625038058E-04  0.87623590178571E-04
   0.36800394686060E-04  0.85105934585582E-04  0.27167279624007E-03  0.22224139123374E-03  0.44173879615628E-03 -0.26653179514151E-03 -0.16876224084452E-03  0.14324404811966E-04  0.84250533443398E-05 -0.10564662648879E-02 -0.38429067714836E-02  0.69805019851243E-04 -0.11685094017117E-02  0.81858712015350E-02  0.80866989585489E-04  0.15999623026708E-01  0.29730275265898E-02 -0.21101067376724E-02  0.52506264387814E-05  0.18809880871842E-02 -0.76189257093615E-04 -0.38780492567774E-02  0.89177220618580E-03  0.73135238649153E-03  0.40453955000467E-04  0.47133076964994E-05  0.87517622454213E-04  0.25402839417899E-04  0.21661437901332E-04 -0.84949604515882E-05  0.98403007241760E-04  0.97806540707818E-04  0.92814037924013E-05  0.64304818235960E-05 -0.14952977474932E-04 -0.14196146127987E-03 -0.10780579877567E-03  0.20342841318077E-05  0.86761810181274E-05  0.50167474916363E-04 -0.34792274854320E-04  0.61376609643534E-04
   0.45485363248684E-04  0.65612541362829E-05 -0.60813176151159E-03  0.63316579007714E-04  0.14700279303818E-03 -0.19928947095598E-04 -0.89168513781842E-04  0.87040577059701E-05  0.56787055896637E-05 -0.80607780114113E-04 -0.43621303299391E-03 -0.80020648749774E-05  0.22047598044263E-03  0.56487071214606E-02  0.24546976191561E-04  0.15049663526149E-02  0.23226146165599E-03 -0.26448769342604E-03  0.65175761039695E-06  0.15432118652506E-03  0.61175640158714E-05 -0.89294793868262E-04 -0.58848851262430E-04  0.40453955000467E-04  0.29868519702085E-04  0.18934046044358E-04  0.47540658507649E-04  0.18182304803702E-04  0.22656564858754E-04  0.21022126757386E-04  0.48184744799309E-04  0.47637156595535E-04  0.83345025273678E-05  0.21261617439102E-04  0.19447267038031E-04 -0.18675208791793E-04 -0.19846401488038E-04  0.85183386137942E-06  0.33684079847424E-05  0.24911539688212E-04 -0.14043634948972E-05  0.59085471283022E-05
   0.34623052360061E-04  0.24401125840078E-05 -0.45695903275019E-03  0.44084834067499E-04  0.13470874530043E-03 -0.20589071136815E-04 -0.71125815196654E-05  0.75339063113033E-05  0.49530716201590E-05  0.23083409917461E-04  0.53884055164637E-03 -0.80273599727687E-05  0.12937662299306E-03 -0.45533403185905E-02  0.93320329038171E-05  0.73012130556480E-04  0.90104644526541E-04 -0.31602847220151E-03  0.99485711662308E-07 -0.14975889958042E-03  0.68306060706517E-05  0.12451646154458E-03 -0.14710840193793E-03  0.47133076965003E-05  0.18934046044358E-04  0.38748328839331E-04  0.59222586369924E-04  0.17941605399264E-04  0.20924818419044E-04  0.26059534571505E-04  0.52136024447452E-04  0.57665908593092E-04  0.49451556913438E-05  0.20936034559768E-04  0.24786161965527E-04 -0.14861868163814E-04 -0.18324681704007E-04  0.78154821844901E-06  0.33033640527310E-05  0.26335716885051E-04  0.28646400512577E-05  0.70442754936118E-06
  -0.86012677095171E-04 -0.29914756666549E-04  0.18738133312110E-02 -0.40240619490655E-04 -0.98585440259492E-04 -0.28809015652600E-03  0.46391828204609E-03  0.16699084055831E-05 -0.15660998704454E-06 -0.17010981586816E-02  0.41191321208885E-02  0.30935039762497E-04 -0.49949726711446E-03 -0.39677701245063E-02 -0.23934725287264E-04  0.19458780420192E-02  0.95913234837756E-03 -0.17252069061778E-02  0.11955653372948E-05  0.98347647836211E-04  0.14783639247865E-03  0.56427822366412E-03 -0.51001047965198E-03  0.87517622454214E-04  0.47540658507649E-04  0.59222586369924E-04  0.79273045326884E-03  0.57610432860826E-04  0.51886171176749E-04  0.68185562192286E-04  0.31449578380477E-03  0.33094860150342E-03 -0.14712424955021E-04  0.45159366643188E-04  0.62534146868853E-04 -0.79357671064241E-04 -0.80671636681790E-04  0.22208579021648E-05  0.10909112103157E-04  0.79478654372130E-04  0.13243782178105E-04  0.29621504215370E-04
   0.31427393848209E-04  0.29330085043582E-05 -0.39554330765742E-03  0.41512977150329E-04  0.16631524937939E-03 -0.10070581075542E-03  0.11715259688481E-03  0.87422044461344E-05  0.60846640852216E-05  0.26821559032615E-04  0.48136039401236E-03 -0.14246033931645E-04  0.28682320600167E-03  0.10927459176347E-01 -0.25108864294471E-04  0.40928620923530E-03  0.29733424432269E-03 -0.52245646198900E-03  0.34946050079029E-06  0.92001444926344E-04  0.19453045819183E-04  0.34415349678819E-04 -0.10295418325292E-03  0.25402839417900E-04  0.18182304803702E-04  0.17941605399264E-04  0.57610432860826E-04  0.57808838168148E-04  0.19717222136700E-04  0.20063504893814E-04  0.62497169221063E-04  0.60936744751604E-04  0.62762584573699E-05  0.18307527509182E-04  0.18399662791030E-04 -0.18975138359964E-04 -0.20326705617412E-04  0.90972919115609E-06  0.38430861959756E-05  0.26102310525119E-04 -0.93770945646385E-06  0.57089868273409E-05
