SetDesc: "CJ15_NLO global parton distributions with nuclear and finite-Q^2 corrections. mem=0 => central value; mem=1-42 => 21 sets of +ve/-ve error values"
SetIndex: 12200
Authors: Accardi A, Owens J.F, and Melnitchouk W
Reference: in preparation - e-mail accardi@jlab.org
Format: lhagrid1
DataVersion: -1
NumMembers: 43
Particle: 1000010020
Flavors: [-5, -4, -3, -2, -1, 1, 2, 3, 4, 5, 21]
OrderQCD: 1
ForcePositive: 1
FlavorScheme: variable
NumFlavors: 5
ErrorType: hessian
ErrorConfLevel: 90
XMin: 1e-06
XMax: 1
QMin: 1.3
QMax: 100000
MZ: 91.1876
MUp: 0
MDown: 0
MStrange: 0
MCharm: 1.3
MBottom: 4.5
MTop: 180
AlphaS_MZ: 0.117982
AlphaS_OrderQCD: 1
AlphaS_Type: ipol
AlphaS_Qs: 1.300000e+00, 1.502000e+00, 1.755000e+00, 2.078000e+00, 2.495000e+00, 3.041000e+00, 3.767000e+00, 4.750000e+00, 6.231000e+00, 8.374000e+00, 1.155000e+01, 1.641000e+01, 2.404000e+01, 3.644000e+01, 5.731000e+01, 9.118760e+01, 9.387000e+01, 1.607000e+02, 2.884000e+02, 5.456000e+02, 1.092000e+03, 2.326000e+03, 5.300000e+03, 1.300000e+04, 3.451000e+04, 1.000000e+05]
AlphaS_Vals: [3.965404e-01, 3.599150e-01, 3.283080e-01, 3.005126e-01, 2.758879e-01, 2.538924e-01, 2.341060e-01, 2.165967e-01, 2.007274e-01, 1.860220e-01, 1.723976e-01, 1.597161e-01, 1.479616e-01, 1.370398e-01, 1.268969e-01, 1.179816e-01, 1.174676e-01, 1.087042e-01, 1.005742e-01, 9.301659e-02, 8.600479e-02, 7.949338e-02, 7.345223e-02, 6.784803e-02, 6.265744e-02, 5.784449e-02]
AlphaS_Lambda4: 0.326
AlphaS_Lambda5: 0.226
