# fitpack15: fit parameters                                                                         
# CJ15_AV18                                                                                         
# Created on 07/01/2015 at 03:01:36                                                                 

 # QCD setup
  INS	                    0
  NVL                          11
  IORD                          0
  Q02                   1.6899999999999999     
  IPARAMC                       7
  FLAVOR                5.0000000000000000     
  xmc                   1.3000000000000000     
  xmb                   4.5000000000000000     
  ncb                          12

 # Theory corrections
  inuke                     10314
  itmc                          1
  iht                           1

 # fit parameters
 LAMBDA       0.22680        0.0000    
 a0uv          1.1821        0.0000    
 a1uv         0.45862       0.26876E-01
 a2uv          3.0998       0.99054E-02
 a3uv          0.0000        0.0000    
 a4uv          6.1975       0.93966    
 a5uv          0.0000        0.0000    
 a0dv          8.6394        0.0000    
 a1dv         0.90759       0.37998E-01
 a2dv          5.4124       0.20468    
 a3dv         -3.1778       0.16247    
 a4dv          4.6549       0.21269    
 a5dv          0.0000        0.0000    
 a0ud         0.20062       0.47527E-02
 a1ud        -0.19153       0.27007E-02
 a2ud          6.6837       0.22651    
 a3ud          0.0000        0.0000    
 a4ud          4.8624       0.72067    
 a5ud          0.0000        0.0000    
 a0du          35712.        0.0000    
 a1du          4.0739       0.56097E-01
 a2du          18.208       0.62185    
 a3du          17.000        0.0000    
 a4du          48.368        6.8764    
 a0g           2.8102        0.0000    
 a1g          0.12359E-01   0.11014E-01
 a2g         -0.98460E-01   0.19968    
 a3g          -2.1171       0.33796E-01
 a4g           1.0994       0.41590E-01
 a5g           0.0000        0.0000    
 kappa        0.40000        0.0000    
 a6dv        -0.84001E-02   0.22529E-02
 a7dv          2.0000        0.0000    
 x0_KP       -0.14506       0.45698E-01
 C_KP         0.28418       0.49016E-01
 ht1          -3.0788       0.16651    
 ht2           1.4827       0.61553E-01
 ht3          -2.2759       0.13309E-01
 ht4           0.0000        0.0000    
 dummy40       0.0000        0.0000    
 dummy41       0.0000        0.0000    
 dummy42       0.0000        0.0000    
 dummy43       0.0000        0.0000    
 dummy44       0.0000        0.0000    
 dummy45       0.0000        0.0000    
 dummy46       0.0000        0.0000    
 dummy47       0.0000        0.0000    
 dummy48       0.0000        0.0000    
 dummy49       0.0000        0.0000    
 bcdmsh2      0.98582       0.54688E-02
 bcdmsd2       1.0126       0.63621E-02
 ccfr          1.0000        0.0000    
 nutev         1.0000        0.0000    
 zeus         0.97998        0.0000    
 h1            1.0162        0.0000    
 e605         0.70626       0.20072E-01
 NmcH2         1.0599       0.80323E-02
 ntv_nu        1.0000        0.0000    
 ntv_nubar     1.0000        0.0000    
 cdf_jet      0.98910        0.0000    
 d0_jet       0.83504        0.0000    
 slac_p        1.0224       0.57255E-02
 slac_d        1.0267       0.60010E-02
 e866pp       0.65807       0.12860E-01
 e866pd       0.66569       0.11869E-01
 d0_gamjet    0.76717       0.13617E-01
 h1b          0.97608        0.0000    
 jlab_p        1.0140       0.66063E-02
 jlab_d        1.0035       0.65799E-02
 blank         1.0000        0.0000    
 d0run2       0.86725       0.13680E-01
 cdfrun2      0.85213       0.16182E-01
 HERA_el      0.99997       0.34137E-02
 HERA_ps      0.99641       0.31463E-02
 CDF_Z        0.73254       0.51317E-02
 NmcRat        1.0000        0.0000    
 BNS_F2nd     0.95671       0.65226E-02
 END 0. 0.

 # Hessian matrix (Bevington alpha)
   0.59692116975105E+07 -0.15537662429409E+07  0.16160284307821E+06  0.50528750231389E+06 -0.14462547242928E+06 -0.27356188719859E+05  0.42916521201626E+05  0.63999961545897E+06 -0.18621086360719E+06 -0.53809936238142E+05  0.15264539155827E+05  0.15235133193104E+05  0.20652061638739E+04 -0.14887076273060E+03  0.54728089263561E+04  0.27251829560130E+04  0.10139849953167E+07  0.77575373914922E+06 -0.31936483649114E+07  0.13276095883629E+05  0.96305620231319E+05
  -0.15537662429409E+07  0.48154112205988E+06 -0.42149440046390E+05 -0.14773970671475E+06  0.40864108467056E+05  0.66258390212762E+04 -0.11035802835552E+05 -0.10550697344987E+06  0.35792979474667E+05  0.95367669316613E+04 -0.23733259360693E+04 -0.12793716703600E+04 -0.18685736036413E+03  0.18721829982242E+02  0.55013539476460E+04 -0.22010319354243E+04 -0.34648237491815E+06 -0.27088388758487E+06  0.10521502505430E+07 -0.10179627488013E+05 -0.25503569583889E+05
   0.16160284307821E+06 -0.42149440046390E+05  0.43910372809918E+04  0.12826185348828E+05 -0.38513180417870E+04 -0.93108980016920E+03  0.10638881325341E+04  0.14929719724052E+05 -0.47998384741394E+04 -0.13673537989348E+04  0.36274140793172E+03  0.34884079572686E+03  0.52322867121732E+02 -0.45081991200347E+01 -0.29068910934782E+03  0.10771340339145E+03  0.26953113331636E+05  0.20655892113678E+05 -0.85823686980446E+05  0.36397381954498E+03  0.25955960462945E+04
   0.50528750231389E+06 -0.14773970671475E+06  0.12826185348828E+05  0.45305440367511E+06 -0.69889590368889E+05  0.60325252261425E+05  0.53169014638597E+05  0.22574979636424E+06 -0.19113771981308E+04 -0.19559592283076E+05  0.68431701561240E+04 -0.28768747174363E+04 -0.32942283575582E+03  0.88334998845848E+02  0.36777462457908E+05 -0.35358612368559E+04  0.23595517645539E+06  0.17103522914473E+06 -0.91781641940745E+06 -0.35502804193941E+04  0.25656254011088E+05
  -0.14462547242928E+06  0.40864108467056E+05 -0.38513180417870E+04 -0.69889590368889E+05  0.13029012933959E+05 -0.62588318728089E+04 -0.77228185391626E+04 -0.23795748643267E+05 -0.40203395302065E+03  0.27347846502979E+04 -0.79271415572976E+03  0.64891681248963E+02  0.18721992699342E+02 -0.80594518706446E+01 -0.29302012167747E+04  0.18994328880809E+03 -0.46538912153194E+05 -0.34447325718083E+05  0.20538105462840E+06 -0.55581986538191E+02 -0.56854858068832E+04
  -0.27356188719859E+05  0.66258390212762E+04 -0.93108980016920E+03  0.60325252261425E+05 -0.62588318728089E+04  0.12358863478954E+05  0.78818291716356E+04  0.41680734236318E+05 -0.88090497211628E+02 -0.29394254644805E+04  0.12263427385904E+04 -0.83808326693934E+03 -0.87603771439476E+02  0.20023089374591E+02  0.80803440827562E+04 -0.93303189693740E+03  0.15030888742484E+05  0.97429854711548E+04 -0.29936358483785E+05 -0.14780373912855E+04  0.10254514138280E+04
   0.42916521201626E+05 -0.11035802835552E+05  0.10638881325341E+04  0.53169014638597E+05 -0.77228185391626E+04  0.78818291716356E+04  0.65583257649500E+04  0.26582338834862E+05  0.37461581800207E+03 -0.24037472753094E+04  0.84013831494117E+03 -0.32597705154825E+03 -0.41391011191560E+02  0.11290846022480E+02  0.44781034974002E+04 -0.49310674106906E+03  0.22291588665685E+05  0.15786292998055E+05 -0.83749316555465E+05 -0.91432814264906E+03  0.25931174108384E+04
   0.63999961545897E+06 -0.10550697344987E+06  0.14929719724052E+05  0.22574979636424E+06 -0.23795748643267E+05  0.41680734236318E+05  0.26582338834862E+05  0.22476474341644E+07 -0.18837624321249E+07 -0.48285305327256E+05  0.23223314746527E+05  0.99182105369365E+04  0.87222513586336E+03  0.75632881747293E+02  0.30871279999652E+05 -0.46505572400219E+04  0.79989956832968E+05  0.54243932886238E+05 -0.19750596656424E+06 -0.76133434267721E+04  0.75556707521397E+04
  -0.18621086360719E+06  0.35792979474667E+05 -0.47998384741394E+04 -0.19113771981308E+04 -0.40203395302065E+03 -0.88090497211628E+02  0.37461581800207E+03 -0.18837624321249E+07  0.26884468964032E+07  0.12480203279906E+05 -0.65913012032138E+04 -0.21953135196526E+04 -0.18232635371921E+03  0.12254545598128E+00  0.96715332518413E+05 -0.32838343570538E+04  0.59758913764775E+05  0.38848926074071E+05  0.20786702692311E+04  0.12771039264318E+04 -0.33382003738321E+03
  -0.53809936238142E+05  0.95367669316613E+04 -0.13673537989348E+04 -0.19559592283076E+05  0.27347846502979E+04 -0.29394254644805E+04 -0.24037472753094E+04 -0.48285305327256E+05  0.12480203279906E+05  0.25818748856695E+04 -0.10382821874532E+04 -0.47609229957951E+03 -0.54195994532861E+02 -0.28142337707784E+01 -0.44134419845201E+04  0.45624372198592E+03 -0.14011915885478E+05 -0.97186491745758E+04  0.27578180175462E+05  0.59173000072112E+03 -0.10768278157337E+04
   0.15264539155827E+05 -0.23733259360693E+04  0.36274140793172E+03  0.68431701561240E+04 -0.79271415572976E+03  0.12263427385904E+04  0.84013831494117E+03  0.23223314746527E+05 -0.65913012032138E+04 -0.10382821874532E+04  0.45885073052948E+03  0.22227614718993E+03  0.21812158115418E+02  0.15569338460641E+01  0.21762947611726E+04 -0.20602887909472E+03  0.44777414584280E+04  0.30431549350744E+04 -0.66699645686153E+04 -0.20740823394686E+03  0.25512189679076E+03
   0.15235133193104E+05 -0.12793716703600E+04  0.34884079572686E+03 -0.28768747174363E+04  0.64891681248963E+02 -0.83808326693934E+03 -0.32597705154825E+03  0.99182105369365E+04 -0.21953135196526E+04 -0.47609229957951E+03  0.22227614718993E+03  0.25358084053236E+04  0.18682852167500E+03 -0.88429576697534E+00  0.11713030187058E+04 -0.11774834441137E+03  0.18123384580383E+04  0.11821907608314E+04 -0.18321120841583E+04  0.76141294125576E+02  0.16758650867477E+03
   0.20652061638739E+04 -0.18685736036413E+03  0.52322867121732E+02 -0.32942283575582E+03  0.18721992699342E+02 -0.87603771439476E+02 -0.41391011191560E+02  0.87222513586336E+03 -0.18232635371921E+03 -0.54195994532861E+02  0.21812158115418E+02  0.18682852167500E+03  0.18338784798821E+02 -0.24433349135116E+00  0.90180242474585E+02 -0.12327676042794E+02  0.21343112628395E+03  0.14020539251813E+03 -0.37992603442249E+02  0.12899741206670E+02  0.71009025913697E+01
  -0.14887076273060E+03  0.18721829982242E+02 -0.45081991200347E+01  0.88334998845848E+02 -0.80594518706446E+01  0.20023089374591E+02  0.11290846022480E+02  0.75632881747293E+02  0.12254545598128E+00 -0.28142337707784E+01  0.15569338460641E+01 -0.88429576697534E+00 -0.24433349135116E+00  0.89788653384389E-01  0.18365721251902E+02 -0.13309202756975E+01  0.21496895433157E+02  0.14249944709516E+02 -0.48091201010228E+02 -0.20627778675402E+01  0.16478739698355E+01
   0.54728089263561E+04  0.55013539476460E+04 -0.29068910934782E+03  0.36777462457908E+05 -0.29302012167747E+04  0.80803440827562E+04  0.44781034974002E+04  0.30871279999652E+05  0.96715332518413E+05 -0.44134419845201E+04  0.21762947611726E+04  0.11713030187058E+04  0.90180242474585E+02  0.18365721251902E+02  0.58881537689575E+05 -0.40082502607717E+04  0.47367513037708E+05  0.28238064958343E+05 -0.19063347008718E+04 -0.64178656895878E+03  0.93779023490818E+02
   0.27251829560130E+04 -0.22010319354243E+04  0.10771340339145E+03 -0.35358612368559E+04  0.18994328880809E+03 -0.93303189693740E+03 -0.49310674106906E+03 -0.46505572400219E+04 -0.32838343570538E+04  0.45624372198592E+03 -0.20602887909472E+03 -0.11774834441137E+03 -0.12327676042794E+02 -0.13309202756975E+01 -0.40082502607717E+04  0.40977649110638E+03  0.74396359105415E+03  0.15704976404028E+04 -0.54093963966076E+04  0.16775537170662E+03  0.32646230758919E+02
   0.10139849953167E+07 -0.34648237491815E+06  0.26953113331636E+05  0.23595517645539E+06 -0.46538912153194E+05  0.15030888742484E+05  0.22291588665685E+05  0.79989956832968E+05  0.59758913764775E+05 -0.14011915885478E+05  0.44777414584280E+04  0.18123384580383E+04  0.21343112628395E+03  0.21496895433157E+02  0.47367513037708E+05  0.74396359105415E+03  0.84487920137289E+06  0.66290332749628E+06 -0.11205962605194E+07  0.10279377255155E+05  0.17917135001040E+05
   0.77575373914922E+06 -0.27088388758487E+06  0.20655892113678E+05  0.17103522914473E+06 -0.34447325718083E+05  0.97429854711548E+04  0.15786292998055E+05  0.54243932886238E+05  0.38848926074071E+05 -0.97186491745758E+04  0.30431549350744E+04  0.11821907608314E+04  0.14020539251813E+03  0.14249944709516E+02  0.28238064958343E+05  0.15704976404028E+04  0.66290332749628E+06  0.52383533310874E+06 -0.86428384090190E+06  0.85033879973164E+04  0.13403197460659E+05
  -0.31936483649114E+07  0.10521502505430E+07 -0.85823686980446E+05 -0.91781641940745E+06  0.20538105462840E+06 -0.29936358483785E+05 -0.83749316555465E+05 -0.19750596656424E+06  0.20786702692311E+04  0.27578180175462E+05 -0.66699645686153E+04 -0.18321120841583E+04 -0.37992603442249E+02 -0.48091201010228E+02 -0.19063347008718E+04 -0.54093963966076E+04 -0.11205962605194E+07 -0.86428384090190E+06  0.46786289548067E+07 -0.41464600751738E+05 -0.10031758667057E+06
   0.13276095883629E+05 -0.10179627488013E+05  0.36397381954498E+03 -0.35502804193941E+04 -0.55581986538191E+02 -0.14780373912855E+04 -0.91432814264906E+03 -0.76133434267721E+04  0.12771039264318E+04  0.59173000072112E+03 -0.20740823394686E+03  0.76141294125576E+02  0.12899741206670E+02 -0.20627778675402E+01 -0.64178656895878E+03  0.16775537170662E+03  0.10279377255155E+05  0.85033879973164E+04 -0.41464600751738E+05  0.21186845626996E+04 -0.68749758768419E+02
   0.96305620231319E+05 -0.25503569583889E+05  0.25955960462945E+04  0.25656254011088E+05 -0.56854858068832E+04  0.10254514138280E+04  0.25931174108384E+04  0.75556707521397E+04 -0.33382003738321E+03 -0.10768278157337E+04  0.25512189679076E+03  0.16758650867477E+03  0.71009025913697E+01  0.16478739698355E+01  0.93779023490818E+02  0.32646230758919E+02  0.17917135001040E+05  0.13403197460659E+05 -0.10031758667057E+06 -0.68749758768419E+02  0.43808361358983E+04

 # Covariance matrix (Bevington epsilon)
   0.72234424081487E-03  0.37691664272297E-04 -0.24998874974918E-01 -0.19440159797633E-03 -0.11725181008776E-02  0.14235859029803E-02 -0.12570747850881E-02  0.44481886894515E-04  0.18095506649248E-04 -0.33908620937406E-02 -0.12472506127949E-01 -0.59862420752663E-03  0.40161475718279E-02 -0.30403838482735E-01  0.39278174592259E-04  0.74998717830868E-03 -0.15011574836907E-03  0.14806023679000E-03 -0.41280981919040E-05  0.53369542301165E-04 -0.48645810157363E-03  0.54526187318979E-03 -0.27165851376610E-03  0.82311587277123E-04  0.58581330375283E-04  0.52792710830613E-04 -0.84328662594166E-04  0.54461325231639E-04  0.63948169610286E-04  0.51213206974096E-04 -0.12660547210673E-03 -0.92516764875589E-04  0.61014576460291E-04  0.59640779654089E-04  0.45063997083234E-04 -0.60972617306955E-04 -0.59403983707950E-04  0.35986259583208E-05  0.10599836275102E-04  0.53651835292148E-04 -0.23968438520146E-04
   0.37691664272295E-04  0.98117893914287E-04 -0.35400191521154E-03  0.10555707847587E-03  0.46616836673302E-03 -0.10292617818865E-03 -0.10019015078402E-03  0.74869546573446E-05  0.38085661090400E-05  0.15049329148572E-03 -0.11164039939706E-02  0.72371491981006E-04 -0.90394830925486E-03  0.11567567068885E-01 -0.13086786480711E-05 -0.69329887563751E-04 -0.30001989386921E-04  0.43213748700805E-04 -0.37999141041440E-05  0.16038444682657E-04 -0.39385329762293E-04 -0.93483303547424E-03  0.19215277106458E-03  0.66479743149014E-04  0.94611110210417E-05  0.67951710420950E-05 -0.73564459070162E-04  0.31172847280121E-05  0.13717646808734E-05  0.19371444816076E-05 -0.30226089994935E-04 -0.36097266105227E-04  0.10578007635567E-04  0.66682756621561E-05  0.75779677839342E-05  0.10766184120012E-04  0.65391357022302E-05  0.17253589443805E-06  0.64938742751715E-08  0.19920128109202E-05 -0.98696357839316E-05
  -0.24998874974918E-01 -0.35400191521160E-03  0.88296215307987E+00  0.87692472782269E-02  0.49468094533125E-01 -0.53008983738948E-01  0.44724001632864E-01 -0.14142836195238E-02 -0.57072122605651E-03  0.12509006634808E+00  0.44639890336332E+00  0.22170365774076E-01 -0.14362005889292E+00  0.12476314903758E+01 -0.12615027614331E-02 -0.22467479622308E-01  0.43584978669968E-02 -0.42106469095766E-02  0.84729979394635E-04 -0.18303764550525E-02  0.16411018973804E-01 -0.25066893725708E-01  0.10187008069567E-01 -0.23139748314491E-02 -0.16298332697082E-02 -0.14636891390980E-02  0.27386149858045E-02 -0.15490933610715E-02 -0.18021262919385E-02 -0.13685908307785E-02  0.48750953164584E-02  0.35706741925616E-02 -0.19362639190130E-02 -0.15974359137947E-02 -0.11280601459501E-02  0.19843104798090E-02  0.18811960700748E-02 -0.11212546976891E-03 -0.31765635388581E-03 -0.15695287304131E-02  0.79744104492179E-03
  -0.19440159797630E-03  0.10555707847587E-03  0.87692472782257E-02  0.14438224711925E-02  0.67550754459471E-02 -0.50119747325372E-02  0.25566345686654E-02 -0.21367304030581E-04 -0.12716960631455E-04  0.15651950109571E-02  0.54333071689046E-02  0.50826479902034E-03 -0.26211204659435E-02  0.70605256217502E-01  0.39481851263408E-04  0.17678365884861E-02  0.10670543913546E-03 -0.16176703991270E-03 -0.48204722703450E-05 -0.35275998454409E-04  0.10499278577012E-03 -0.17175368028564E-02  0.37310165471285E-03  0.73504417266978E-04  0.25899409511550E-04  0.26746090418516E-04 -0.11907160219621E-04  0.47222583914045E-04  0.31345789631661E-04  0.36427561543534E-04  0.91303265772758E-04  0.46066259070709E-04 -0.98135874074721E-05  0.44670340217265E-04  0.31976551316834E-04 -0.29609123040390E-04 -0.37170703238590E-04  0.93574701600302E-06  0.70774678018364E-05  0.33279802981427E-04  0.15141146061039E-04
  -0.11725181008774E-02  0.46616836673302E-03  0.49468094533117E-01  0.67550754459471E-02  0.41894446075073E-01 -0.30565548791968E-01  0.30397671336401E-01 -0.16355539649503E-03 -0.93221692655724E-04  0.14822382992240E-01  0.51630508600010E-01  0.95033638580018E-03  0.17063726575348E-02  0.29233031412453E+00  0.24553260134624E-03  0.14081678424146E-01  0.17628235138261E-02 -0.23657758443373E-02 -0.16548923538439E-03 -0.26634850323163E-03  0.24009400432439E-02 -0.57288567123478E-02 -0.40037524275780E-03  0.55490580035022E-03  0.10473876110295E-03  0.13899057249998E-03  0.12107246443267E-03  0.25496876296501E-03  0.56587948758166E-04  0.13504455992038E-03  0.56725196286016E-03  0.45243601788409E-03 -0.85015470712850E-04  0.98108781897365E-04  0.64887656457529E-04 -0.78926985933498E-04 -0.14207312961567E-03  0.43799119541940E-05  0.36468632760509E-04  0.18452926273700E-03  0.54391688628405E-04
   0.14235859029802E-02 -0.10292617818865E-03 -0.53008983738941E-01 -0.50119747325372E-02 -0.30565548791968E-01  0.26395924383663E-01 -0.26658948563939E-01  0.23308658704130E-03  0.12033925506348E-03 -0.15331979422804E-01 -0.58352775965980E-01 -0.44842712196904E-03 -0.13508337171785E-02 -0.38147431234738E+00 -0.24520295044690E-04 -0.87437904803869E-02 -0.15050595833196E-02  0.19442302659386E-02  0.40440225548675E-04 -0.79199402505822E-03 -0.15371387860289E-02  0.41163218494461E-02  0.19446424559509E-04 -0.30187676291774E-03 -0.55241709778879E-05 -0.39041658857946E-04 -0.33878557888513E-03 -0.19867777178264E-03  0.28312399597228E-04 -0.36078861353229E-04 -0.57422355427603E-03 -0.49900625552782E-03  0.12345598899389E-03  0.63135466897732E-05  0.10672566089720E-04 -0.41948215345212E-04  0.13323391384813E-04  0.37723504385019E-06 -0.10608394876455E-04 -0.75584710938170E-04 -0.16093348063038E-03
  -0.12570747850879E-02 -0.10019015078402E-03  0.44724001632856E-01  0.25566345686653E-02  0.30397671336401E-01 -0.26658948563938E-01  0.45236168257658E-01 -0.25584749913454E-03 -0.13253311649803E-03  0.24397822199903E-01  0.86701725959761E-01 -0.24049704129762E-02  0.26621517655588E-01  0.20736309044565E+00  0.35855219086327E-04  0.13476609952039E-01  0.26756331515412E-02 -0.34232243737505E-02 -0.15820617658978E-03  0.13040270140056E-02  0.32370946216503E-02  0.15641650633078E-02 -0.31886326531183E-02  0.42320179189614E-03  0.18380191962120E-04  0.76504459772438E-04  0.51136770451658E-03  0.23620959321197E-03 -0.88416975558441E-04  0.18144110763201E-04  0.67269309683348E-03  0.80499201370432E-03 -0.11820824722902E-03 -0.10826821009850E-03 -0.74401619571176E-04  0.14661532670801E-03  0.56664534683590E-04  0.58502249925777E-06  0.12272522876186E-04  0.11912799871678E-03  0.19055825513394E-03
   0.44481886894512E-04  0.74869546573447E-05 -0.14142836195238E-02 -0.21367304030582E-04 -0.16355539649504E-03  0.23308658704130E-03 -0.25584749913455E-03  0.22587926650400E-04  0.12243188200055E-04 -0.39822628958581E-03 -0.19939142676316E-02 -0.11603594475398E-05  0.30306256784442E-04 -0.88830200103585E-02 -0.10364734485654E-04 -0.24955069369128E-03 -0.33262221818909E-04  0.41353580956904E-04 -0.12805259156396E-05 -0.29155085587755E-04 -0.21524419068125E-04  0.10724305371294E-04 -0.18923241845565E-05  0.36545601138691E-06  0.82381502573006E-05  0.75406850387778E-05  0.20944961598496E-05  0.87453461382248E-05  0.92430680629172E-05  0.80537632165813E-05  0.73470586884948E-06  0.18999482219307E-05  0.76500185159916E-05  0.91984714708582E-05  0.77551865562721E-05  0.26103684106803E-06  0.60154141277642E-06  0.39524186488219E-06  0.12404318088847E-05  0.95710047123219E-05 -0.14855771579974E-05
   0.18095506649247E-04  0.38085661090400E-05 -0.57072122605646E-03 -0.12716960631455E-04 -0.93221692655726E-04  0.12033925506348E-03 -0.13253311649803E-03  0.12243188200055E-04  0.72940439595098E-05 -0.17710895473774E-03 -0.99785282523108E-03  0.33115082660629E-05 -0.36145977640946E-04 -0.44005707204359E-02 -0.96298590603806E-05 -0.18315421094091E-03 -0.14499769839535E-04  0.19235909328967E-04 -0.49100408289264E-06 -0.15276135046002E-04 -0.87127724389161E-05 -0.19441386172163E-05  0.53263991545332E-05 -0.96408043702452E-06  0.34037843098612E-05  0.30609944882057E-05 -0.22370800674621E-07  0.35952166675212E-05  0.37439974428453E-05  0.31629111377255E-05 -0.26700166817145E-06  0.19723968937704E-06  0.36579070875612E-05  0.37031382500077E-05  0.30595057807425E-05  0.21204513279188E-05  0.21941756687670E-05  0.13673701393141E-06 -0.31324034346006E-06  0.38035130660464E-05 -0.79774860991009E-06
  -0.33908620937404E-02  0.15049329148572E-03  0.12509006634808E+00  0.15651950109572E-02  0.14822382992240E-01 -0.15331979422805E-01  0.24397822199904E-01 -0.39822628958581E-03 -0.17710895473775E-03  0.51306416106003E-01  0.14203387070845E+00  0.35957230518314E-04  0.13498748622172E-01  0.20089799161443E+00 -0.50980903454317E-03  0.16175704720863E-02  0.25066477679432E-02 -0.29106605520968E-02 -0.61069882473226E-05 -0.80952763230140E-04  0.34320909531003E-02  0.20169038924705E-02 -0.94004704595929E-03 -0.37307036626018E-03 -0.17925406486245E-03 -0.15020488267949E-03 -0.94439987884139E-03 -0.29080404414842E-04 -0.23279384204561E-03 -0.17181343990328E-03  0.66143310246925E-03  0.63487534167877E-03 -0.17691398522464E-03 -0.23705997597370E-03 -0.19250237605910E-03  0.61852928177995E-03  0.48343059043487E-03 -0.15683080418629E-04 -0.58608114922059E-04 -0.16247194081930E-03  0.72285998958080E-04
  -0.12472506127948E-01 -0.11164039939706E-02  0.44639890336330E+00  0.54333071689049E-02  0.51630508600013E-01 -0.58352775965982E-01  0.86701725959763E-01 -0.19939142676316E-02 -0.99785282523109E-03  0.14203387070845E+00  0.51936806808546E+00  0.76567219957878E-03  0.33318693440182E-01  0.79668878927560E+00 -0.38183101609403E-03  0.33134756372431E-01  0.69520917767508E-02 -0.86668792198679E-02 -0.39654857725551E-04  0.11497667787647E-02  0.12908368999112E-01  0.16739184679427E-01 -0.92600403691929E-02 -0.11555244330306E-02 -0.29160536563685E-03 -0.14299442746571E-03  0.24478526745701E-02  0.34274130385727E-03 -0.35397899847430E-03 -0.50455207298279E-04  0.44580876164847E-02  0.45056943613095E-02 -0.10018177732254E-02 -0.40295116579422E-03 -0.13359976790301E-03  0.68328124727131E-03  0.33928378127074E-03 -0.30222647085556E-04 -0.58348427402178E-04 -0.73290067169197E-04  0.77238048945021E-03
  -0.59862420752665E-03  0.72371491981005E-04  0.22170365774077E-01  0.50826479902038E-03  0.95033638580046E-03 -0.44842712196927E-03 -0.24049704129760E-02 -0.11603594475431E-05  0.33115082660612E-05  0.35957230518532E-04  0.76567219957957E-03  0.31468230418063E-02 -0.28773693580812E-01  0.32642062668770E-01 -0.31343760588143E-04 -0.16595621472334E-02 -0.14965860120712E-03  0.21909666414975E-03  0.10862544587887E-04  0.13332196965804E-03 -0.58964253686464E-04 -0.14593819464419E-02  0.73579353063615E-03 -0.30122422120055E-04 -0.41592269799456E-04 -0.23712133968780E-04  0.20976019868301E-05 -0.24872171782196E-04 -0.33406564816605E-04 -0.17173469579696E-04  0.15316582768291E-03  0.28241728345246E-05 -0.34376201489330E-04 -0.21310864311204E-04 -0.96835652886448E-05  0.30419558113296E-04  0.36748660037490E-04 -0.22305682877334E-05 -0.53090832180696E-05 -0.44322796700862E-04  0.31850797071778E-04
   0.40161475718281E-02 -0.90394830925485E-03 -0.14362005889293E+00 -0.26211204659438E-02  0.17063726575328E-02 -0.13508337171767E-02  0.26621517655586E-01  0.30306256784471E-04 -0.36145977640932E-04  0.13498748622170E-01  0.33318693440174E-01 -0.28773693580812E-01  0.38669131911539E+00  0.21340469852569E+00  0.67939714246137E-03  0.27920544174168E-01  0.20245838052626E-02 -0.30534175538052E-02 -0.15269546966165E-03 -0.25516582372565E-02 -0.85236178659630E-03  0.18166773179703E-01 -0.10161901382828E-01  0.95457024878805E-03  0.74335370168620E-03  0.55335572002831E-03  0.39059925948504E-03  0.55356760764295E-03  0.64343707391138E-03  0.43672655186605E-03  0.31501187909152E-03  0.69573343258242E-03  0.41405051551575E-03  0.48797876189602E-03  0.27850094879515E-03 -0.50725987114570E-03 -0.62074385079614E-03  0.37189086476110E-04  0.14198045055235E-03  0.55338224756969E-03 -0.64997546332039E-03
  -0.30403838482733E-01  0.11567567068885E-01  0.12476314903757E+01  0.70605256217502E-01  0.29233031412454E+00 -0.38147431234738E+00  0.20736309044566E+00 -0.88830200103586E-02 -0.44005707204359E-02  0.20089799161443E+00  0.79668878927561E+00  0.32642062668767E-01  0.21340469852572E+00  0.47285440042811E+02 -0.10565467043456E-01 -0.62652900515649E-01  0.88705975795149E-02 -0.87323230328432E-02  0.32466257577441E-02  0.10799773638137E+00 -0.91485147986250E-01 -0.18959973665992E+00  0.63993193161860E-01  0.22453580493528E-01  0.11708361396835E-02  0.15275869478636E-02 -0.18460738783062E-02  0.76773322631714E-02 -0.90797052779719E-03 -0.21726771706310E-03  0.13436076201283E-01 -0.14217682565348E-02  0.12102681583477E-02 -0.14489099795656E-02 -0.20522162482463E-03  0.43564387958816E-02  0.34462058804555E-02  0.38261015032152E-04 -0.18497546036473E-03 -0.54099105677376E-02 -0.39187799874734E-02
   0.39278174592260E-04 -0.13086786480710E-05 -0.12615027614331E-02  0.39481851263406E-04  0.24553260134622E-03 -0.24520295044679E-04  0.35855219086314E-04 -0.10364734485654E-04 -0.96298590603805E-05 -0.50980903454318E-03 -0.38183101609408E-03 -0.31343760588143E-04  0.67939714246137E-03 -0.10565467043456E-01  0.12131086583030E-03  0.15453091294352E-02 -0.19877314147051E-04 -0.25931314588970E-06 -0.37711096298676E-05 -0.11545450067396E-04 -0.15902127106258E-05  0.18223626238563E-04 -0.77685353450685E-04  0.18208556205815E-04  0.70657800185838E-05  0.66864883977534E-05  0.16869869007829E-04  0.45035597136455E-05  0.10637102964589E-04  0.10496596703571E-04  0.81444797179077E-05  0.91912029762339E-05 -0.35950303798855E-05  0.12805134066664E-04  0.11070717806917E-04 -0.39362295370009E-04 -0.38159859074972E-04  0.82713822761843E-06  0.40715599502270E-05  0.12868121360641E-04  0.19942809983107E-05
   0.74998717830886E-03 -0.69329887563745E-04 -0.22467479622315E-01  0.17678365884860E-02  0.14081678424146E-01 -0.87437904803866E-02  0.13476609952039E-01 -0.24955069369126E-03 -0.18315421094090E-03  0.16175704720854E-02  0.33134756372428E-01 -0.16595621472336E-02  0.27920544174169E-01 -0.62652900515657E-01  0.15453091294352E-02  0.39873600879068E-01  0.30062634977530E-02 -0.42334658253563E-02 -0.65153971089223E-04  0.80644041689506E-03  0.96313364303235E-03  0.39530949905909E-02 -0.37630397601945E-02  0.47760359633157E-03  0.26789688282869E-03  0.25375942947263E-03  0.85400021412375E-03  0.34112543728573E-03  0.30498085802246E-03  0.29887707519799E-03  0.62264536882156E-03  0.68174471897377E-03 -0.46895602716965E-04  0.32013197514598E-03  0.26600997949645E-03 -0.34333111518077E-03 -0.51220650672433E-03  0.18133614601822E-04  0.92323450715054E-04  0.34230821315755E-03  0.77629607817486E-04
  -0.15011574836904E-03 -0.30001989386920E-04  0.43584978669957E-02  0.10670543913546E-03  0.17628235138262E-02 -0.15050595833197E-02  0.26756331515413E-02 -0.33262221818908E-04 -0.14499769839534E-04  0.25066477679431E-02  0.69520917767505E-02 -0.14965860120716E-03  0.20245838052629E-02  0.88705975795141E-02 -0.19877314147047E-04  0.30062634977532E-02  0.11421698145697E-02 -0.13988864509902E-02  0.37933755538072E-05  0.18561190456218E-03  0.32792859763760E-03  0.27277550283522E-03 -0.10916386715343E-03 -0.21739622355004E-04 -0.35239923575171E-04 -0.37207453056552E-04 -0.19139727968850E-04 -0.27246920239211E-04 -0.50917813623433E-04 -0.53559351806913E-04 -0.87619909374465E-05 -0.71819923757081E-05 -0.78687564164170E-05 -0.53026877748380E-04 -0.58344807535442E-04  0.17801777334070E-03  0.13933515255106E-03 -0.29854364349372E-05 -0.12414036736475E-04 -0.43885773364194E-04 -0.61796973440353E-05
   0.14806023678996E-03  0.43213748700803E-04 -0.42106469095751E-02 -0.16176703991271E-03 -0.23657758443374E-02  0.19442302659386E-02 -0.34232243737507E-02  0.41353580956903E-04  0.19235909328967E-04 -0.29106605520967E-02 -0.86668792198676E-02  0.21909666414980E-03 -0.30534175538057E-02 -0.87323230328422E-02 -0.25931314589424E-06 -0.42334658253564E-02 -0.13988864509902E-02  0.17297663239680E-02 -0.18178393058249E-05 -0.22596178075450E-03 -0.38918191284487E-03 -0.49451328723331E-03  0.22655853595017E-03  0.20135834480386E-04  0.32415517269066E-04  0.34961624369551E-04 -0.15782124592417E-05  0.21001492968058E-04  0.48873256379451E-04  0.52366039777850E-04 -0.71276396870959E-05 -0.10882659219582E-04  0.83701999252754E-05  0.51310447328844E-04  0.59206300728421E-04 -0.19105353114926E-03 -0.14675967695659E-03  0.29637885025026E-05  0.12025096091095E-04  0.40860073719898E-04  0.50959584784409E-05
  -0.41280981919047E-05 -0.37999141041440E-05  0.84729979394658E-04 -0.48204722703441E-05 -0.16548923538438E-03  0.40440225548671E-04 -0.15820617658978E-03 -0.12805259156397E-05 -0.49100408289267E-06 -0.61069882473165E-05 -0.39654857725531E-04  0.10862544587888E-04 -0.15269546966165E-03  0.32466257577442E-02 -0.37711096298676E-05 -0.65153971089219E-04  0.37933755538084E-05 -0.18178393058264E-05  0.50753746651997E-05  0.46989823013463E-04 -0.16814199326448E-04 -0.55357281871927E-04  0.42212070876277E-04 -0.30039437128301E-05 -0.17962197860301E-05 -0.24150446922887E-05 -0.23398238709448E-05 -0.14759439435516E-05 -0.12487115435051E-05 -0.21206844644630E-05 -0.24723026213918E-05 -0.35715653032138E-05 -0.18884795133444E-06 -0.10596640558532E-05 -0.10703533575908E-05  0.52547285110898E-05  0.44572570658760E-05 -0.12588879049017E-06 -0.62892265970369E-06 -0.27671337119939E-05  0.16941681204147E-05
   0.53369542301176E-04  0.16038444682657E-04 -0.18303764550529E-02 -0.35275998454415E-04 -0.26634850323165E-03 -0.79199402505819E-03  0.13040270140056E-02 -0.29155085587754E-04 -0.15276135046002E-04 -0.80952763230190E-04  0.11497667787646E-02  0.13332196965803E-03 -0.25516582372565E-02  0.10799773638137E+00 -0.11545450067395E-04  0.80644041689506E-03  0.18561190456218E-03 -0.22596178075449E-03  0.46989823013463E-04  0.20882965121796E-02  0.52644398282819E-05  0.46783057002187E-03 -0.22824497564236E-04  0.78218882471029E-04  0.62249671908266E-05  0.59848280196494E-05  0.26580857209672E-04  0.24920742027984E-04 -0.11630810847672E-04  0.18171061695048E-04  0.59969453471447E-05 -0.11986379625719E-04  0.75191890579488E-05 -0.41179033736994E-04  0.34138519183399E-04  0.24433031155614E-04  0.17311542967770E-04  0.22113733207395E-06 -0.90377293880311E-06 -0.11011017139843E-04  0.20651896702558E-04
  -0.48645810157362E-03 -0.39385329762294E-04  0.16411018973804E-01  0.10499278577014E-03  0.24009400432440E-02 -0.15371387860290E-02  0.32370946216505E-02 -0.21524419068126E-04 -0.87127724389168E-05  0.34320909531003E-02  0.12908368999112E-01 -0.58964253686488E-04 -0.85236178659605E-03 -0.91485147986250E-01 -0.15902127106242E-05  0.96313364303247E-03  0.32792859763761E-03 -0.38918191284489E-03 -0.16814199326449E-04  0.52644398282886E-05  0.24025561838344E-02 -0.14916871810761E-03  0.93642164209800E-04 -0.11292965897324E-03 -0.44766148145517E-04 -0.63000345538765E-05  0.13765267425481E-03 -0.27414917510207E-04 -0.50004075524261E-04  0.32619035171614E-04  0.88660783288438E-04  0.13740891439277E-03 -0.56327563505685E-04 -0.62565604000177E-04  0.51437837714595E-04  0.36659014833932E-04  0.29594773917113E-04 -0.21488704982126E-05 -0.29700160484594E-05 -0.50506234605827E-05 -0.46113889485529E-04
   0.54526187318989E-03 -0.93483303547424E-03 -0.25066893725711E-01 -0.17175368028565E-02 -0.57288567123483E-02  0.41163218494466E-02  0.15641650633072E-02  0.10724305371304E-04 -0.19441386172113E-05  0.20169038924697E-02  0.16739184679424E-01 -0.14593819464419E-02  0.18166773179703E-01 -0.18959973665993E+00  0.18223626238568E-04  0.39530949905906E-02  0.27277550283513E-03 -0.49451328723320E-03 -0.55357281871926E-04  0.46783057002186E-03 -0.14916871810771E-03  0.27725027651050E-01 -0.82248566581380E-02 -0.10681697658966E-02  0.88887662742005E-04  0.55135972989355E-04  0.63410705388900E-03  0.16121837682288E-03  0.13162438856193E-03  0.87868825081825E-04  0.45553474599223E-03  0.56945270870622E-03  0.22565641361441E-04 -0.79130548655895E-04 -0.97825663299653E-04 -0.17238666299167E-03 -0.17311058124127E-03  0.78085193293211E-05  0.34860629934176E-04  0.16952110064703E-03  0.95228204432147E-04
  -0.27165851376615E-03  0.19215277106458E-03  0.10187008069568E-01  0.37310165471288E-03 -0.40037524275754E-03  0.19446424559278E-04 -0.31886326531181E-02 -0.18923241845611E-05  0.53263991545311E-05 -0.94004704595893E-03 -0.92600403691917E-02  0.73579353063617E-03 -0.10161901382828E-01  0.63993193161864E-01 -0.77685353450687E-04 -0.37630397601944E-02 -0.10916386715338E-03  0.22655853595011E-03  0.42212070876277E-04 -0.22824497564229E-04  0.93642164209844E-04 -0.82248566581380E-02  0.37887559048763E-02 -0.28747777752205E-04 -0.74294728483778E-04 -0.60167352483865E-04 -0.35681719540528E-03 -0.11121763197345E-03 -0.41085257003785E-04 -0.22209516708287E-04 -0.24371061449664E-03 -0.28889911853804E-03 -0.11098650670800E-04 -0.99035315708965E-06  0.27917093395921E-04  0.12359463394982E-03  0.13116586856775E-03 -0.55770140770822E-05 -0.25980479600188E-04 -0.11611484129335E-03 -0.39433292710242E-04
   0.82311587277124E-04  0.66479743149014E-04 -0.23139748314492E-02  0.73504417266973E-04  0.55490580035019E-03 -0.30187676291772E-03  0.42320179189612E-03  0.36545601138714E-06 -0.96408043702440E-06 -0.37307036626020E-03 -0.11555244330306E-02 -0.30122422120055E-04  0.95457024878804E-03  0.22453580493528E-01  0.18208556205815E-04  0.47760359633155E-03 -0.21739622355009E-04  0.20135834480393E-04 -0.30039437128300E-05  0.78218882471028E-04 -0.11292965897324E-03 -0.10681697658966E-02 -0.28747777752202E-04  0.17713827852463E-03  0.13043467749550E-04  0.22849157150539E-04 -0.87253002664986E-05  0.14937183229234E-04 -0.34700348561455E-05  0.60962782923416E-05 -0.60756194117368E-05 -0.15683964662134E-04  0.84573688420211E-05  0.72750360024218E-05  0.12425305710136E-04 -0.15778487915571E-04 -0.17072860884170E-04  0.87022340634914E-06  0.32028650700901E-05  0.93621766047867E-05 -0.18754430321103E-04
   0.58581330375284E-04  0.94611110210418E-05 -0.16298332697083E-02  0.25899409511547E-04  0.10473876110293E-03 -0.55241709778713E-05  0.18380191962100E-04  0.82381502573008E-05  0.34037843098614E-05 -0.17925406486247E-03 -0.29160536563692E-03 -0.41592269799456E-04  0.74335370168618E-03  0.11708361396833E-02  0.70657800185837E-05  0.26789688282868E-03 -0.35239923575174E-04  0.32415517269071E-04 -0.17962197860301E-05  0.62249671908258E-05 -0.44766148145519E-04  0.88887662741999E-04 -0.74294728483775E-04  0.13043467749550E-04  0.29907812481265E-04  0.19803837267948E-04  0.30091207292098E-04  0.20633027241140E-04  0.23899835796579E-04  0.22456435201270E-04  0.25501639930739E-04  0.26336353325842E-04  0.10015126268264E-04  0.23867909841338E-04  0.21347974674748E-04 -0.13977854972189E-04 -0.14894599118000E-04  0.86959353972063E-06  0.33765642703852E-05  0.18633827112414E-04  0.10788612808317E-05
   0.52792710830615E-04  0.67951710420951E-05 -0.14636891390981E-02  0.26746090418513E-04  0.13899057249996E-03 -0.39041658857929E-04  0.76504459772417E-04  0.75406850387781E-05  0.30609944882059E-05 -0.15020488267951E-03 -0.14299442746578E-03 -0.23712133968780E-04  0.55335572002830E-03  0.15275869478635E-02  0.66864883977533E-05  0.25375942947261E-03 -0.37207453056556E-04  0.34961624369556E-04 -0.24150446922887E-05  0.59848280196488E-05 -0.63000345538787E-05  0.55135972989350E-04 -0.60167352483862E-04  0.22849157150539E-04  0.19803837267948E-04  0.40476805302580E-04  0.31523817220559E-04  0.20938456589403E-04  0.22297956475124E-04  0.27257500297732E-04  0.27345826297590E-04  0.27637390977292E-04  0.90281763925082E-05  0.21696248354545E-04  0.25539851769919E-04 -0.14722590273342E-04 -0.15377439804563E-04  0.85717498088248E-06  0.34023553721692E-05  0.18274781315160E-04 -0.42419645451296E-05
  -0.84328662594163E-04 -0.73564459070162E-04  0.27386149858043E-02 -0.11907160219619E-04  0.12107246443269E-03 -0.33878557888514E-03  0.51136770451658E-03  0.20944961598496E-05 -0.22370800674648E-07 -0.94439987884139E-03  0.24478526745701E-02  0.20976019868266E-05  0.39059925948507E-03 -0.18460738783062E-02  0.16869869007829E-04  0.85400021412376E-03 -0.19139727968850E-04 -0.15782124592429E-05 -0.23398238709448E-05  0.26580857209673E-04  0.13765267425481E-03  0.63410705388902E-03 -0.35681719540528E-03 -0.87253002664986E-05  0.30091207292098E-04  0.31523817220559E-04  0.40287184558121E-03  0.40808623400710E-04  0.35396866186554E-04  0.39224241738249E-04  0.15255185520264E-03  0.16008576541862E-03 -0.79000338087926E-05  0.32394573513328E-04  0.36776351834376E-04 -0.32684897526316E-04 -0.33603783050137E-04  0.12715038745752E-05  0.71662731299402E-05  0.37933866599827E-04  0.27039458353832E-04
   0.54461325231642E-04  0.31172847280123E-05 -0.15490933610716E-02  0.47222583914041E-04  0.25496876296498E-03 -0.19867777178261E-03  0.23620959321194E-03  0.87453461382252E-05  0.35952166675214E-05 -0.29080404414871E-04  0.34274130385717E-03 -0.24872171782198E-04  0.55356760764295E-03  0.76773322631712E-02  0.45035597136455E-05  0.34112543728572E-03 -0.27246920239215E-04  0.21001492968064E-04 -0.14759439435516E-05  0.24920742027984E-04 -0.27414917510211E-04  0.16121837682288E-03 -0.11121763197344E-03  0.14937183229234E-04  0.20633027241140E-04  0.20938456589403E-04  0.40808623400709E-04  0.64518207287007E-04  0.23432030693364E-04  0.23634679577128E-04  0.37579793546624E-04  0.37763603940804E-04  0.87491767473587E-05  0.22488309843448E-04  0.21761793140913E-04 -0.17222390577296E-04 -0.18326243385712E-04  0.10752834254627E-05  0.45499941351776E-05  0.22366199643899E-04  0.26770846223737E-05
   0.63948169610287E-04  0.13717646808736E-05 -0.18021262919385E-02  0.31345789631659E-04  0.56587948758145E-04  0.28312399597245E-04 -0.88416975558463E-04  0.92430680629175E-05  0.37439974428454E-05 -0.23279384204563E-03 -0.35397899847437E-03 -0.33406564816604E-04  0.64343707391137E-03 -0.90797052779733E-03  0.10637102964589E-04  0.30498085802245E-03 -0.50917813623437E-04  0.48873256379456E-04 -0.12487115435051E-05 -0.11630810847673E-04 -0.50004075524263E-04  0.13162438856192E-03 -0.41085257003781E-04 -0.34700348561454E-05  0.23899835796579E-04  0.22297956475124E-04  0.35396866186553E-04  0.23432030693364E-04  0.32781887913115E-04  0.28615588793191E-04  0.30747536587158E-04  0.32247280741922E-04  0.10518980134555E-04  0.30818239467303E-04  0.27086916416470E-04 -0.19039797901676E-04 -0.19503875860134E-04  0.99561688927038E-06  0.39540319432312E-05  0.21618435938167E-04  0.30709506070176E-05
