# fitpack15: fit parameters                                                                         
# CJ15_AV18                                                                                         
# Created on 06/30/2015 at 20:33:09                                                                 

 # QCD setup
  INS	                    0
  NVL                          11
  IORD                          1
  Q02                   1.6899999999999999     
  IPARAMC                       7
  FLAVOR                4.0000000000000000     
  xmc                   1.3000000000000000     
  xmb                   4.5000000000000000     
  ncb                          12

 # Theory corrections
  inuke                     10314
  itmc                          1
  iht                           1

 # fit parameters
 LAMBDA       0.22680        0.0000    
 a0uv          2.3585        0.0000    
 a1uv         0.60985       0.20299E-01
 a2uv          3.5377       0.11405E-01
 a3uv          0.0000        0.0000    
 a4uv          3.5169       0.42791    
 a5uv          0.0000        0.0000    
 a0dv          23.233        0.0000    
 a1dv          1.1387       0.34586E-01
 a2dv          6.6180       0.15977    
 a3dv         -3.5743       0.90782E-01
 a4dv          4.9133       0.14586    
 a5dv          0.0000        0.0000    
 a0ud         0.14121       0.50459E-02
 a1ud        -0.21785       0.39454E-02
 a2ud          8.4003       0.14833    
 a3ud          0.0000        0.0000    
 a4ud          16.055        1.1403    
 a5ud          0.0000        0.0000    
 a0du          35712.        0.0000    
 a1du          3.9867       0.49301E-01
 a2du          20.289       0.66322    
 a3du          17.000        0.0000    
 a4du          49.881        7.1398    
 a0g           46.706        0.0000    
 a1g          0.61586       0.38277E-01
 a2g           6.2335        1.1222    
 a3g          -3.2703       0.16746    
 a4g           3.0338       0.31300    
 a5g           0.0000        0.0000    
 kappa        0.40000        0.0000    
 a6dv        -0.42424E-02   0.70691E-03
 a7dv          2.0000        0.0000    
 x0_KP        0.34487       0.91982E-01
 C_KP         0.98222E-01   0.28518E-01
 ht1          -3.0094       0.24080    
 ht2           1.7526       0.10135    
 ht3          -2.0895       0.26853E-01
 ht4           0.0000        0.0000    
 dummy40       0.0000        0.0000    
 dummy41       0.0000        0.0000    
 dummy42       0.0000        0.0000    
 dummy43       0.0000        0.0000    
 dummy44       0.0000        0.0000    
 dummy45       0.0000        0.0000    
 dummy46       0.0000        0.0000    
 dummy47       0.0000        0.0000    
 dummy48       0.0000        0.0000    
 dummy49       0.0000        0.0000    
 bcdmsh2      0.97212       0.54656E-02
 bcdmsd2      0.99449       0.61443E-02
 ccfr          1.0000        0.0000    
 nutev         1.0000        0.0000    
 zeus         0.97998        0.0000    
 h1            1.0162        0.0000    
 e605          1.0363       0.28282E-01
 NmcH2         1.0164       0.76082E-02
 ntv_nu        1.0000        0.0000    
 ntv_nubar     1.0000        0.0000    
 cdf_jet      0.98910        0.0000    
 d0_jet       0.83504        0.0000    
 slac_p        1.0030       0.55321E-02
 slac_d        1.0052       0.57927E-02
 e866pp       0.98202       0.18794E-01
 e866pd       0.99343       0.17382E-01
 d0_gamjet     1.0372       0.16547E-01
 h1b          0.97608        0.0000    
 jlab_p       0.99387       0.63272E-02
 jlab_d       0.97820       0.64180E-02
 blank         1.0000        0.0000    
 d0run2       0.93590       0.15682E-01
 cdfrun2      0.92184       0.18121E-01
 HERA_el      0.99980       0.34134E-02
 HERA_ps      0.99528       0.31435E-02
 CDF_Z        0.97421       0.68649E-02
 NmcRat        1.0000        0.0000    
 BNS_F2nd     0.98431       0.64111E-02
 END 0. 0.

 # Hessian matrix (Bevington alpha)
   0.46695336684818E+07 -0.12568379307052E+07  0.22119442327243E+06  0.43812626992491E+06 -0.11689850552372E+06 -0.44210035119858E+05  0.37901165884464E+05  0.84607189826950E+06 -0.17776039210356E+06 -0.43115950839777E+05  0.56834104155349E+04  0.12703265712774E+05  0.14751863148316E+04 -0.10783895697060E+03 -0.20547390802779E+05  0.19627326405373E+04 -0.19462020812908E+05 -0.10253213462766E+05 -0.68935047175975E+07 -0.42526794744051E+05  0.10288535238600E+06
  -0.12568379307052E+07  0.40418713279878E+06 -0.61031798448804E+05 -0.12869318550705E+06  0.32883012724495E+05  0.12331579402100E+05 -0.88159446061618E+04 -0.13162469498615E+06  0.30565749739478E+05  0.71730787918257E+04 -0.83060563477874E+03 -0.11644745123288E+04 -0.12813210531570E+03  0.12775192290128E+02  0.36497124728481E+04 -0.44742019954648E+03  0.34751950704580E+04  0.21068159855294E+04  0.23674846503543E+07  0.10947258610690E+05 -0.35357928888209E+05
   0.22119442327243E+06 -0.61031798448804E+05  0.10557215684335E+05  0.21020912136688E+05 -0.56472069038133E+04 -0.22271504680197E+04  0.17620452448608E+04  0.31850624358384E+05 -0.68192611152736E+04 -0.18201271808693E+04  0.21190441901277E+03  0.40935106270619E+03  0.54283751893771E+02 -0.48728160770148E+01 -0.12878606347775E+04  0.12928466759021E+03 -0.12173504584998E+04 -0.66199062709787E+03 -0.33762769840843E+06 -0.20149645970394E+04  0.50526492700593E+04
   0.43812626992491E+06 -0.12869318550705E+06  0.21020912136688E+05  0.38740087276149E+06 -0.60165989264708E+05  0.65030307491071E+05  0.57523190496189E+05  0.34177355651947E+06 -0.24087661334673E+05 -0.17426739736450E+05  0.29167119623202E+04 -0.19329006970785E+04 -0.22090299264329E+03  0.65986904884917E+02  0.23512709066417E+05 -0.27362678612797E+04  0.22037777884927E+05  0.12916262456553E+05 -0.20453772921921E+07 -0.13531794049085E+05  0.21058043967519E+05
  -0.11689850552372E+06  0.32883012724495E+05 -0.56472069038133E+04 -0.60165989264708E+05  0.11041970162542E+05 -0.62447890213747E+04 -0.81178464704954E+04 -0.33490300862987E+05  0.89197300593670E+03  0.22984210911874E+04 -0.29998983037085E+03 -0.22727639593615E+02  0.93110888998093E+01 -0.60405369077424E+01 -0.17284797072797E+04  0.20675568910196E+03 -0.15629591392125E+04 -0.93702624181941E+03  0.43800932483560E+06  0.26845315499272E+04 -0.52426275807263E+04
  -0.44210035119858E+05  0.12331579402100E+05 -0.22271504680197E+04  0.65030307491071E+05 -0.62447890213747E+04  0.20440971736188E+05  0.12057165298468E+05  0.95980318170655E+05 -0.86446130466680E+04 -0.38960804034786E+04  0.80633473756456E+03 -0.92841480507269E+03 -0.91007117317429E+02  0.21030498746294E+02  0.73034887930489E+04 -0.86554578279069E+03  0.70468336254687E+04  0.41666204493460E+04 -0.17308793715141E+05 -0.95412023458909E+03 -0.17625742010815E+04
   0.37901165884464E+05 -0.88159446061618E+04  0.17620452448608E+04  0.57523190496189E+05 -0.81178464704954E+04  0.12057165298468E+05  0.94789199785628E+04  0.55595415696517E+05 -0.33922921810738E+04 -0.28965473396770E+04  0.48264136509542E+03 -0.30099469287101E+03 -0.38272023418585E+02  0.11269533480221E+02  0.35309878035065E+04 -0.42779506497582E+03  0.33105573705610E+04  0.19950979710023E+04 -0.19588067121228E+06 -0.17555164273866E+04  0.13379002038021E+04
   0.84607189826950E+06 -0.13162469498615E+06  0.31850624358384E+05  0.34177355651947E+06 -0.33490300862987E+05  0.95980318170655E+05  0.55595415696517E+05  0.51740163142533E+07 -0.25474069734032E+07 -0.87491297568568E+05  0.23170557205877E+05  0.22774949699501E+05  0.17036144884745E+04  0.11089335536321E+03  0.54581258194591E+05 -0.70816328872803E+04  0.60116781376862E+05  0.34389922860832E+05 -0.57533607567977E+06 -0.94504666156793E+04 -0.42699621907819E+04
  -0.17776039210356E+06  0.30565749739478E+05 -0.68192611152736E+04 -0.24087661334673E+05  0.89197300593670E+03 -0.86446130466680E+04 -0.33922921810738E+04 -0.25474069734032E+07  0.22176231503299E+07  0.18741760863591E+05 -0.56124667766698E+04 -0.52848374728727E+04 -0.35613508499899E+03 -0.13156184431188E+02  0.45952381188797E+05 -0.24086740876119E+04  0.19236794775257E+05  0.10170792544109E+05 -0.10435850324259E+05  0.97959248854663E+03  0.16416875230942E+04
  -0.43115950839777E+05  0.71730787918257E+04 -0.18201271808693E+04 -0.17426739736450E+05  0.22984210911874E+04 -0.38960804034786E+04 -0.28965473396770E+04 -0.87491297568568E+05  0.18741760863591E+05  0.27964637503426E+04 -0.58709206618142E+03 -0.58732279131456E+03 -0.56560289274182E+02 -0.24539044887131E+01 -0.26769167571884E+04  0.32455499350469E+03 -0.25331805515831E+04 -0.15376781161029E+04  0.51741485874772E+05  0.63627535566675E+03 -0.22338750395690E+03
   0.56834104155349E+04 -0.83060563477874E+03  0.21190441901277E+03  0.29167119623202E+04 -0.29998983037085E+03  0.80633473756456E+03  0.48264136509542E+03  0.23170557205877E+05 -0.56124667766698E+04 -0.58709206618142E+03  0.14579415976945E+03  0.15010585297204E+03  0.11782192381172E+02  0.79055338662412E+00  0.80822678374709E+03 -0.86589295403474E+02  0.72409583510095E+03  0.41554067078677E+03 -0.53379617459061E+04 -0.76029539753126E+02 -0.22949781767803E+02
   0.12703265712774E+05 -0.11644745123288E+04  0.40935106270619E+03 -0.19329006970785E+04 -0.22727639593615E+02 -0.92841480507269E+03 -0.30099469287101E+03  0.22774949699501E+05 -0.52848374728727E+04 -0.58732279131456E+03  0.15010585297204E+03  0.27753945766383E+04  0.18116019121324E+03  0.13566016210499E+00  0.61952607502304E+03 -0.93805167157441E+02  0.82692914455915E+03  0.50995852002830E+03 -0.64907041048600E+04 -0.26650869585518E+02  0.24243553867871E+03
   0.14751863148316E+04 -0.12813210531570E+03  0.54283751893771E+02 -0.22090299264329E+03  0.93110888998093E+01 -0.91007117317429E+02 -0.38272023418585E+02  0.17036144884745E+04 -0.35613508499899E+03 -0.56560289274182E+02  0.11782192381172E+02  0.18116019121324E+03  0.15603562376952E+02 -0.14597576391832E+00  0.25297363575102E+02 -0.56489438156092E+01  0.43541426088163E+02  0.31043939733250E+02 -0.23817708278268E+03  0.24995641769054E+01  0.19307973756647E+02
  -0.10783895697060E+03  0.12775192290128E+02 -0.48728160770148E+01  0.65986904884917E+02 -0.60405369077424E+01  0.21030498746294E+02  0.11269533480221E+02  0.11089335536321E+03 -0.13156184431188E+02 -0.24539044887131E+01  0.79055338662412E+00  0.13566016210499E+00 -0.14597576391832E+00  0.68067738306243E-01  0.14773737071749E+02 -0.13327323760242E+01  0.11536689707199E+02  0.61146177366682E+01 -0.96039169286403E+02 -0.14203570997261E+01 -0.76121547003194E+00
  -0.20547390802779E+05  0.36497124728481E+04 -0.12878606347775E+04  0.23512709066417E+05 -0.17284797072797E+04  0.73034887930489E+04  0.35309878035065E+04  0.54581258194591E+05  0.45952381188797E+05 -0.26769167571884E+04  0.80822678374709E+03  0.61952607502304E+03  0.25297363575102E+02  0.14773737071749E+02  0.27064248696542E+05 -0.24309523382228E+04  0.20680651897155E+05  0.11368642247246E+05 -0.26537719162735E+05  0.14606961186634E+03 -0.17847238383271E+03
   0.19627326405373E+04 -0.44742019954648E+03  0.12928466759021E+03 -0.27362678612797E+04  0.20675568910196E+03 -0.86554578279069E+03 -0.42779506497582E+03 -0.70816328872803E+04 -0.24086740876119E+04  0.32455499350469E+03 -0.86589295403474E+02 -0.93805167157441E+02 -0.56489438156092E+01 -0.13327323760242E+01 -0.24309523382228E+04  0.25458465857899E+03 -0.21478080830885E+04 -0.12290099788045E+04  0.29782846109484E+04 -0.21183634863321E+02  0.49188663618907E+02
  -0.19462020812908E+05  0.34751950704580E+04 -0.12173504584998E+04  0.22037777884927E+05 -0.15629591392125E+04  0.70468336254687E+04  0.33105573705610E+04  0.60116781376862E+05  0.19236794775257E+05 -0.25331805515831E+04  0.72409583510095E+03  0.82692914455915E+03  0.43541426088163E+02  0.11536689707199E+02  0.20680651897155E+05 -0.21478080830885E+04  0.18454937636136E+05  0.10469737474877E+05 -0.25091183488586E+05  0.19341375340406E+03 -0.16049805064177E+03
  -0.10253213462766E+05  0.21068159855294E+04 -0.66199062709787E+03  0.12916262456553E+05 -0.93702624181941E+03  0.41666204493460E+04  0.19950979710023E+04  0.34389922860832E+05  0.10170792544109E+05 -0.15376781161029E+04  0.41554067078677E+03  0.50995852002830E+03  0.31043939733250E+02  0.61146177366682E+01  0.11368642247246E+05 -0.12290099788045E+04  0.10469737474877E+05  0.60294151633950E+04 -0.14634331478665E+05  0.12234399588016E+03 -0.17182396250370E+03
  -0.68935047175975E+07  0.23674846503543E+07 -0.33762769840843E+06 -0.20453772921921E+07  0.43800932483560E+06 -0.17308793715141E+05 -0.19588067121228E+06 -0.57533607567977E+06 -0.10435850324259E+05  0.51741485874772E+05 -0.53379617459061E+04 -0.64907041048600E+04 -0.23817708278268E+03 -0.96039169286403E+02 -0.26537719162735E+05  0.29782846109484E+04 -0.25091183488586E+05 -0.14634331478665E+05  0.28643393068440E+08  0.11274556648620E+06 -0.37521911598039E+06
  -0.42526794744051E+05  0.10947258610690E+05 -0.20149645970394E+04 -0.13531794049085E+05  0.26845315499272E+04 -0.95412023458909E+03 -0.17555164273866E+04 -0.94504666156793E+04  0.97959248854663E+03  0.63627535566675E+03 -0.76029539753126E+02 -0.26650869585518E+02  0.24995641769054E+01 -0.14203570997261E+01  0.14606961186634E+03 -0.21183634863321E+02  0.19341375340406E+03  0.12234399588016E+03  0.11274556648620E+06  0.12157136185428E+04 -0.18671064765090E+04
   0.10288535238600E+06 -0.35357928888209E+05  0.50526492700593E+04  0.21058043967519E+05 -0.52426275807263E+04 -0.17625742010815E+04  0.13379002038021E+04 -0.42699621907819E+04  0.16416875230942E+04 -0.22338750395690E+03 -0.22949781767803E+02  0.24243553867871E+03  0.19307973756647E+02 -0.76121547003194E+00 -0.17847238383271E+03  0.49188663618907E+02 -0.16049805064177E+03 -0.17182396250370E+03 -0.37521911598039E+06 -0.18671064765090E+04  0.74416672431138E+04

 # Covariance matrix (Bevington epsilon)
   0.41204454099357E-03 -0.69708350962522E-04 -0.84789137618431E-02  0.21319248979845E-03  0.76038567555939E-04  0.40229556602153E-03 -0.12575014949620E-02  0.48825543941289E-04  0.33719800176999E-04 -0.71642858766829E-03 -0.11869291188261E-01 -0.10479233388777E-03 -0.10699902087335E-02  0.17545974262561E-01  0.10994591698977E-03  0.11257027308230E-02  0.35864698943222E-04 -0.32711568090941E-03  0.35898250660714E-05  0.21493131227100E-03 -0.20918486106467E-04  0.66759733373412E-03 -0.61403284110026E-03 -0.16527333864092E-05  0.47171449721609E-04  0.39184723352537E-04 -0.65468628835058E-04  0.32430585243343E-04  0.47697833850475E-04  0.38464962249968E-04 -0.69489662418842E-04 -0.48315782514613E-04  0.39500995435790E-04  0.44515182113516E-04  0.35564859116364E-04 -0.40744297783816E-04 -0.48101734113942E-04  0.24752036875281E-05  0.86987637934058E-05  0.60539926955267E-04  0.58350040804573E-05
  -0.69708350962525E-04  0.13006857162591E-03  0.22620894691337E-02  0.94975896642918E-04  0.63649819535132E-03 -0.24066547777285E-03  0.31020722268777E-03 -0.42186620665856E-05 -0.30436678506467E-05  0.49056756637379E-03  0.26431223211512E-02  0.95364071112621E-04 -0.37490199147144E-03  0.48760801731126E-02 -0.84727797196204E-05  0.86316254645817E-03  0.17656235354870E-03 -0.12466892579336E-03 -0.17155245402569E-05 -0.27342681005026E-05  0.10795014799801E-04 -0.15205273847861E-02  0.41858362464858E-03  0.89303918752436E-04  0.86894758160118E-05  0.55412980169811E-05 -0.39204149946809E-04  0.43736424069809E-05  0.25434329778912E-05  0.38817515613860E-05  0.26360559823390E-04  0.13264115337450E-04  0.89316844697220E-06  0.90153654235623E-05  0.10033926439312E-04 -0.10544927940322E-04 -0.61213300206109E-05  0.44025836847262E-07  0.27452507627727E-06  0.22448451141924E-05 -0.32711775054368E-05
  -0.84789137618432E-02  0.22620894691337E-02  0.18310492678290E+00 -0.31328186896656E-02  0.37612317183388E-02 -0.99054369768248E-02  0.26855694385834E-01 -0.95030538253197E-03 -0.66144311463513E-03  0.17993857338673E-01  0.26276133277439E+00  0.27664435505783E-02  0.21586458749431E-01 -0.29553333966200E+00 -0.19776837867438E-02 -0.56064949746418E-03  0.21734758483795E-02  0.43159832344079E-02 -0.74163919605832E-04 -0.30708237920912E-02  0.46434544170607E-03 -0.22789793264658E-01  0.14864794958945E-01  0.10594866442874E-02 -0.67631034097152E-03 -0.55500527774789E-03  0.15659402841734E-02 -0.43871095264702E-03 -0.67875219705602E-03 -0.50689242153209E-03  0.21974955312166E-02  0.16842892788378E-02 -0.71651441345854E-03 -0.59612596558835E-03 -0.44303719357527E-03  0.54726291645556E-03  0.71693352737201E-03 -0.41334978083926E-04 -0.14038292060919E-03 -0.95353069352592E-03 -0.67675441316752E-04
   0.21319248979844E-03  0.94975896642923E-04 -0.31328186896653E-02  0.11961753877998E-02  0.45973959079534E-02 -0.19247884623838E-02 -0.17807564518403E-03  0.26258725583290E-04  0.14926459264581E-04 -0.32073038551394E-03 -0.58181787899627E-02  0.37678431512360E-03 -0.46289755261780E-02  0.46000523447809E-01  0.47128626403798E-03  0.12453908362636E-01 -0.94952766191552E-03  0.28587937737376E-02  0.99948911778267E-05  0.43819063082332E-03 -0.32986421451305E-04 -0.19554317696858E-02  0.43530924880192E-03  0.20789285328502E-03  0.61927416335351E-04  0.49779660600111E-04 -0.24306611597153E-04  0.39671550686030E-04  0.63896971659610E-04  0.54102067724386E-04  0.36385847788415E-04  0.46180164866787E-05  0.25559609610015E-04  0.62832257736331E-04  0.42220614570308E-04 -0.51862439189584E-04 -0.55439762726559E-04  0.26509797365182E-05  0.12311604190862E-04  0.70924100479279E-04  0.17280196606224E-04
   0.76038567555875E-04  0.63649819535134E-03  0.37612317183402E-02  0.45973959079534E-02  0.25525196359104E-01 -0.12612807488813E-01  0.11098791969720E-01 -0.41644200224753E-04 -0.40658200243364E-04  0.43295086487743E-02  0.24870028758945E-01  0.83001429365037E-03 -0.61021746328736E-02  0.27453716135445E+00  0.13732025508329E-02  0.35959945474675E-01 -0.54954217235913E-02  0.13070744897418E-01  0.43887445035025E-05  0.12293361586497E-03  0.29106756292125E-03 -0.54141078020889E-02  0.16716576802823E-03  0.51036682924454E-03  0.15307807577444E-03  0.14296967698748E-03 -0.15812565294566E-03  0.16784600374802E-03  0.10768179092000E-03  0.11846665567900E-03  0.29303968558912E-03  0.14874842870474E-03  0.30756587933945E-04  0.11630666074430E-03  0.45441643214239E-04 -0.45149748364562E-04 -0.76641676703807E-04  0.64475460596857E-05  0.31886180499870E-04  0.17660947294368E-03  0.28438108110100E-04
   0.40229556602156E-03 -0.24066547777286E-03 -0.99054369768255E-02 -0.19247884623838E-02 -0.12612807488813E-01  0.82413409479035E-02 -0.96057084517137E-02  0.11105176270202E-03  0.83376443160314E-04 -0.26512079349758E-02 -0.34668958273910E-01  0.27547954281699E-04  0.14254004181225E-03 -0.22345332841883E+00 -0.48062766508152E-03 -0.20991589988635E-01  0.24357505614616E-02 -0.72238158262545E-02 -0.65222358742557E-05 -0.95614821158155E-03 -0.40209048279715E-03  0.35545420190107E-02 -0.88285806719981E-03 -0.29956606854543E-03 -0.23646220697876E-04 -0.26793823728561E-04 -0.25941137245654E-03 -0.10202417872354E-03 -0.63288920993250E-05 -0.19018965850911E-04 -0.31464858303563E-03 -0.27368985202361E-03  0.36846779179186E-04 -0.61727862430762E-05  0.16990899093025E-04 -0.63237481912676E-05 -0.64048139084026E-05 -0.10505933072861E-05 -0.60070876466479E-05 -0.35495694705793E-04 -0.83127149940833E-04
  -0.12575014949620E-02  0.31020722268776E-03  0.26855694385834E-01 -0.17807564518413E-03  0.11098791969720E-01 -0.96057084517136E-02  0.21274605433162E-01 -0.26011695055581E-03 -0.18132989737937E-03  0.91651172397977E-02  0.92336176021596E-01 -0.15675999949249E-02  0.21780434287444E-01  0.20951403742032E+00 -0.75495796668511E-03 -0.59073070239582E-02 -0.82552992605115E-03  0.19165728331133E-02 -0.33548272165887E-04 -0.21758239710420E-03  0.10174294118143E-02  0.52601381620416E-03 -0.10052597767442E-02 -0.45017953605402E-05 -0.77470972702183E-04 -0.23940428348141E-04  0.30926196329306E-03  0.12527361059942E-03 -0.13255411669790E-03 -0.60553930120413E-04  0.57817555448384E-03  0.61928851824037E-03 -0.11754728557983E-03 -0.12740312724162E-03 -0.10520716578887E-03  0.10572018908335E-03  0.10505580398644E-03 -0.33860331312406E-05 -0.15279362649034E-04 -0.61838690810194E-04  0.93921594438144E-04
   0.48825543941289E-04 -0.42186620665852E-05 -0.95030538253197E-03  0.26258725583292E-04 -0.41644200224743E-04  0.11105176270202E-03 -0.26011695055581E-03  0.25461046295508E-04  0.19374672436399E-04 -0.26030500779623E-03 -0.46454030211531E-02  0.12072618529238E-04 -0.29199359748361E-03 -0.37488102758913E-02 -0.25046108543900E-04  0.36103664112380E-06  0.18072743799018E-03 -0.26281286511488E-03  0.40594061803143E-06  0.14131895304375E-04 -0.12824337464587E-04 -0.68087800810502E-04  0.14936226706634E-05  0.12388937604031E-04  0.85938403852123E-05  0.78442617505075E-05  0.39175486708040E-05  0.85834578246434E-05  0.89003183898467E-05  0.80081042004884E-05  0.27172460039279E-06  0.15316403048765E-05  0.92182898742523E-05  0.82798956068472E-05  0.75355379113131E-05  0.34735566832756E-06  0.32959236209546E-06  0.37956934240867E-06  0.15237716745497E-05  0.12422247672522E-04  0.48275116065881E-06
   0.33719800176999E-04 -0.30436678506464E-05 -0.66144311463513E-03  0.14926459264582E-04 -0.40658200243357E-04  0.83376443160311E-04 -0.18132989737937E-03  0.19374672436399E-04  0.15565991856642E-04 -0.17903357767292E-03 -0.34437404037146E-02  0.66118658470748E-05 -0.18638453772338E-03 -0.28592741514110E-02 -0.33251777637277E-04 -0.26091736004673E-03  0.15076117263195E-03 -0.24543689596298E-03  0.24410435274193E-06  0.62961193933792E-05 -0.92483352591049E-05 -0.47865341782392E-04  0.22253804031383E-05  0.74231094287503E-05  0.56522790389939E-05  0.51631139986405E-05  0.12937832567359E-05  0.60201034284277E-05  0.57621411941887E-05  0.51448147476333E-05 -0.10795708846635E-05 -0.86044699134279E-07  0.64499916496981E-05  0.53732065470071E-05  0.48657705252720E-05  0.13709657775116E-05  0.12002968008099E-05  0.23428993596068E-06  0.19772920333033E-06  0.80163755241685E-05  0.10822073249461E-06
  -0.71642858766828E-03  0.49056756637378E-03  0.17993857338673E-01 -0.32073038551398E-03  0.43295086487741E-02 -0.26512079349757E-02  0.91651172397977E-02 -0.26030500779623E-03 -0.17903357767292E-03  0.22000591177078E-01  0.11316294793185E+00 -0.14406146055538E-02  0.31025192482609E-01 -0.49552814551639E-01 -0.47649724202976E-03 -0.45764980845441E-01 -0.89002755303517E-02  0.75913677464652E-02 -0.26547764608996E-04 -0.38707781214789E-02  0.17434103842309E-03  0.63163488973581E-02 -0.17986817819141E-02 -0.94427450434888E-03 -0.77027853091284E-04 -0.14342751563184E-04 -0.18288619789046E-02  0.33297366203784E-04 -0.97913106628271E-04 -0.38024498565776E-04 -0.62343295271561E-04 -0.60636297171846E-04 -0.32727034123990E-04 -0.71343180873662E-04 -0.43331859892871E-04  0.54653439923343E-03  0.37931450609910E-03 -0.62758822160232E-05 -0.35663293280856E-04 -0.13054716142714E-03 -0.18837828309974E-03
  -0.11869291188261E-01  0.26431223211511E-02  0.26276133277439E+00 -0.58181787899633E-02  0.24870028758942E-01 -0.34668958273908E-01  0.92336176021595E-01 -0.46454030211531E-02 -0.34437404037146E-02  0.11316294793184E+00  0.13003705353273E+01 -0.75902977004469E-02  0.18188751827839E+00  0.35628001174945E+00 -0.27599016067272E-03 -0.15031166347021E+00 -0.36398969779499E-01  0.23953577156079E-01 -0.15722368844942E-03 -0.15344542561798E-01  0.56691755256549E-02  0.39168729577010E-01 -0.15786492274092E-01 -0.18192222798016E-02 -0.38836894415677E-03  0.22106853227519E-03  0.26137736845193E-02  0.54527512247685E-03 -0.39184818913262E-03  0.35263048601430E-03  0.71149513845727E-02  0.71940840014154E-02 -0.17672819925198E-02 -0.39225188595555E-03  0.23765046687245E-03 -0.39867390074193E-03 -0.97255944000436E-03 -0.15934554171450E-04 -0.95363571032031E-04 -0.27208523559171E-03 -0.15606694043320E-03
  -0.10479233388778E-03  0.95364071112622E-04  0.27664435505784E-02  0.37678431512359E-03  0.83001429365039E-03  0.27547954281683E-04 -0.15675999949248E-02  0.12072618529237E-04  0.66118658470742E-05 -0.14406146055538E-02 -0.75902977004466E-02  0.24305802952096E-02 -0.26749786600972E-01 -0.55764426479205E-01  0.26859138330070E-03  0.37455586974729E-02 -0.55843459057095E-03  0.12117527401319E-02  0.35267489706227E-05  0.36387951507417E-03 -0.16695534306220E-04 -0.14106711028041E-02  0.69898589168009E-03  0.52611447391739E-04 -0.66714524461680E-05 -0.43860821614807E-05  0.54752440389479E-04 -0.10479323234103E-04  0.43692225059087E-05  0.15639673711930E-05  0.11555018622352E-03 -0.31779478147294E-04 -0.57648934978843E-05  0.11677072000505E-04  0.31729072933500E-05  0.11096388014980E-05  0.13097238719190E-05 -0.20378656681332E-07  0.20768588125742E-05 -0.61403135456352E-05  0.28397771938859E-04
  -0.10699902087335E-02 -0.37490199147147E-03  0.21586458749429E-01 -0.46289755261781E-02 -0.61021746328743E-02  0.14254004181269E-03  0.21780434287443E-01 -0.29199359748360E-03 -0.18638453772337E-03  0.31025192482609E-01  0.18188751827839E+00 -0.26749786600972E-01  0.43986168601220E+00  0.56472421057159E+00 -0.42922193318974E-02 -0.10683075742739E+00  0.69223666660655E-02 -0.26270590645738E-01 -0.89590079395346E-04 -0.10031366564997E-01 -0.18740667554211E-02  0.22759115613988E-01 -0.11907345013758E-01 -0.15299055498733E-02  0.19368783412213E-03  0.13299487341398E-03 -0.53425540407730E-03  0.24743511741769E-03  0.97028380540988E-04  0.39647224961328E-04  0.10683922582004E-02  0.12278255629965E-02  0.28910507963891E-04  0.94069933012306E-04  0.68923706540804E-05 -0.93927838289498E-04 -0.20782212104935E-03  0.71339881635752E-05  0.23838592502004E-04  0.44970006954808E-04 -0.73140775250505E-03
   0.17545974262559E-01  0.48760801731131E-02 -0.29553333966196E+00  0.46000523447809E-01  0.27453716135445E+00 -0.22345332841883E+00  0.20951403742032E+00 -0.37488102758915E-02 -0.28592741514112E-02 -0.49552814551636E-01  0.35628001174951E+00 -0.55764426479205E-01  0.56472421057160E+00  0.50977393829253E+02  0.18993201784840E-01  0.10211001134601E+01 -0.17540803802273E+00  0.44757656476503E+00  0.50046779467657E-03  0.23720307559667E+00  0.15829056713869E-01  0.87182507701477E-02 -0.22709987735331E-01 -0.25785348440915E-01  0.55047324708782E-02 -0.11605594892820E-02  0.17632754961255E-01  0.11648670951894E-01  0.59720170131706E-02 -0.14370736013941E-02  0.13425948852819E-01  0.10636238925585E-02  0.44213188036801E-02  0.73528435605167E-02 -0.61373086514744E-03  0.36912443889142E-02  0.22504649399519E-02  0.30563269054682E-03  0.92854233395203E-03 -0.16403157303834E-03  0.39896020611081E-02
   0.10994591698976E-03 -0.84727797196175E-05 -0.19776837867437E-02  0.47128626403800E-03  0.13732025508330E-02 -0.48062766508158E-03 -0.75495796668504E-03 -0.25046108543901E-04 -0.33251777637278E-04 -0.47649724202975E-03 -0.27599016067248E-03  0.26859138330070E-03 -0.42922193318974E-02  0.18993201784841E-01  0.14651203036540E-02  0.29592794674632E-01 -0.33877277789551E-02  0.89613955435036E-02  0.54546562362007E-05  0.31300571964233E-03 -0.32774423150148E-04  0.97823126791023E-04  0.17133294314600E-03  0.27596578228368E-04  0.22921148121414E-04  0.15697413740801E-04  0.83514388077742E-06 -0.24594760468476E-04  0.31326428662818E-04  0.24735466249352E-04 -0.33136596796903E-04 -0.40437101447674E-04  0.14341776119690E-04  0.27215178331036E-04  0.20341968422489E-04 -0.70456240497267E-05  0.20650247260481E-05  0.12895635027137E-05  0.52228308462433E-05  0.23793856658542E-04  0.90341401590241E-05
   0.11257027308230E-02  0.86316254645824E-03 -0.56064949746226E-03  0.12453908362636E-01  0.35959945474677E-01 -0.20991589988636E-01 -0.59073070239573E-02  0.36103664113795E-06 -0.26091736004672E-03 -0.45764980845441E-01 -0.15031166347021E+00  0.37455586974731E-02 -0.10683075742740E+00  0.10211001134601E+01  0.29592794674632E-01  0.12592615083422E+01  0.52705251909885E-02  0.18466223063601E+00  0.16403777101800E-03  0.30978450853511E-01 -0.31693688294170E-02 -0.66918469165791E-01  0.38183733650785E-01  0.91704606007589E-02  0.10256112322628E-02  0.47883264994730E-03  0.27050036098918E-02  0.77659010679434E-04  0.16402486411282E-02  0.11550134893647E-02  0.14173964872436E-02  0.16624461646466E-02  0.53832545027500E-03  0.14429568756554E-02  0.99825684674768E-03 -0.40702025671552E-02 -0.21390212842108E-02  0.54328274782021E-04  0.26595090991251E-03  0.10390028909009E-02  0.14375874826230E-02
   0.35864698943238E-04  0.17656235354869E-03  0.21734758483791E-02 -0.94952766191555E-03 -0.54954217235917E-02  0.24357505614619E-02 -0.82552992605153E-03  0.18072743799019E-03  0.15076117263196E-03 -0.89002755303519E-02 -0.36398969779501E-01 -0.55843459057094E-03  0.69223666660653E-02 -0.17540803802274E+00 -0.33877277789551E-02  0.52705251909889E-02  0.28041294691084E-01 -0.42737486234470E-01 -0.32001743325221E-05  0.34604974606798E-02 -0.40379402290744E-03 -0.14378884047661E-01  0.40958109365178E-02  0.21316248643441E-02  0.13362316515547E-03  0.86895276986572E-04  0.78845792421838E-03  0.20468987166027E-03  0.18954440299051E-03  0.15767227502906E-03  0.72830885786230E-03  0.82342437540170E-03 -0.18245302879517E-04  0.18005207352928E-03  0.16024391112916E-03 -0.12931693142078E-02 -0.98896651171076E-03  0.12021003656780E-04  0.52917712996422E-04  0.30896355498584E-03  0.24085712338843E-03
  -0.32711568090944E-03 -0.12466892579334E-03  0.43159832344087E-02  0.28587937737377E-02  0.13070744897419E-01 -0.72238158262551E-02  0.19165728331140E-02 -0.26281286511489E-03 -0.24543689596298E-03  0.75913677464654E-02  0.23953577156082E-01  0.12117527401319E-02 -0.26270590645738E-01  0.44757656476504E+00  0.89613955435036E-02  0.18466223063601E+00 -0.42737486234470E-01  0.97968621602986E-01  0.23200244638733E-04 -0.85692968006917E-03 -0.30325145879967E-04  0.11075558378246E-01  0.13743507236121E-02 -0.22221709863287E-02 -0.18598925397792E-03 -0.20164381468019E-03 -0.12302276022769E-02 -0.40487672552855E-03 -0.18649704438324E-03 -0.22450134797712E-03 -0.12904466497360E-02 -0.13988279758797E-02  0.13065564574118E-03 -0.19207937083654E-03 -0.24082160553624E-03  0.17603134473344E-02  0.16032131758450E-02 -0.20023274817252E-04 -0.82375647383085E-04 -0.56169290869615E-03 -0.19621506862730E-03
   0.35898250660714E-05 -0.17155245402569E-05 -0.74163919605831E-04  0.99948911778269E-05  0.43887445035037E-05 -0.65222358742564E-05 -0.33548272165886E-04  0.40594061803143E-06  0.24410435274192E-06 -0.26547764608996E-04 -0.15722368844941E-03  0.35267489706227E-05 -0.89590079395347E-04  0.50046779467659E-03  0.54546562362007E-05  0.16403777101799E-03 -0.32001743325224E-05  0.23200244638733E-04  0.49972173973951E-06  0.19347719808470E-04  0.53845971669967E-05 -0.43769841628483E-04  0.18545429695712E-04  0.45843797172819E-05  0.69930626111140E-06  0.37141091205628E-06  0.19051961823368E-05  0.39546628149725E-06  0.94671375396606E-06  0.64787027886122E-06  0.18548125206391E-06  0.32969070153422E-06  0.25460762291809E-06  0.83734875306805E-06  0.75405207508540E-06 -0.11254591558816E-05 -0.97748074784419E-06  0.31575731567380E-07  0.14053744517992E-06  0.86764477482298E-06  0.82557423855025E-06
   0.21493131227099E-03 -0.27342681004997E-05 -0.30708237920910E-02  0.43819063082333E-03  0.12293361586499E-03 -0.95614821158156E-03 -0.21758239710419E-03  0.14131895304376E-04  0.62961193933796E-05 -0.38707781214789E-02 -0.15344542561798E-01  0.36387951507418E-03 -0.10031366564997E-01  0.23720307559667E+00  0.31300571964232E-03  0.30978450853511E-01  0.34604974606798E-02 -0.85692968006923E-03  0.19347719808470E-04  0.84607420619077E-02  0.36776082726840E-03 -0.34199660939463E-02  0.17001644637922E-02  0.83805978351326E-03  0.94348594861365E-04 -0.65883083640811E-04  0.26853690882810E-03  0.59801937558407E-04  0.11031207656783E-03 -0.67099129656166E-04  0.15703429493535E-03  0.11594689678174E-03  0.41126275479371E-04  0.76417447964883E-04 -0.85711039304120E-04 -0.22669694055719E-03 -0.16283536777603E-03  0.35685194738501E-05  0.11123048861387E-04  0.59452716145151E-04  0.30557180322597E-03
  -0.20918486106468E-04  0.10795014799801E-04  0.46434544170609E-03 -0.32986421451309E-04  0.29106756292123E-03 -0.40209048279714E-03  0.10174294118143E-02 -0.12824337464587E-04 -0.92483352591051E-05  0.17434103842309E-03  0.56691755256550E-02 -0.16695534306222E-04 -0.18740667554211E-02  0.15829056713869E-01 -0.32774423150152E-04 -0.31693688294170E-02 -0.40379402290742E-03 -0.30325145880007E-04  0.53845971669966E-05  0.36776082726839E-03  0.81330453143431E-03  0.63468388895866E-03 -0.27088590386537E-03 -0.14290371215108E-04  0.82199680586088E-05  0.43216686961632E-05  0.13868129477522E-03  0.21372433529678E-04 -0.12769085200685E-05  0.22948850048787E-04  0.58494349104415E-04  0.82978086944270E-04 -0.12888477183815E-04 -0.18254829625602E-04  0.38467455742633E-04 -0.15147216952594E-04 -0.20086926392420E-04  0.60027740089620E-06  0.31165196823278E-05  0.22821329298202E-04  0.18791987757852E-04
   0.66759733373417E-03 -0.15205273847861E-02 -0.22789793264659E-01 -0.19554317696858E-02 -0.54141078020887E-02  0.35545420190107E-02  0.52601381620412E-03 -0.68087800810498E-04 -0.47865341782390E-04  0.63163488973581E-02  0.39168729577009E-01 -0.14106711028041E-02  0.22759115613988E-01  0.87182507701548E-02  0.97823126791055E-04 -0.66918469165790E-01 -0.14378884047661E-01  0.11075558378246E-01 -0.43769841628483E-04 -0.34199660939462E-02  0.63468388895866E-03  0.57982767563377E-01 -0.20113898708542E-01 -0.34740708533403E-02 -0.66444281554655E-04  0.10136664694686E-04  0.28961868245627E-03  0.48580157497566E-04 -0.89856060271248E-04 -0.36656238862753E-04  0.10744176262456E-03  0.15061975227383E-03 -0.14611185127708E-05 -0.27670958412241E-03 -0.22376777264481E-03  0.73005657550769E-03  0.42090327236859E-03 -0.23141599731239E-06 -0.48387494831479E-05 -0.29819333244008E-06 -0.18715793839466E-03
  -0.61403284110026E-03  0.41858362464858E-03  0.14864794958945E-01  0.43530924880191E-03  0.16716576802819E-03 -0.88285806719980E-03 -0.10052597767442E-02  0.14936226706636E-05  0.22253804031385E-05 -0.17986817819141E-02 -0.15786492274092E-01  0.69898589168009E-03 -0.11907345013758E-01 -0.22709987735334E-01  0.17133294314600E-03  0.38183733650785E-01  0.40958109365178E-02  0.13743507236122E-02  0.18545429695712E-04  0.17001644637922E-02 -0.27088590386537E-03 -0.20113898708542E-01  0.10271658904702E-01  0.76237345714258E-03 -0.62415247485630E-04 -0.99692936124527E-04 -0.39260189552238E-03 -0.10939731797582E-03  0.20324076241164E-04 -0.10129277606453E-04 -0.23483530981018E-03 -0.25062951948854E-03 -0.33130540617088E-06  0.49972945118945E-04  0.40761601366697E-04 -0.43373061452120E-04  0.82009409102798E-04 -0.61317439933207E-05 -0.24391659028786E-04 -0.15568637963474E-03  0.63182141910198E-04
  -0.16527333864125E-05  0.89303918752437E-04  0.10594866442875E-02  0.20789285328502E-03  0.51036682924452E-03 -0.29956606854542E-03 -0.45017953605459E-05  0.12388937604031E-04  0.74231094287503E-05 -0.94427450434888E-03 -0.18192222798017E-02  0.52611447391741E-04 -0.15299055498733E-02 -0.25785348440915E-01  0.27596578228366E-04  0.91704606007588E-02  0.21316248643441E-02 -0.22221709863287E-02  0.45843797172819E-05  0.83805978351326E-03 -0.14290371215108E-04 -0.34740708533403E-02  0.76237345714259E-03  0.72107406055297E-03  0.38695669794839E-04  0.24186152622933E-04  0.14168546468474E-03  0.23516896481141E-04  0.20036594113861E-04  0.11544321755255E-04  0.11488709170843E-03  0.13582590443593E-03 -0.15270356168732E-05  0.86310262787388E-05  0.56266030027473E-05 -0.15611007997693E-03 -0.12228094135043E-03  0.19352966302046E-05  0.88627208332023E-05  0.58964309054724E-04  0.48554045708703E-04
   0.47171449721608E-04  0.86894758160123E-05 -0.67631034097150E-03  0.61927416335352E-04  0.15307807577444E-03 -0.23646220697878E-04 -0.77470972702180E-04  0.85938403852123E-05  0.56522790389938E-05 -0.77027853091284E-04 -0.38836894415675E-03 -0.66714524461674E-05  0.19368783412212E-03  0.55047324708782E-02  0.22921148121413E-04  0.10256112322628E-02  0.13362316515547E-03 -0.18598925397792E-03  0.69930626111139E-06  0.94348594861365E-04  0.82199680586089E-05 -0.66444281554663E-04 -0.62415247485628E-04  0.38695669794840E-04  0.29873142483937E-04  0.19590297762919E-04  0.50855382646489E-04  0.18193081879136E-04  0.22869408295641E-04  0.21829184980451E-04  0.48730899942811E-04  0.48901085014680E-04  0.82415969909983E-05  0.21665441317868E-04  0.20269417382605E-04 -0.19089534049712E-04 -0.20343302354702E-04  0.85186218430417E-06  0.33856638180736E-05  0.25029122621335E-04  0.53868655391557E-05
   0.39184723352537E-04  0.55412980169815E-05 -0.55500527774787E-03  0.49779660600112E-04  0.14296967698748E-03 -0.26793823728563E-04 -0.23940428348138E-04  0.78442617505074E-05  0.51631139986404E-05 -0.14342751563184E-04  0.22106853227520E-03 -0.43860821614803E-05  0.13299487341398E-03 -0.11605594892820E-02  0.15697413740800E-04  0.47883264994729E-03  0.86895276986574E-04 -0.20164381468019E-03  0.37141091205627E-06 -0.65883083640811E-04  0.43216686961633E-05  0.10136664694680E-04 -0.99692936124526E-04  0.24186152622933E-04  0.19590297762919E-04  0.37752460040297E-04  0.57680267530825E-04  0.18321861143110E-04  0.21363399725935E-04  0.24919467344830E-04  0.52258139791273E-04  0.55330484186759E-04  0.61451100792657E-05  0.20703862090851E-04  0.23417330897484E-04 -0.16939194885247E-04 -0.19346971111798E-04  0.81540861948985E-06  0.33960378077348E-05  0.25817723892702E-04  0.17910816221419E-05
  -0.65468628835060E-04 -0.39204149946809E-04  0.15659402841734E-02 -0.24306611597158E-04 -0.15812565294568E-03 -0.25941137245653E-03  0.30926196329305E-03  0.39175486708041E-05  0.12937832567360E-05 -0.18288619789046E-02  0.26137736845193E-02  0.54752440389479E-04 -0.53425540407728E-03  0.17632754961254E-01  0.83514388077352E-06  0.27050036098917E-02  0.78845792421840E-03 -0.12302276022769E-02  0.19051961823367E-05  0.26853690882810E-03  0.13868129477522E-03  0.28961868245628E-03 -0.39260189552238E-03  0.14168546468474E-03  0.50855382646489E-04  0.57680267530825E-04  0.79986929356979E-03  0.60536791244381E-04  0.54656772713622E-04  0.66279849016164E-04  0.31416193700508E-03  0.31779471347185E-03 -0.95414456687544E-05  0.44949346451189E-04  0.59831345572786E-04 -0.87547920209896E-04 -0.84788137686546E-04  0.24147354364233E-05  0.11353659061314E-04  0.78509865753325E-04  0.32704532381500E-04
   0.32430585243342E-04  0.43736424069812E-05 -0.43871095264701E-03  0.39671550686030E-04  0.16784600374802E-03 -0.10202417872354E-03  0.12527361059942E-03  0.85834578246434E-05  0.60201034284277E-05  0.33297366203783E-04  0.54527512247686E-03 -0.10479323234103E-04  0.24743511741769E-03  0.11648670951894E-01 -0.24594760468477E-04  0.77659010679424E-04  0.20468987166027E-03 -0.40487672552856E-03  0.39546628149723E-06  0.59801937558408E-04  0.21372433529678E-04  0.48580157497560E-04 -0.10939731797581E-03  0.23516896481141E-04  0.18193081879136E-04  0.18321861143110E-04  0.60536791244381E-04  0.57885348388821E-04  0.19819637439911E-04  0.20501273317021E-04  0.63184680043875E-04  0.62205057722692E-04  0.62268788428135E-05  0.18562602524776E-04  0.18866451629835E-04 -0.18714181800090E-04 -0.20257784256168E-04  0.91007169881127E-06  0.38590102255456E-05  0.26168518397187E-04  0.54439274236020E-05
   0.47697833850475E-04  0.25434329778916E-05 -0.67875219705601E-03  0.63896971659611E-04  0.10768179092000E-03 -0.63288920993279E-05 -0.13255411669790E-03  0.89003183898467E-05  0.57621411941888E-05 -0.97913106628272E-04 -0.39184818913261E-03  0.43692225059095E-05  0.97028380540983E-04  0.59720170131707E-02  0.31326428662818E-04  0.16402486411282E-02  0.18954440299052E-03 -0.18649704438325E-03  0.94671375396606E-06  0.11031207656783E-03 -0.12769085200684E-05 -0.89856060271255E-04  0.20324076241166E-04  0.20036594113861E-04  0.22869408295641E-04  0.21363399725935E-04  0.54656772713623E-04  0.19819637439911E-04  0.30604004414669E-04  0.27410410427812E-04  0.56257427293570E-04  0.55644238109000E-04  0.86439401447527E-05  0.27874445535441E-04  0.25694240534385E-04 -0.23241397097232E-04 -0.23693265670154E-04  0.93253720476292E-06  0.37474292943036E-05  0.26901025809448E-04  0.65559643745276E-05
