# fitpack15: fit parameters                                                                         
# CJ15_AV18                                                                                         
# Created on 07/01/2015 at 05:57:55                                                                 

 # QCD setup
  INS	                    0
  NVL                          11
  IORD                          1
  Q02                   1.6899999999999999     
  IPARAMC                       7
  FLAVOR                4.0000000000000000     
  xmc                   1.3000000000000000     
  xmb                   4.5000000000000000     
  ncb                          12

 # Theory corrections
  inuke                     10734
  itmc                          1
  iht                           1

 # fit parameters
 LAMBDA       0.22680        0.0000    
 a0uv          2.3530        0.0000    
 a1uv         0.60990       0.19797E-01
 a2uv          3.5423       0.11454E-01
 a3uv          0.0000        0.0000    
 a4uv          3.5571       0.41733    
 a5uv          0.0000        0.0000    
 a0dv          20.921        0.0000    
 a1dv          1.1218       0.36695E-01
 a2dv          6.2953       0.16688    
 a3dv         -3.4508       0.97690E-01
 a4dv          4.6579       0.14692    
 a5dv          0.0000        0.0000    
 a0ud         0.14278       0.50700E-02
 a1ud        -0.21673       0.39222E-02
 a2ud          8.3656       0.14703    
 a3ud          0.0000        0.0000    
 a4ud          15.710        1.1273    
 a5ud          0.0000        0.0000    
 a0du          35712.        0.0000    
 a1du          4.0016       0.51428E-01
 a2du          20.228       0.68329    
 a3du          17.000        0.0000    
 a4du          46.442        5.6718    
 a0g           45.845        0.0000    
 a1g          0.61470       0.38023E-01
 a2g           6.1140        1.1245    
 a3g          -3.2351       0.16058    
 a4g           2.9482       0.29857    
 a5g           0.0000        0.0000    
 kappa        0.40000        0.0000    
 a6dv        -0.20183E-02   0.81706E-03
 a7dv          2.0000        0.0000    
 off1        -0.57925E-03   0.70939E-02
 dummy35       0.0000        0.0000    
 ht1          -3.1311       0.23985    
 ht2           1.7713       0.95456E-01
 ht3          -2.0924       0.21445E-01
 ht4           0.0000        0.0000    
 dummy40       0.0000        0.0000    
 dummy41       0.0000        0.0000    
 dummy42       0.0000        0.0000    
 dummy43       0.0000        0.0000    
 dummy44       0.0000        0.0000    
 dummy45       0.0000        0.0000    
 dummy46       0.0000        0.0000    
 dummy47       0.0000        0.0000    
 dummy48       0.0000        0.0000    
 dummy49       0.0000        0.0000    
 bcdmsh2      0.97394       0.54116E-02
 bcdmsd2      0.98408       0.61553E-02
 ccfr          1.0000        0.0000    
 nutev         1.0000        0.0000    
 zeus         0.97998        0.0000    
 h1            1.0162        0.0000    
 e605          1.0380       0.28437E-01
 NmcH2         1.0153       0.75459E-02
 ntv_nu        1.0000        0.0000    
 ntv_nubar     1.0000        0.0000    
 cdf_jet      0.98910        0.0000    
 d0_jet       0.83504        0.0000    
 slac_p        1.0053       0.55098E-02
 slac_d        1.0035       0.58070E-02
 e866pp       0.98399       0.18593E-01
 e866pd       0.99461       0.17009E-01
 d0_gamjet     1.0377       0.16549E-01
 h1b          0.97608        0.0000    
 jlab_p       0.99861       0.63010E-02
 jlab_d       0.97553       0.63723E-02
 blank         1.0000        0.0000    
 d0run2       0.93630       0.15410E-01
 cdfrun2      0.92206       0.18024E-01
 HERA_el      0.99978       0.34132E-02
 HERA_ps      0.99522       0.31404E-02
 CDF_Z        0.97445       0.68553E-02
 NmcRat        1.0000        0.0000    
 BNS_F2nd     0.99024       0.65664E-02
 END 0. 0.

 # Hessian matrix (Bevington alpha)
   0.45015940917601E+07 -0.12065250415750E+07  0.21146777626250E+06  0.40328854697223E+06 -0.12588916238751E+06 -0.23227325364490E+05  0.49967609555230E+05  0.83200735178213E+06 -0.17894246013353E+06 -0.42546852613693E+05  0.57269667018201E+04  0.12494266566003E+05  0.14608790046232E+04 -0.11489443324855E+03 -0.20578840207153E+05  0.19476019663349E+04 -0.19898962665897E+05 -0.10473651023152E+05 -0.58369910099550E+07  0.19580616109694E+07
  -0.12065250415750E+07  0.38729055226597E+06 -0.58108989790046E+05 -0.11867434417530E+06  0.36488071910772E+05  0.62356953845790E+04 -0.12600021712882E+05 -0.12980080353062E+06  0.30821923589188E+05  0.70995078388689E+04 -0.83895777123508E+03 -0.11305777597560E+04 -0.12640780316627E+03  0.13589475342000E+02  0.36563754924925E+04 -0.44385313519775E+03  0.36479662291070E+04  0.22087404523023E+04  0.20096477092973E+07 -0.52614761876328E+06
   0.21146777626250E+06 -0.58108989790046E+05  0.10009701565297E+05  0.19226111267935E+05 -0.60527355222648E+04 -0.11948819081647E+04  0.23396372387838E+04  0.31133342136133E+05 -0.68396573148930E+04 -0.17838557099331E+04  0.21219560856686E+03  0.40090245364189E+03  0.53525599992738E+02 -0.52048829841779E+01 -0.12761862349546E+04  0.12697395806057E+03 -0.12386763472106E+04 -0.67319319094266E+03 -0.28382321903336E+06  0.91565852189810E+05
   0.40328854697223E+06 -0.11867434417530E+06  0.19226111267935E+05  0.37687267272456E+06 -0.62805314767292E+05  0.71358146234822E+05  0.61242450998557E+05  0.33179130606903E+06 -0.22573459317673E+05 -0.17182115990628E+05  0.29264553492520E+04 -0.19149862811042E+04 -0.21554281138296E+03  0.70638719246550E+02  0.23085432440463E+05 -0.26736383604129E+04  0.22477220812713E+05  0.13193744874308E+05 -0.17592949395962E+07  0.59567965489304E+06
  -0.12588916238751E+06  0.36488071910772E+05 -0.60527355222648E+04 -0.62805314767292E+05  0.12871595755925E+05 -0.78086920819150E+04 -0.95215390692013E+04 -0.33467114174889E+05  0.73821378257584E+03  0.23652679846848E+04 -0.31043612614390E+03 -0.34446644073494E+02  0.83252641040301E+01 -0.66949116962383E+01 -0.17311076539985E+04  0.20578271660117E+03 -0.16339418069251E+04 -0.98023472079437E+03  0.44125559867890E+06 -0.12587337069068E+06
  -0.23227325364490E+05  0.62356953845790E+04 -0.11948819081647E+04  0.71358146234822E+05 -0.78086920819150E+04  0.20918080154049E+05  0.13054746026982E+05  0.94612486213071E+05 -0.77838887964259E+04 -0.40969780221349E+04  0.82650816726393E+03 -0.85709073906777E+03 -0.85609232355918E+02  0.22572628677882E+02  0.71043835682503E+04 -0.83956244413021E+03  0.71103309153147E+04  0.42174198178397E+04 -0.80919820333188E+05  0.69450084088556E+05
   0.49967609555230E+05 -0.12600021712882E+05  0.23396372387838E+04  0.61242450998557E+05 -0.95215390692013E+04  0.13054746026982E+05  0.10556933923333E+05  0.54939403183220E+05 -0.29591320310309E+04 -0.30094442590758E+04  0.49549740519378E+03 -0.26925690064039E+03 -0.35652151618822E+02  0.12202620236819E+02  0.34474624928313E+04 -0.41621504262148E+03  0.33620656640167E+04  0.20314583400994E+04 -0.21951261965649E+06  0.91301184076638E+05
   0.83200735178213E+06 -0.12980080353062E+06  0.31133342136133E+05  0.33179130606903E+06 -0.33467114174889E+05  0.94612486213071E+05  0.54939403183220E+05  0.50639463825502E+07 -0.25223945070266E+07 -0.86627821579060E+05  0.23244173979747E+05  0.22183125164529E+05  0.16799012848833E+04  0.12305693430794E+03  0.52764069171494E+05 -0.68413536742971E+04  0.60341901972657E+05  0.34580832107291E+05 -0.50442125536376E+06  0.69998110192777E+06
  -0.17894246013353E+06  0.30821923589188E+05 -0.68396573148930E+04 -0.22573459317673E+05  0.73821378257584E+03 -0.77838887964259E+04 -0.29591320310309E+04 -0.25223945070266E+07  0.22211348389933E+07  0.18747013230187E+05 -0.56824121077083E+04 -0.52109706882347E+04 -0.35553111350140E+03 -0.14855733675345E+02  0.45970094395285E+05 -0.24106688407547E+04  0.19943741737258E+05  0.10603788458251E+05 -0.10551717656811E+05 -0.12597391352922E+06
  -0.42546852613693E+05  0.70995078388689E+04 -0.17838557099331E+04 -0.17182115990628E+05  0.23652679846848E+04 -0.40969780221349E+04 -0.30094442590758E+04 -0.86627821579060E+05  0.18747013230187E+05  0.28028112917882E+04 -0.59737613699462E+03 -0.57998623703384E+03 -0.56466064218453E+02 -0.27589559074381E+01 -0.26456525608675E+04  0.31954162391383E+03 -0.26208431444313E+04 -0.15924726892082E+04  0.46070361591001E+05 -0.34797252563397E+05
   0.57269667018201E+04 -0.83895777123508E+03  0.21219560856686E+03  0.29264553492520E+04 -0.31043612614390E+03  0.82650816726393E+03  0.49549740519378E+03  0.23244173979747E+05 -0.56824121077083E+04 -0.59737613699462E+03  0.15026098382003E+03  0.15010995622658E+03  0.11939778534540E+02  0.90221359259655E+00  0.81006536013416E+03 -0.86493503058000E+02  0.75286684409317E+03  0.43297823739569E+03 -0.48386873747981E+04  0.51747213507036E+04
   0.12494266566003E+05 -0.11305777597560E+04  0.40090245364189E+03 -0.19149862811042E+04 -0.34446644073494E+02 -0.85709073906777E+03 -0.26925690064039E+03  0.22183125164529E+05 -0.52109706882347E+04 -0.57998623703384E+03  0.15010995622658E+03  0.26577451564411E+04  0.17521226810982E+03  0.76845561923229E+00  0.58981143092220E+03 -0.89986988055288E+02  0.83518961639348E+03  0.51532503975701E+03 -0.56136817242932E+04 -0.15164809308330E+04
   0.14608790046232E+04 -0.12640780316627E+03  0.53525599992738E+02 -0.21554281138296E+03  0.83252641040301E+01 -0.85609232355918E+02 -0.35652151618822E+02  0.16799012848833E+04 -0.35553111350140E+03 -0.56466064218453E+02  0.11939778534540E+02  0.17521226810982E+03  0.15220781124359E+02 -0.13216475696088E+00  0.24302322142737E+02 -0.54776412520672E+01  0.45761344096452E+02  0.32366679239088E+02 -0.20938802303670E+03 -0.25897710605089E+03
  -0.11489443324855E+03  0.13589475342000E+02 -0.52048829841779E+01  0.70638719246550E+02 -0.66949116962383E+01  0.22572628677882E+02  0.12202620236819E+02  0.12305693430794E+03 -0.14855733675345E+02 -0.27589559074381E+01  0.90221359259655E+00  0.76845561923229E+00 -0.13216475696088E+00  0.84521211142961E-01  0.16218565815474E+02 -0.14644283438571E+01  0.13054385418381E+02  0.69363543042829E+01 -0.94175774193245E+02  0.11679484219563E+02
  -0.20578840207153E+05  0.36563754924925E+04 -0.12761862349546E+04  0.23085432440463E+05 -0.17311076539985E+04  0.71043835682503E+04  0.34474624928313E+04  0.52764069171494E+05  0.45970094395285E+05 -0.26456525608675E+04  0.81006536013416E+03  0.58981143092220E+03  0.24302322142737E+02  0.16218565815474E+02  0.26563692589776E+05 -0.23724527380645E+04  0.20883605956549E+05  0.11505494142896E+05 -0.23176756819317E+05 -0.57052111298990E+04
   0.19476019663349E+04 -0.44385313519775E+03  0.12697395806057E+03 -0.26736383604129E+04  0.20578271660117E+03 -0.83956244413021E+03 -0.41621504262148E+03 -0.68413536742971E+04 -0.24106688407547E+04  0.31954162391383E+03 -0.86493503058000E+02 -0.89986988055288E+02 -0.54776412520672E+01 -0.14644283438571E+01 -0.23724527380645E+04  0.24718385077989E+03 -0.21704326052217E+04 -0.12437290161632E+04  0.25980294669488E+04  0.65475127912334E+03
  -0.19898962665897E+05  0.36479662291070E+04 -0.12386763472106E+04  0.22477220812713E+05 -0.16339418069251E+04  0.71103309153147E+04  0.33620656640167E+04  0.60341901972657E+05  0.19943741737258E+05 -0.26208431444313E+04  0.75286684409317E+03  0.83518961639348E+03  0.45761344096452E+02  0.13054385418381E+02  0.20883605956549E+05 -0.21704326052217E+04  0.19360804710336E+05  0.11025098277382E+05 -0.22674589292402E+05 -0.77891366293048E+04
  -0.10473651023152E+05  0.22087404523023E+04 -0.67319319094266E+03  0.13193744874308E+05 -0.98023472079437E+03  0.42174198178397E+04  0.20314583400994E+04  0.34580832107291E+05  0.10603788458251E+05 -0.15924726892082E+04  0.43297823739569E+03  0.51532503975701E+03  0.32366679239088E+02  0.69363543042829E+01  0.11505494142896E+05 -0.12437290161632E+04  0.11025098277382E+05  0.63697458788524E+04 -0.13252821282035E+05 -0.43200465357369E+04
  -0.58369910099550E+07  0.20096477092973E+07 -0.28382321903336E+06 -0.17592949395962E+07  0.44125559867890E+06 -0.80919820333188E+05 -0.21951261965649E+06 -0.50442125536376E+06 -0.10551717656811E+05  0.46070361591001E+05 -0.48386873747981E+04 -0.56136817242932E+04 -0.20938802303670E+03 -0.94175774193245E+02 -0.23176756819317E+05  0.25980294669488E+04 -0.22674589292402E+05 -0.13252821282035E+05  0.22527597851444E+08 -0.48630610346002E+07
   0.19580616109694E+07 -0.52614761876328E+06  0.91565852189810E+05  0.59567965489304E+06 -0.12587337069068E+06  0.69450084088556E+05  0.91301184076638E+05  0.69998110192777E+06 -0.12597391352922E+06 -0.34797252563397E+05  0.51747213507036E+04 -0.15164809308330E+04 -0.25897710605089E+03  0.11679484219563E+02 -0.57052111298990E+04  0.65475127912334E+03 -0.77891366293048E+04 -0.43200465357369E+04 -0.48630610346002E+07  0.25882212712933E+07

 # Covariance matrix (Bevington epsilon)
   0.39190659166054E-03 -0.65620451654724E-04 -0.80606367830392E-02  0.23076197009375E-03  0.14417951314336E-03  0.34491941105386E-03 -0.11901929703783E-02  0.50280585278154E-04  0.34276887830796E-04 -0.76587910342651E-03 -0.11479139567832E-01 -0.10317274608816E-03 -0.12961254263620E-02 -0.21077256840361E-02  0.11372261358982E-03  0.22114950703570E-02  0.25182319284066E-03 -0.49875834414204E-03  0.23008849609088E-05 -0.10829068990044E-05  0.42504911064819E-03 -0.45739472948544E-03  0.76576238657727E-04  0.47803115406331E-04  0.40010806857868E-04 -0.49964166187436E-04  0.31264393110472E-04  0.47995290394401E-04  0.41816507705501E-04 -0.58782019584317E-04 -0.28277308667349E-04  0.36992260134646E-04  0.40339138276936E-04  0.37231323568369E-04 -0.52772056406380E-04 -0.56072865298289E-04  0.24579039597355E-05  0.89545621852073E-05  0.65078027588653E-04  0.78388834976304E-05
  -0.65620451654727E-04  0.13119144519982E-03  0.21820193624884E-02  0.90511385562597E-04  0.61378970480170E-03 -0.22795160220362E-03  0.29329598337496E-03 -0.42261158363895E-05 -0.29528152088107E-05  0.52490247838057E-03  0.25350881796789E-02  0.92370672893427E-04 -0.24660345940181E-03  0.72255815972760E-02 -0.13272762773661E-04  0.37309124484659E-03  0.12480642838770E-03 -0.12211894930314E-03 -0.36166499941794E-05  0.19213297612117E-06 -0.15319707593156E-02  0.38339157117302E-03  0.69417751773096E-04  0.79739639313241E-05  0.59467216878531E-05 -0.48063636851480E-04  0.40171189043058E-05  0.15831224055405E-05  0.37405073012607E-05  0.21259650145835E-04  0.58828788899389E-05  0.14481820497102E-05  0.95993281163839E-05  0.10151817483212E-04 -0.66683024118212E-05 -0.33916458655822E-05  0.21884374321034E-07  0.11973182549014E-06  0.62341137684192E-06 -0.66977134717753E-05
  -0.80606367830393E-02  0.21820193624883E-02  0.17416711656015E+00 -0.34993515253944E-02  0.27375528128407E-02 -0.88703530305052E-02  0.25752759833390E-01 -0.98523513746719E-03 -0.67580432979288E-03  0.19638576892647E-01  0.25470278447556E+00  0.26863971304907E-02  0.29245412846954E-01  0.12967842443249E+00 -0.21259838936164E-02 -0.29762482709930E-01 -0.30569877580623E-02  0.80406324718318E-02 -0.72063995045393E-04  0.94016416198159E-04 -0.17188631073783E-01  0.11115473426903E-01 -0.88496807201415E-03 -0.70956950260920E-03 -0.57617705467421E-03  0.11157143239056E-02 -0.42846664691751E-03 -0.70434889136202E-03 -0.58749572168675E-03  0.19107224427424E-02  0.11643040262862E-02 -0.66170158700845E-03 -0.50478584370427E-03 -0.48378714747135E-03  0.86706668567064E-03  0.93576245220557E-03 -0.41832412868467E-04 -0.14978651783258E-03 -0.10823618897461E-02 -0.16199116626283E-03
   0.23076197009376E-03  0.90511385562595E-04 -0.34993515253947E-02  0.13465516062302E-02  0.51393184500827E-02 -0.24223346428299E-02  0.14149774963169E-03  0.31953341967303E-04  0.18643799927468E-04 -0.51978997868282E-03 -0.88015783380649E-02  0.34423117949408E-03 -0.34972347624670E-02  0.53188134140937E-01  0.50654439608048E-03  0.16110543516145E-01 -0.53237498070874E-03  0.27673830286546E-02 -0.77692863167123E-05  0.77995712682312E-04 -0.25385055563730E-02  0.72063852791998E-03  0.28973136091245E-03  0.60724688130578E-04  0.55279814543011E-04 -0.85538566036538E-04  0.34037106335420E-04  0.64500696329537E-04  0.58132646944827E-04  0.98123033757732E-05 -0.37416613375923E-04  0.32710847965568E-04  0.62769178152948E-04  0.42251811155670E-04 -0.53768456703836E-04 -0.51290746394870E-04  0.25318007148117E-05  0.11639635158089E-04  0.61951718627988E-04  0.63610416189770E-06
   0.14417951314348E-03  0.61378970480167E-03  0.27375528128384E-02  0.51393184500828E-02  0.27850340208320E-01 -0.14645670486059E-01  0.12952114386990E-01 -0.17108756828196E-04 -0.24369551894298E-04  0.26293941367341E-02  0.11332275664676E-01  0.87856881321249E-03 -0.64587295847309E-02  0.27756069007991E+00  0.15463888029505E-02  0.54562219702132E-01 -0.28885500681247E-02  0.11670427476232E-01 -0.83877826498324E-04  0.14339103028147E-03 -0.93075862694698E-02  0.18316433913766E-02  0.10121528550590E-02  0.17077818178325E-03  0.12619626909301E-03 -0.23545728979388E-03  0.15638745921991E-03  0.14300312555849E-03  0.92582842960835E-04  0.26745492592236E-03  0.84792512538422E-04  0.54614084682104E-04  0.15006222444984E-03 -0.69663023952297E-05 -0.11537923195291E-03 -0.11334450338632E-03  0.67127358848400E-05  0.31944152900400E-04  0.17182496465444E-03  0.92188101751610E-04
   0.34491941105379E-03 -0.22795160220360E-03 -0.88703530305037E-02 -0.24223346428300E-02 -0.14645670486059E-01  0.95432789367051E-02 -0.10209207417954E-01  0.93696144794847E-04  0.71254373140988E-04 -0.18664731962467E-02 -0.24806026926975E-01 -0.41033637372317E-05 -0.74051953394596E-03 -0.21590285682726E+00 -0.66021447158260E-03 -0.31496488610622E-01  0.15809207635349E-02 -0.73966277954963E-02  0.38505268499463E-04 -0.10790804597223E-03  0.57754572495875E-02 -0.17951015096239E-02 -0.48480396232378E-03 -0.24719386879825E-04 -0.30739592412652E-04 -0.13577197911801E-03 -0.84786005276049E-04 -0.19006199294698E-04 -0.12939515228619E-04 -0.25236328645254E-03 -0.17017009006958E-03  0.19726901519890E-04 -0.26989389179883E-04  0.39758888713525E-04 -0.22259631862594E-05 -0.13855260860376E-04 -0.84498015436069E-06 -0.48966379945579E-05 -0.19698899912795E-04 -0.71233640300337E-04
  -0.11901929703782E-02  0.29329598337493E-03  0.25752759833389E-01  0.14149774963181E-03  0.12952114386990E-01 -0.10209207417955E-01  0.21586700830427E-01 -0.24650213607887E-03 -0.17132511773940E-03  0.80279454701542E-02  0.84238538461470E-01 -0.12840650448469E-02  0.16957090961816E-01  0.16828311474535E+00 -0.57165105615655E-03 -0.44467593736499E-03 -0.50067568136089E-03  0.19575131914031E-02 -0.67460086214560E-04 -0.15927008703050E-03 -0.17718739127468E-02 -0.34203506833132E-03  0.26222629713662E-04 -0.61648093440156E-04 -0.60268141010539E-04  0.37749412479364E-03  0.11986192106338E-03 -0.96030662144656E-04 -0.11116224293209E-03  0.58761961946783E-03  0.61884682008470E-03 -0.11318957991341E-03 -0.67433445505547E-04 -0.17416161321277E-03  0.86742557511664E-04  0.84597840395561E-04 -0.29936225360205E-05 -0.13867162882486E-04 -0.44915206057436E-04  0.19421154872509E-03
   0.50280585278152E-04 -0.42261158363889E-05 -0.98523513746716E-03  0.31953341967301E-04 -0.17108756828204E-04  0.93696144794851E-04 -0.24650213607887E-03  0.25705123117688E-04  0.19348797584724E-04 -0.27038220665922E-03 -0.46089981840533E-02  0.13011748423802E-04 -0.30624449624290E-03 -0.27243245138592E-02 -0.25058640550712E-04  0.30205137285170E-04  0.18586909492529E-03 -0.26923803166476E-03  0.32197446929122E-06  0.21676097077924E-05 -0.64683494078603E-04  0.28325878989406E-06  0.13420062599335E-04  0.88790865087492E-05  0.78336843256290E-05  0.44918428202016E-05  0.89512517108914E-05  0.91772123506681E-05  0.82060335841957E-05  0.58030562170707E-06  0.17588407566147E-05  0.93582631802048E-05  0.84217092086284E-05  0.78218675267338E-05 -0.53472290016489E-07  0.23083760690075E-08  0.39331704332191E-06  0.15744827842694E-05  0.12747167475970E-04  0.84577200568786E-06
   0.34276887830795E-04 -0.29528152088103E-05 -0.67580432979286E-03  0.18643799927466E-04 -0.24369551894304E-04  0.71254373140990E-04 -0.17132511773940E-03  0.19348797584724E-04  0.15383985578663E-04 -0.18513055289441E-03 -0.33770028071240E-02  0.73369688528167E-05 -0.19983033697383E-03 -0.20997963715152E-02 -0.32865493875811E-04 -0.23115650653479E-03  0.15201241326430E-03 -0.24410776108656E-03  0.24155683761560E-06  0.13786267575409E-05 -0.47431640924499E-04  0.25101190975738E-05  0.86234809746864E-05  0.58193000774847E-05  0.50952504626747E-05  0.18796572739565E-05  0.62340136636960E-05  0.59160175576522E-05  0.52361470489636E-05 -0.73347179439969E-06  0.24402493221117E-06  0.64672100446610E-05  0.54004135610171E-05  0.50166297266120E-05  0.96560410408062E-06  0.87852328962984E-06  0.24234778832706E-06  0.22831245772309E-06  0.81952067333169E-05  0.45821037788250E-06
  -0.76587910342649E-03  0.52490247838056E-03  0.19638576892647E-01 -0.51978997868276E-03  0.26293941367343E-02 -0.18664731962468E-02  0.80279454701542E-02 -0.27038220665922E-03 -0.18513055289441E-03  0.21618327033648E-01  0.11318045742956E+00 -0.14807281662663E-02  0.29771984435164E-01 -0.79735770741104E-02 -0.40354010564198E-03 -0.38546721481234E-01 -0.85752252702678E-02  0.85084045031378E-02 -0.17663798259437E-04 -0.98011535683034E-04  0.50993818722796E-02 -0.11089249655190E-02 -0.66594453610794E-03 -0.60320569147714E-04 -0.14090496290904E-04 -0.17419752315590E-02  0.45573720768159E-04 -0.83584561196406E-04 -0.32534928067264E-04  0.30678193800491E-05  0.15476981848358E-04 -0.33740863299780E-04 -0.73310980598545E-04 -0.42917497696233E-04  0.48858555053735E-03  0.33895605737781E-03 -0.56498857065898E-05 -0.33305659268536E-04 -0.11902933259501E-03 -0.14644786957874E-03
  -0.11479139567832E-01  0.25350881796788E-02  0.25470278447555E+00 -0.88015783380644E-02  0.11332275664679E-01 -0.24806026926976E-01  0.84238538461471E-01 -0.46089981840533E-02 -0.33770028071240E-02  0.11318045742956E+00  0.12708104158408E+01 -0.74386981888295E-02  0.17263386441627E+00  0.32806930509959E+00 -0.62589116955091E-03 -0.20391342916412E+00 -0.43502328037270E-01  0.27898787039718E-01 -0.14681966866414E-03 -0.15755245503652E-02  0.45247547756176E-01 -0.19564972121671E-01 -0.42096190396630E-02 -0.39165696990554E-03  0.65085674385595E-04  0.28699930375849E-02  0.52849628826106E-03 -0.35753706948531E-03  0.13854182249145E-03  0.69936217023547E-02  0.70957981812790E-02 -0.17609356219055E-02 -0.19599209637933E-03  0.52300121846367E-04 -0.17149324096239E-03 -0.86753536197565E-03 -0.15636968226162E-04 -0.98418242997041E-04 -0.28041891838991E-03  0.52091858147372E-04
  -0.10317274608817E-03  0.92370672893427E-04  0.26863971304908E-02  0.34423117949408E-03  0.87856881321252E-03 -0.41033637372553E-05 -0.12840650448469E-02  0.13011748423801E-04  0.73369688528161E-05 -0.14807281662662E-02 -0.74386981888293E-02  0.26448261335965E-02 -0.29099606833878E-01 -0.71303974255143E-01  0.24228592271257E-03  0.13277630074377E-02 -0.62609633835576E-03  0.88310708683731E-03 -0.27439409285103E-05 -0.22526670641221E-04 -0.12191082275213E-02  0.53366887370704E-03 -0.20937965138614E-04 -0.82605253183079E-05 -0.13183466090259E-04  0.70535447562909E-04 -0.14667534533954E-04  0.45685127464576E-05 -0.69416224736455E-05  0.11601982421688E-03 -0.27766210880453E-04 -0.91927297501350E-05  0.16449643726553E-04 -0.23620899537028E-05  0.53683308174584E-05  0.10856376240020E-05 -0.95505548511402E-07  0.18228493087503E-05 -0.34179055668265E-05  0.43717347037288E-04
  -0.12961254263620E-02 -0.24660345940182E-03  0.29245412846954E-01 -0.34972347624670E-02 -0.64587295847307E-02 -0.74051953394609E-03  0.16957090961816E-01 -0.30624449624290E-03 -0.19983033697384E-03  0.29771984435164E-01  0.17263386441628E+00 -0.29099606833878E-01  0.46688623268898E+00  0.90690601291893E+00 -0.35308774829436E-02 -0.33262550107825E-01  0.11411274521732E-01 -0.20517601121847E-01  0.14869617655126E-04  0.78279630740154E-03  0.14150752280501E-01 -0.60518127079290E-02  0.11865997312571E-02  0.26238161723025E-03  0.30816422554571E-03 -0.72666890362132E-03  0.32275970834231E-03  0.11761978930878E-03  0.24781183284224E-03  0.12124920059872E-02  0.12806837004006E-02  0.93562225938662E-04 -0.58765267596788E-04  0.15286041865916E-03 -0.39587034000062E-03 -0.34372679995851E-03  0.95994443377164E-05  0.34087659720786E-04  0.24998605043256E-04 -0.90448827834704E-03
  -0.21077256840344E-02  0.72255815972757E-02  0.12967842443245E+00  0.53188134140938E-01  0.27756069007991E+00 -0.21590285682726E+00  0.16828311474534E+00 -0.27243245138590E-02 -0.20997963715151E-02 -0.79735770741158E-02  0.32806930509954E+00 -0.71303974255143E-01  0.90690601291893E+00  0.32168883602169E+02  0.21587690413706E-01  0.17118999017259E+01 -0.37178232450119E-01  0.35152818214159E+00 -0.53198564328508E-03  0.10121449141664E-01 -0.19173643409613E+00  0.93555151984741E-01  0.20794563296243E-01  0.31283415903517E-02  0.18687930906252E-02  0.68466149695107E-02  0.76754478176122E-02  0.32189323020669E-02  0.18589177666565E-02  0.12022978528191E-01  0.20852481311985E-02  0.31579752371574E-02  0.26137364437422E-02  0.96926134936970E-03  0.10508367266429E-02  0.21260396625691E-02  0.16323851290852E-03  0.56425318547798E-03 -0.15350347568434E-02 -0.39948520786683E-02
   0.11372261358984E-03 -0.13272762773662E-04 -0.21259838936168E-02  0.50654439608049E-03  0.15463888029505E-02 -0.66021447158257E-03 -0.57165105615665E-03 -0.25058640550708E-04 -0.32865493875809E-04 -0.40354010564209E-03 -0.62589116955182E-03  0.24228592271256E-03 -0.35308774829436E-02  0.21587690413706E-01  0.14457766632457E-02  0.29773419340717E-01 -0.30860672570540E-02  0.83855839294168E-02 -0.91901277872931E-06  0.32100034144953E-04  0.21254001564249E-03  0.14252676049110E-03  0.16184086422197E-04  0.19977454805273E-04  0.18597898384321E-04 -0.25918356629514E-04 -0.26645425176269E-04  0.28115758653962E-04  0.26408472896509E-04 -0.45489728211179E-04 -0.59396913295987E-04  0.15682623891406E-04  0.24693925424901E-04  0.21790250665878E-04  0.11862810749779E-05  0.91350590231657E-05  0.11694357448651E-05  0.46215822426268E-05  0.18462076072594E-04 -0.41402940268787E-05
   0.22114950703576E-02  0.37309124484657E-03 -0.29762482709941E-01  0.16110543516145E-01  0.54562219702132E-01 -0.31496488610622E-01 -0.44467593736683E-03  0.30205137285264E-04 -0.23115650653472E-03 -0.38546721481236E-01 -0.20391342916414E+00  0.13277630074375E-02 -0.33262550107822E-01  0.17118999017259E+01  0.29773419340716E-01  0.12643968594732E+01  0.81828951765043E-02  0.17507131085128E+00 -0.92099652924948E-04  0.32582894467034E-02 -0.52427615005281E-01  0.31993280375613E-01  0.55383168926573E-02  0.72266861536927E-03  0.74932537505052E-03 -0.60020065288889E-03 -0.16025968866676E-03  0.13469968778883E-02  0.12647256427816E-02 -0.31393583025364E-03 -0.92294958138467E-03  0.78577260455981E-03  0.13785572895327E-02  0.11326263662213E-02 -0.29244211276734E-02 -0.11412364438512E-02  0.42267840515604E-04  0.20187689650910E-03  0.38725407270061E-03  0.11699693863394E-03
   0.25182319284057E-03  0.12480642838772E-03 -0.30569877580604E-02 -0.53237498070885E-03 -0.28885500681248E-02  0.15809207635349E-02 -0.50067568136049E-03  0.18586909492528E-03  0.15201241326429E-03 -0.85752252702675E-02 -0.43502328037267E-01 -0.62609633835575E-03  0.11411274521733E-01 -0.37178232450127E-01 -0.30860672570542E-02  0.81828951764964E-02  0.25787367157055E-01 -0.38717264056840E-01 -0.43736284800782E-05  0.28714405897705E-03 -0.12312520183054E-01  0.29502273605953E-02  0.14094867037743E-02  0.11206874647871E-03  0.94706283620108E-04  0.48458926657774E-03  0.18990881580377E-03  0.17896050732931E-03  0.15332531775181E-03  0.53582540985694E-03  0.53763479986719E-03  0.18384452400131E-04  0.21586701440573E-03  0.16985729598025E-03 -0.11721815330186E-02 -0.88107206228045E-03  0.11375821393517E-04  0.48505590962793E-04  0.24925270283050E-03  0.15230784029933E-03
  -0.49875834414181E-03 -0.12211894930317E-03  0.80406324718273E-02  0.27673830286549E-02  0.11670427476233E-01 -0.73966277954964E-02  0.19575131914024E-02 -0.26923803166474E-03 -0.24410776108654E-03  0.85084045031368E-02  0.27898787039710E-01  0.88310708683725E-03 -0.20517601121847E-01  0.35152818214160E+00  0.83855839294171E-02  0.17507131085129E+00 -0.38717264056839E-01  0.89143756130616E-01 -0.64468989434601E-05  0.11001145829951E-03  0.10295590298487E-01  0.20787012343694E-02 -0.16105528466734E-02 -0.20203287194999E-03 -0.16101098870890E-03 -0.13069232331889E-02 -0.41669433372915E-03 -0.22539827749343E-03 -0.19534957932577E-03 -0.12647148252968E-02 -0.13712532746659E-02  0.11087210307319E-03 -0.27484089670710E-03 -0.23094184187969E-03  0.17674932779584E-02  0.15977073074224E-02 -0.21001855719214E-04 -0.86292116264406E-04 -0.57593153773026E-03 -0.28406633047968E-03
   0.23008849609085E-05 -0.36166499941793E-05 -0.72063995045387E-04 -0.77692863167126E-05 -0.83877826498325E-04  0.38505268499463E-04 -0.67460086214560E-04  0.32197446929121E-06  0.24155683761560E-06 -0.17663798259437E-04 -0.14681966866413E-03 -0.27439409285102E-05  0.14869617655127E-04 -0.53198564328509E-03 -0.91901277872949E-06 -0.92099652924949E-04 -0.43736284800775E-05 -0.64468989434609E-05  0.66758340127944E-06  0.14293225929566E-06 -0.40479380033854E-05  0.70826264600366E-05 -0.21831247583330E-05 -0.33126917246311E-06  0.16971826765873E-06  0.11672029602722E-07 -0.40287962347276E-06 -0.44109037943059E-07  0.36082874396360E-06 -0.18288255836214E-05 -0.13957601385476E-05  0.61786774583211E-07  0.10807602440644E-06  0.76327081271728E-06  0.36925133455542E-06  0.34280591464549E-06 -0.98878158569338E-08 -0.46707727872314E-07 -0.31606619212865E-06 -0.85042035532572E-06
  -0.10829068990045E-05  0.19213297612126E-06  0.94016416198162E-04  0.77995712682311E-04  0.14339103028147E-03 -0.10790804597223E-03 -0.15927008703050E-03  0.21676097077924E-05  0.13786267575410E-05 -0.98011535683036E-04 -0.15755245503652E-02 -0.22526670641221E-04  0.78279630740155E-03  0.10121449141663E-01  0.32100034144949E-04  0.32582894467033E-02  0.28714405897707E-03  0.11001145829947E-03  0.14293225929565E-06  0.50323905265082E-04 -0.39295607449381E-03  0.23507833002582E-03  0.94223186328175E-04 -0.85075436583541E-07  0.50482043521812E-05 -0.40357409274189E-04 -0.29277900023766E-05  0.14044993878623E-06  0.28700756552401E-05 -0.10499922050305E-04 -0.20419092512481E-04  0.48926978248188E-05 -0.27652610905002E-05 -0.16587754970361E-05 -0.60437767734467E-05  0.52417213272404E-06 -0.69697381637200E-07 -0.43502384443708E-06 -0.61505350639799E-05 -0.95453016754162E-05
   0.42504911064827E-03 -0.15319707593157E-02 -0.17188631073785E-01 -0.25385055563730E-02 -0.93075862694701E-02  0.57754572495878E-02 -0.17718739127474E-02 -0.64683494078591E-04 -0.47431640924491E-04  0.50993818722794E-02  0.45247547756173E-01 -0.12191082275213E-02  0.14150752280500E-01 -0.19173643409613E+00  0.21254001564260E-03 -0.52427615005278E-01 -0.12312520183055E-01  0.10295590298488E-01 -0.40479380033835E-05 -0.39295607449381E-03  0.57526384430485E-01 -0.18522429539739E-01 -0.26209234039921E-02 -0.32026514021586E-04 -0.11683015078249E-04  0.76627496016584E-03  0.57752478682110E-04 -0.51353002390803E-04 -0.28991932421625E-04  0.36003294937056E-03  0.56189999351919E-03 -0.40229542737356E-04 -0.30273302051227E-03 -0.23424964799804E-03  0.53411471674203E-03  0.27321208987333E-03  0.85451154892483E-06  0.30146114749518E-05  0.91265255836617E-04 -0.31108993407833E-04
  -0.45739472948546E-03  0.38339157117302E-03  0.11115473426903E-01  0.72063852792000E-03  0.18316433913768E-02 -0.17951015096240E-02 -0.34203506833112E-03  0.28325878989072E-06  0.25101190975715E-05 -0.11089249655189E-02 -0.19564972121671E-01  0.53366887370704E-03 -0.60518127079288E-02  0.93555151984743E-01  0.14252676049108E-03  0.31993280375613E-01  0.29502273605954E-02  0.20787012343693E-02  0.70826264600357E-05  0.23507833002582E-03 -0.18522429539738E-01  0.91118680365209E-02  0.26168763228128E-03 -0.82321396996701E-04 -0.80161142969120E-04 -0.66549725842214E-03 -0.11451518059207E-03 -0.35089886659646E-06 -0.10475116855045E-04 -0.37762276846009E-03 -0.48254271261681E-03  0.24208878404232E-04  0.59811343939193E-04  0.46528469766222E-04  0.71907777971205E-04  0.16938633936858E-03 -0.66501313510996E-05 -0.28463494264907E-04 -0.20746294128610E-03 -0.34931911046431E-04
   0.76576238657722E-04  0.69417751773097E-04 -0.88496807201403E-03  0.28973136091244E-03  0.10121528550590E-02 -0.48480396232377E-03  0.26222629713671E-04  0.13420062599335E-04  0.86234809746863E-05 -0.66594453610793E-03 -0.42096190396628E-02 -0.20937965138613E-04  0.11865997312572E-02  0.20794563296242E-01  0.16184086422178E-04  0.55383168926567E-02  0.14094867037743E-02 -0.16105528466736E-02 -0.21831247583330E-05  0.94223186328174E-04 -0.26209234039921E-02  0.26168763228129E-03  0.45990464358331E-03  0.27840545059694E-04  0.27741724936480E-04  0.10128163148222E-04  0.17618000535544E-04  0.10418538833140E-04  0.55632517422473E-05  0.40586688193807E-04  0.22582638354729E-04  0.10018086319294E-04  0.16650681577983E-04  0.26288031967273E-05 -0.99637533842835E-04 -0.79673585397095E-04  0.15788865212546E-05  0.63984760218226E-05  0.32832091229319E-04  0.71587125793210E-05
   0.47803115406331E-04  0.79739639313245E-05 -0.70956950260919E-03  0.60724688130576E-04  0.17077818178324E-03 -0.24719386879816E-04 -0.61648093440164E-04  0.88790865087493E-05  0.58193000774849E-05 -0.60320569147715E-04 -0.39165696990556E-03 -0.82605253183075E-05  0.26238161723026E-03  0.31283415903515E-02  0.19977454805269E-04  0.72266861536916E-03  0.11206874647872E-03 -0.20203287195002E-03 -0.33126917246308E-06 -0.85075436583637E-07 -0.32026514021595E-04 -0.82321396996700E-04  0.27840545059695E-04  0.29285426569746E-04  0.19138249027732E-04  0.48517027251110E-04  0.17571750641293E-04  0.22426879677406E-04  0.21327296654646E-04  0.46936955599729E-04  0.47032374241230E-04  0.81185926588294E-05  0.22046471163815E-04  0.19853888794789E-04 -0.17203409094454E-04 -0.19099618169774E-04  0.82540346510630E-06  0.32848662948112E-05  0.24582582235410E-04  0.41654956295147E-05
   0.40010806857868E-04  0.59467216878534E-05 -0.57617705467421E-03  0.55279814543008E-04  0.12619626909300E-03 -0.30739592412644E-04 -0.60268141010546E-04  0.78336843256291E-05  0.50952504626748E-05 -0.14090496290906E-04  0.65085674385574E-04 -0.13183466090259E-04  0.30816422554571E-03  0.18687930906250E-02  0.18597898384317E-04  0.74932537505042E-03  0.94706283620119E-04 -0.16101098870893E-03  0.16971826765876E-06  0.50482043521811E-05 -0.11683015078258E-04 -0.80161142969119E-04  0.27741724936480E-04  0.19138249027732E-04  0.37887973943806E-04  0.50575444429082E-04  0.17897831502569E-04  0.20815709434042E-04  0.25531087341344E-04  0.49147694992863E-04  0.50450896658507E-04  0.67583857488703E-05  0.20166213073351E-04  0.23761898318427E-04 -0.16660182594699E-04 -0.18419742423328E-04  0.79668976208674E-06  0.32871044234678E-05  0.24289838631337E-04 -0.10092418344416E-05
  -0.49964166187435E-04 -0.48063636851480E-04  0.11157143239056E-02 -0.85538566036537E-04 -0.23545728979387E-03 -0.13577197911802E-03  0.37749412479365E-03  0.44918428202015E-05  0.18796572739564E-05 -0.17419752315590E-02  0.28699930375849E-02  0.70535447562908E-04 -0.72666890362132E-03  0.68466149695106E-02 -0.25918356629514E-04 -0.60020065288898E-03  0.48458926657772E-03 -0.13069232331889E-02  0.11672029602713E-07 -0.40357409274190E-04  0.76627496016586E-03 -0.66549725842215E-03  0.10128163148221E-04  0.48517027251110E-04  0.50575444429082E-04  0.80864320750321E-03  0.59110643861724E-04  0.54351742887797E-04  0.57537380080505E-04  0.30802699202096E-03  0.31313011722310E-03 -0.11119910070223E-04  0.52862857465752E-04  0.53271074944791E-04 -0.72607418246333E-04 -0.77488108704962E-04  0.23501378831907E-05  0.11023548329584E-04  0.78575210823945E-04  0.36777187906961E-04
   0.31264393110472E-04  0.40171189043060E-05 -0.42846664691751E-03  0.34037106335419E-04  0.15638745921990E-03 -0.84786005276043E-04  0.11986192106338E-03  0.89512517108915E-05  0.62340136636960E-05  0.45573720768160E-04  0.52849628826106E-03 -0.14667534533954E-04  0.32275970834231E-03  0.76754478176120E-02 -0.26645425176272E-04 -0.16025968866687E-03  0.18990881580377E-03 -0.41669433372917E-03 -0.40287962347273E-06 -0.29277900023768E-05  0.57752478682109E-04 -0.11451518059207E-03  0.17618000535544E-04  0.17571750641293E-04  0.17897831502569E-04  0.59110643861724E-04  0.56940098556919E-04  0.19389456556860E-04  0.20020124733534E-04  0.61969120024982E-04  0.61438545561446E-04  0.59526285073551E-05  0.18764613237071E-04  0.18257942857510E-04 -0.17630628597230E-04 -0.19491900973056E-04  0.87863934861500E-06  0.37546701970056E-05  0.25816450417946E-04  0.44043339751882E-05
   0.47995290394401E-04  0.15831224055408E-05 -0.70434889136202E-03  0.64500696329535E-04  0.14300312555848E-03 -0.19006199294689E-04 -0.96030662144665E-04  0.91772123506683E-05  0.59160175576524E-05 -0.83584561196408E-04 -0.35753706948533E-03  0.45685127464580E-05  0.11761978930879E-03  0.32189323020666E-02  0.28115758653957E-04  0.13469968778881E-02  0.17896050732933E-03 -0.22539827749347E-03 -0.44109037943028E-07  0.14044993878609E-06 -0.51353002390811E-04 -0.35089886659603E-06  0.10418538833141E-04  0.22426879677406E-04  0.20815709434042E-04  0.54351742887797E-04  0.19389456556860E-04  0.30358238217962E-04  0.27045813376213E-04  0.55431114363538E-04  0.55159046359298E-04  0.83714079094828E-05  0.28202332117025E-04  0.25516705278334E-04 -0.21883725761734E-04 -0.22918596664557E-04  0.91413330950699E-06  0.36932456452029E-05  0.26895758780334E-04  0.59536841026156E-05
   0.41816507705501E-04  0.37405073012611E-05 -0.58749572168675E-03  0.58132646944824E-04  0.92582842960821E-04 -0.12939515228610E-04 -0.11116224293209E-03  0.82060335841958E-05  0.52361470489638E-05 -0.32534928067267E-04  0.13854182249142E-03 -0.69416224736452E-05  0.24781183284224E-03  0.18589177666563E-02  0.26408472896505E-04  0.12647256427815E-02  0.15332531775182E-03 -0.19534957932581E-03  0.36082874396363E-06  0.28700756552400E-05 -0.28991932421634E-04 -0.10475116855044E-04  0.55632517422478E-05  0.21327296654646E-04  0.25531087341344E-04  0.57537380080505E-04  0.20020124733534E-04  0.27045813376213E-04  0.33721206344760E-04  0.57575422239048E-04  0.58889081262421E-04  0.69198540150218E-05  0.26416151825780E-04  0.31429183843966E-04 -0.22353849401273E-04 -0.23334605561279E-04  0.91573252642094E-06  0.38371185053637E-05  0.27362499828201E-04 -0.69843134705955E-06
  -0.58782019584318E-04  0.21259650145835E-04  0.19107224427424E-02  0.98123033757732E-05  0.26745492592237E-03 -0.25236328645255E-03  0.58761961946784E-03  0.58030562170679E-06 -0.73347179439987E-06  0.30678193800617E-05  0.69936217023548E-02  0.11601982421688E-03  0.12124920059872E-02  0.12022978528191E-01 -0.45489728211180E-04 -0.31393583025380E-03  0.53582540985692E-03 -0.12647148252968E-02 -0.18288255836215E-05 -0.10499922050306E-04  0.36003294937058E-03 -0.37762276846010E-03  0.40586688193805E-04  0.46936955599729E-04  0.49147694992863E-04  0.30802699202096E-03  0.61969120024982E-04  0.55431114363537E-04  0.57575422239047E-04  0.34571385073720E-03  0.25096761967060E-03 -0.13945784409464E-05  0.55505665500091E-04  0.52408092617220E-04 -0.67384804485450E-04 -0.71751971920660E-04  0.23376270681859E-05  0.10698621397367E-04  0.68991966084298E-04  0.19121018135834E-04
