 Correlated errors added in quadrature with statistical errors
 jl00106F2p DIS data with   1.69< Q2 < 0.500D+03 and 0.000 < xB < 1.000 and   3.00< W2 < 0.100D+04 and 0.000 < y < 1.000
   GP TMC applied
   HT corrections, multiplicative C=C(xB)
 Correlated errors added in quadrature with statistical errors
 jl00106F2d DIS data with   1.69< Q2 < 0.500D+03 and 0.000 < xB < 1.000 and   3.00< W2 < 0.100D+04 and 0.000 < y < 1.000
   WBArel smearing  (WJC2) - fmKP free floating0 nuke corrections
   GP TMC applied
   HT corrections, multiplicative C=C(xB)
 Correlated errors added in quadrature with statistical errors
 slac_p     DIS data with   1.69< Q2 < 0.500D+03 and 0.000 < xB < 1.000 and   3.00< W2 < 0.100D+04 and 0.000 < y < 1.000
   GP TMC applied
   HT corrections, multiplicative C=C(xB)
 Correlated errors added in quadrature with statistical errors
 slac_d     DIS data with   1.69< Q2 < 0.500D+03 and 0.000 < xB < 1.000 and   3.00< W2 < 0.100D+04 and 0.000 < y < 1.000
   WBArel smearing  (WJC2) - fmKP free floating0 nuke corrections
   GP TMC applied
   HT corrections, multiplicative C=C(xB)
 Correlated errors treated separately from statistical errors
 BcdF2pCor  DIS data with   1.69< Q2 < 0.500D+03 and 0.000 < xB < 1.000 and   3.00< W2 < 0.100D+04 and 0.000 < y < 1.000
   GP TMC applied
   HT corrections, multiplicative C=C(xB)
 Correlated errors treated separately from statistical errors
 BcdF2dCor  DIS data with   1.69< Q2 < 0.500D+03 and 0.000 < xB < 1.000 and   3.00< W2 < 0.100D+04 and 0.000 < y < 1.000
   WBArel smearing  (WJC2) - fmKP free floating0 nuke corrections
   GP TMC applied
   HT corrections, multiplicative C=C(xB)
 Correlated errors treated separately from statistical errors
 NmcF2pCor  DIS data with   1.69< Q2 < 0.500D+03 and 0.000 < xB < 1.000 and   3.00< W2 < 0.100D+04 and 0.000 < y < 1.000
   GP TMC applied
   HT corrections, multiplicative C=C(xB)
 Correlated errors treated separately from statistical errors
 NmcRatCor  DIS data with   1.69< Q2 < 0.500D+03 and 0.000 < xB < 1.000 and   3.00< W2 < 0.100D+04 and 0.000 < y < 1.000
   WBArel smearing  (WJC2) - fmKP free floating0 nuke corrections
   GP TMC applied
   HT corrections, multiplicative C=C(xB)
 Correlated errors treated separately from statistical errors
 H_nc_el_c  DIS data with   1.69< Q2 < 0.100D+06 and 0.000 < xB < 1.000 and   3.00< W2 < 0.100D+08 and 0.000 < y < 1.000
   GP TMC applied
   HT corrections, multiplicative C=C(xB)
 Correlated errors treated separately from statistical errors
 H_nc_ps_c  DIS data with   1.69< Q2 < 0.100D+06 and 0.000 < xB < 1.000 and   3.00< W2 < 0.100D+08 and 0.000 < y < 1.000
   GP TMC applied
   HT corrections, multiplicative C=C(xB)
 Correlated errors treated separately from statistical errors
 H_cc_el_c  DIS data with   1.69< Q2 < 0.100D+06 and 0.000 < xB < 1.000 and   3.00< W2 < 0.100D+08 and 0.000 < y < 1.000
   GP TMC applied
   HT corrections, multiplicative C=C(xB)
 Correlated errors treated separately from statistical errors
 H_cc_ps_c  DIS data with   1.69< Q2 < 0.100D+06 and 0.000 < xB < 1.000 and   3.00< W2 < 0.100D+08 and 0.000 < y < 1.000
   GP TMC applied
   HT corrections, multiplicative C=C(xB)
 Correlated errors added in quadrature with statistical errors
 BNS_F2nd   DIS data with   1.69< Q2 < 0.100D+06 and 0.000 < xB < 1.000 and   3.00< W2 < 0.100D+08 and 0.000 < y < 1.000
   WBArel smearing  (WJC2) - fmKP free floating0 nuke corrections
   GP TMC applied
   HT corrections, multiplicative C=C(xB)
 Correlated errors added in quadrature with statistical errors
 e605       vector boson data with Q2 >=   0.00
 Correlated errors added in quadrature with statistical errors
 e866pp06xf vector boson data with Q2 >=  36.00
 Correlated errors added in quadrature with statistical errors
 e866pd06xf vector boson data with Q2 >=  36.00
 Correlated errors added in quadrature with statistical errors
 e866rat    vector boson data with Q2 >=  36.00
 Correlated errors added in quadrature with statistical errors
 cdfLasy05  vector boson data with Q2 >=   0.00
 Correlated errors added in quadrature with statistical errors
 d0Lasy_e15 vector boson data with Q2 >=   0.00
 Correlated errors added in quadrature with statistical errors
 d0Lasy13   vector boson data with Q2 >=   0.00
 Correlated errors added in quadrature with statistical errors
 CDF_Wasy   vector boson data with Q2 >=   0.00
 Correlated errors added in quadrature with statistical errors
 D0_Wasy    vector boson data with Q2 >=   0.00
 Correlated errors added in quadrature with statistical errors
 CDF_Z      vector boson data with Q2 >=   0.00
 Correlated errors added in quadrature with statistical errors
 D0_Z       vector boson data with Q2 >=   0.00
 Correlated errors added in quadrature with statistical errors
 d0run2coneJet data - errors added in quadrature
 Correlated errors added in quadrature with statistical errors
 CDFrun2jetJet data - errors added in quadrature
 Correlated errors added in quadrature with statistical errors
 d0_gamjet1 Photon data -- cuts to be written yet ...
 Correlated errors added in quadrature with statistical errors
 d0_gamjet2 Photon data -- cuts to be written yet ...
 Correlated errors added in quadrature with statistical errors
 d0_gamjet3 Photon data -- cuts to be written yet ...
 Correlated errors added in quadrature with statistical errors
 d0_gamjet4 Photon data -- cuts to be written yet ...

# fitpack10: fit output
# CJ15_WJC2                                                                    

Parametrization   7 used here

 S-ACOT scheme used  for NC DIS

 charm mass =     1.30 GeV     bottom mass =     4.50 GeV



 THIS IS A NEXT TO LEADING ORDER FIT

 Q02=    1.69
         1  LAMBDA      VALUE=   0.22680      WEIGHT=    0.0000    
         2  a0uv        VALUE=    2.4992      WEIGHT=    0.0000    
         3  a1uv        VALUE=   0.62338      WEIGHT=   0.38544E-01
         4  a2uv        VALUE=    3.5331      WEIGHT=   0.22785E-01
         5  a3uv        VALUE=    0.0000      WEIGHT=    0.0000    
         6  a4uv        VALUE=    3.2403      WEIGHT=   0.48605    
         7  a5uv        VALUE=    0.0000      WEIGHT=    0.0000    
         8  a0dv        VALUE=    23.078      WEIGHT=    0.0000    
         9  a1dv        VALUE=    1.1405      WEIGHT=   0.35169E-01
        10  a2dv        VALUE=    6.5926      WEIGHT=   0.16161    
        11  a3dv        VALUE=   -3.5426      WEIGHT=   0.93890E-01
        12  a4dv        VALUE=    4.8606      WEIGHT=   0.15796    
        13  a5dv        VALUE=    0.0000      WEIGHT=    0.0000    
        14  a0ud        VALUE=   0.14322      WEIGHT=   0.51056E-02
        15  a1ud        VALUE=  -0.21645      WEIGHT=   0.39322E-02
        16  a2ud        VALUE=    8.3890      WEIGHT=   0.15653    
        17  a3ud        VALUE=    0.0000      WEIGHT=    0.0000    
        18  a4ud        VALUE=    15.659      WEIGHT=    1.1632    
        19  a5ud        VALUE=    0.0000      WEIGHT=    0.0000    
        20  a0du        VALUE=    35712.      WEIGHT=    0.0000    
        21  a1du        VALUE=    3.9744      WEIGHT=   0.53487E-01
        22  a2du        VALUE=    20.307      WEIGHT=   0.68096    
        23  a3du        VALUE=    17.000      WEIGHT=    0.0000    
        24  a4du        VALUE=    46.763      WEIGHT=    5.2636    
        25  a0g         VALUE=    46.598      WEIGHT=    0.0000    
        26  a1g         VALUE=   0.61672      WEIGHT=   0.38244E-01
        27  a2g         VALUE=    6.1855      WEIGHT=    1.1772    
        28  a3g         VALUE=   -3.2497      WEIGHT=   0.17262    
        29  a4g         VALUE=    2.9810      WEIGHT=   0.30817    
        30  a5g         VALUE=    0.0000      WEIGHT=    0.0000    
        31  kappa       VALUE=   0.40000      WEIGHT=    0.0000    
        32  a6dv        VALUE=  -0.41537E-02  WEIGHT=   0.74758E-03
        33  a7dv        VALUE=    2.0000      WEIGHT=    0.0000    
        34  off1        VALUE=  -0.62917E-02  WEIGHT=   0.10000E-02
        35  dummy35     VALUE=    0.0000      WEIGHT=    0.0000    
        36  ht1         VALUE=   -2.9782      WEIGHT=   0.23859    
        37  ht2         VALUE=    1.7289      WEIGHT=   0.10261    
        38  ht3         VALUE=   -2.0871      WEIGHT=   0.27045E-01
        39  ht4         VALUE=    0.0000      WEIGHT=    0.0000    
        40  dummy40     VALUE=    0.0000      WEIGHT=    0.0000    
        41  dummy41     VALUE=    0.0000      WEIGHT=    0.0000    
        42  dummy42     VALUE=    0.0000      WEIGHT=    0.0000    
        43  dummy43     VALUE=    0.0000      WEIGHT=    0.0000    
        44  dummy44     VALUE=    0.0000      WEIGHT=    0.0000    
        45  dummy45     VALUE=    0.0000      WEIGHT=    0.0000    
        46  dummy46     VALUE=    0.0000      WEIGHT=    0.0000    
        47  dummy47     VALUE=    0.0000      WEIGHT=    0.0000    
        48  dummy48     VALUE=    0.0000      WEIGHT=    0.0000    
        49  dummy49     VALUE=    0.0000      WEIGHT=    0.0000    
        50  bcdmsh2     VALUE=   0.97335      WEIGHT=   0.54696E-02
        51  bcdmsd2     VALUE=   0.99612      WEIGHT=   0.61678E-02
        52  ccfr        VALUE=    1.0000      WEIGHT=    0.0000    
        53  nutev       VALUE=    1.0000      WEIGHT=    0.0000    
        54  zeus        VALUE=   0.97998      WEIGHT=    0.0000    
        55  h1          VALUE=    1.0162      WEIGHT=    0.0000    
        56  e605        VALUE=    1.0319      WEIGHT=   0.28168E-01
        57  NmcH2       VALUE=    1.0166      WEIGHT=   0.76221E-02
        58  ntv_nu      VALUE=    1.0000      WEIGHT=    0.0000    
        59  ntv_nubar   VALUE=    1.0000      WEIGHT=    0.0000    
        60  cdf_jet     VALUE=   0.98910      WEIGHT=    0.0000    
        61  d0_jet      VALUE=   0.83504      WEIGHT=    0.0000    
        62  slac_p      VALUE=    1.0041      WEIGHT=   0.56170E-02
        63  slac_d      VALUE=    1.0067      WEIGHT=   0.58266E-02
        64  e866pp      VALUE=   0.97702      WEIGHT=   0.18875E-01
        65  e866pd      VALUE=   0.99185      WEIGHT=   0.17294E-01
        66  d0_gamjet   VALUE=    1.0383      WEIGHT=   0.16556E-01
        67  h1b         VALUE=   0.97608      WEIGHT=    0.0000    
        68  jlab_p      VALUE=   0.99458      WEIGHT=   0.64986E-02
        69  jlab_d      VALUE=   0.97956      WEIGHT=   0.64393E-02
        70  blank       VALUE=    1.0000      WEIGHT=    0.0000    
        71  d0run2      VALUE=   0.93436      WEIGHT=   0.15710E-01
        72  cdfrun2     VALUE=   0.92014      WEIGHT=   0.18119E-01
        73  HERA_el     VALUE=   0.99986      WEIGHT=   0.34134E-02
        74  HERA_ps     VALUE=   0.99548      WEIGHT=   0.31439E-02
        75  CDF_Z       VALUE=   0.97653      WEIGHT=   0.69817E-02
        76  NmcRat      VALUE=    1.0000      WEIGHT=    0.0000    
        77  BNS_F2nd    VALUE=   0.98405      WEIGHT=   0.63432E-02
0THE TOLERANCE IS    0.5000
 THE MAXIMUM NUMBER OF STEPS IS 100
0THE INITIAL CHI SQUARED IS  3.9742E+03
0  STEP  CHI SQUARED    PARAMETER      VALUE         ERROR
 ------------------------------------------------------------
     1    3.9705E+03
                       1  LAMBDA     2.2680E-01       FIX 
                       2  a0uv       2.4999E+00       FIX 
                       3  a1uv       6.2355E-01           
                       4  a2uv       3.5348E+00           
                       5  a3uv       0.0000E+00       FIX 
                       6  a4uv       3.2460E+00           
                       7  a5uv       0.0000E+00       FIX 
                       8  a0dv       2.3216E+01       FIX 
                       9  a1dv       1.1416E+00           
                      10  a2dv       6.5722E+00           
                      11  a3dv      -3.5498E+00           
                      12  a4dv       4.8589E+00           
                      13  a5dv       0.0000E+00       FIX 
                      14  a0ud       1.4323E-01           
                      15  a1ud      -2.1646E-01           
                      16  a2ud       8.3908E+00           
                      17  a3ud       0.0000E+00       FIX 
                      18  a4ud       1.5658E+01           
                      19  a5ud       0.0000E+00       FIX 
                      20  a0du       3.5712E+04       FIX 
                      21  a1du       3.9831E+00           
                      22  a2du       2.0277E+01           
                      23  a3du       1.7000E+01       FIX 
                      24  a4du       4.7423E+01           
                      25  a0g        4.6773E+01       FIX 
                      26  a1g        6.1761E-01           
                      27  a2g        6.2014E+00           
                      28  a3g       -3.2486E+00           
                      29  a4g        2.9792E+00           
                      30  a5g        0.0000E+00       FIX 
                      31  kappa      4.0000E-01       FIX 
                      32  a6dv      -3.8525E-03           
                      33  a7dv       2.0000E+00       FIX 
                      34  off1      -5.2926E-03           
                      35  dummy35    0.0000E+00       FIX 
                      36  ht1       -2.9767E+00           
                      37  ht2        1.7178E+00           
                      38  ht3       -2.0903E+00           
                      39  ht4        0.0000E+00       FIX 
                      40  dummy40    0.0000E+00       FIX 
                      41  dummy41    0.0000E+00       FIX 
                      42  dummy42    0.0000E+00       FIX 
                      43  dummy43    0.0000E+00       FIX 
                      44  dummy44    0.0000E+00       FIX 
                      45  dummy45    0.0000E+00       FIX 
                      46  dummy46    0.0000E+00       FIX 
                      47  dummy47    0.0000E+00       FIX 
                      48  dummy48    0.0000E+00       FIX 
                      49  dummy49    0.0000E+00       FIX 
                      50  bcdmsh2    9.7360E-01           
                      51  bcdmsd2    9.8769E-01           
                      52  ccfr       1.0000E+00       FIX 
                      53  nutev      1.0000E+00       FIX 
                      54  zeus       9.7998E-01       FIX 
                      55  h1         1.0162E+00       FIX 
                      56  e605       1.0315E+00           
                      57  NmcH2      1.0168E+00           
                      58  ntv_nu     1.0000E+00       FIX 
                      59  ntv_nuba   1.0000E+00       FIX 
                      60  cdf_jet    9.8910E-01       FIX 
                      61  d0_jet     8.3504E-01       FIX 
                      62  slac_p     1.0043E+00           
                      63  slac_d     1.0066E+00           
                      64  e866pp     9.7843E-01           
                      65  e866pd     9.9174E-01           
                      66  d0_gamje   1.0384E+00           
                      67  h1b        9.7608E-01       FIX 
                      68  jlab_p     9.9537E-01           
                      69  jlab_d     9.7749E-01           
                      70  blank      1.0000E+00       FIX 
                      71  d0run2     9.3433E-01           
                      72  cdfrun2    9.2011E-01           
                      73  HERA_el    9.9987E-01           
                      74  HERA_ps    9.9553E-01           
                      75  CDF_Z      9.7652E-01           
                      76  NmcRat     1.0000E+00       FIX 
                      77  BNS_F2nd   9.8548E-01           
 ------------------------------------------------------------
     2    3.9698E+03
                       1  LAMBDA     2.2680E-01       FIX 
                       2  a0uv       2.5001E+00       FIX 
                       3  a1uv       6.2363E-01           
                       4  a2uv       3.5347E+00           
                       5  a3uv       0.0000E+00       FIX 
                       6  a4uv       3.2476E+00           
                       7  a5uv       0.0000E+00       FIX 
                       8  a0dv       2.3228E+01       FIX 
                       9  a1dv       1.1420E+00           
                      10  a2dv       6.5688E+00           
                      11  a3dv      -3.5504E+00           
                      12  a4dv       4.8595E+00           
                      13  a5dv       0.0000E+00       FIX 
                      14  a0ud       1.4325E-01           
                      15  a1ud      -2.1646E-01           
                      16  a2ud       8.3891E+00           
                      17  a3ud       0.0000E+00       FIX 
                      18  a4ud       1.5663E+01           
                      19  a5ud       0.0000E+00       FIX 
                      20  a0du       3.5712E+04       FIX 
                      21  a1du       3.9839E+00           
                      22  a2du       2.0278E+01           
                      23  a3du       1.7000E+01       FIX 
                      24  a4du       4.7406E+01           
                      25  a0g        4.6800E+01       FIX 
                      26  a1g        6.1763E-01           
                      27  a2g        6.2048E+00           
                      28  a3g       -3.2488E+00           
                      29  a4g        2.9786E+00           
                      30  a5g        0.0000E+00       FIX 
                      31  kappa      4.0000E-01       FIX 
                      32  a6dv      -3.8880E-03           
                      33  a7dv       2.0000E+00       FIX 
                      34  off1      -4.7733E-03           
                      35  dummy35    0.0000E+00       FIX 
                      36  ht1       -2.9880E+00           
                      37  ht2        1.7114E+00           
                      38  ht3       -2.0922E+00           
                      39  ht4        0.0000E+00       FIX 
                      40  dummy40    0.0000E+00       FIX 
                      41  dummy41    0.0000E+00       FIX 
                      42  dummy42    0.0000E+00       FIX 
                      43  dummy43    0.0000E+00       FIX 
                      44  dummy44    0.0000E+00       FIX 
                      45  dummy45    0.0000E+00       FIX 
                      46  dummy46    0.0000E+00       FIX 
                      47  dummy47    0.0000E+00       FIX 
                      48  dummy48    0.0000E+00       FIX 
                      49  dummy49    0.0000E+00       FIX 
                      50  bcdmsh2    9.7377E-01           
                      51  bcdmsd2    9.8705E-01           
                      52  ccfr       1.0000E+00       FIX 
                      53  nutev      1.0000E+00       FIX 
                      54  zeus       9.7998E-01       FIX 
                      55  h1         1.0162E+00       FIX 
                      56  e605       1.0320E+00           
                      57  NmcH2      1.0169E+00           
                      58  ntv_nu     1.0000E+00       FIX 
                      59  ntv_nuba   1.0000E+00       FIX 
                      60  cdf_jet    9.8910E-01       FIX 
                      61  d0_jet     8.3504E-01       FIX 
                      62  slac_p     1.0046E+00           
                      63  slac_d     1.0061E+00           
                      64  e866pp     9.7902E-01           
                      65  e866pd     9.9214E-01           
                      66  d0_gamje   1.0384E+00           
                      67  h1b        9.7608E-01       FIX 
                      68  jlab_p     9.9610E-01           
                      69  jlab_d     9.7696E-01           
                      70  blank      1.0000E+00       FIX 
                      71  d0run2     9.3440E-01           
                      72  cdfrun2    9.2010E-01           
                      73  HERA_el    9.9987E-01           
                      74  HERA_ps    9.9554E-01           
                      75  CDF_Z      9.7662E-01           
                      76  NmcRat     1.0000E+00       FIX 
                      77  BNS_F2nd   9.8634E-01           
 ------------------------------------------------------------
     3    3.9698E+03
                       1  LAMBDA     2.2680E-01    0.0000E+00
                       2  a0uv       2.5001E+00    0.0000E+00
                       3  a1uv       6.2363E-01    1.8904E-02
                       4  a2uv       3.5347E+00    1.1741E-02
                       5  a3uv       0.0000E+00    0.0000E+00
                       6  a4uv       3.2477E+00    3.7340E-01
                       7  a5uv       0.0000E+00    0.0000E+00
                       8  a0dv       2.3228E+01    0.0000E+00
                       9  a1dv       1.1420E+00    3.6399E-02
                      10  a2dv       6.5688E+00    1.6284E-01
                      11  a3dv      -3.5504E+00    9.1917E-02
                      12  a4dv       4.8596E+00    1.4574E-01
                      13  a5dv       0.0000E+00    0.0000E+00
                      14  a0ud       1.4325E-01    5.0801E-03
                      15  a1ud      -2.1646E-01    3.9189E-03
                      16  a2ud       8.3891E+00    1.4844E-01
                      17  a3ud       0.0000E+00    0.0000E+00
                      18  a4ud       1.5663E+01    1.1258E+00
                      19  a5ud       0.0000E+00    0.0000E+00
                      20  a0du       3.5712E+04    0.0000E+00
                      21  a1du       3.9839E+00    5.0027E-02
                      22  a2du       2.0278E+01    6.7456E-01
                      23  a3du       1.7000E+01    0.0000E+00
                      24  a4du       4.7406E+01    5.8664E+00
                      25  a0g        4.6799E+01    0.0000E+00
                      26  a1g        6.1763E-01    3.8222E-02
                      27  a2g        6.2049E+00    1.1506E+00
                      28  a3g       -3.2488E+00    1.6496E-01
                      29  a4g        2.9786E+00    3.0440E-01
                      30  a5g        0.0000E+00    0.0000E+00
                      31  kappa      4.0000E-01    0.0000E+00
                      32  a6dv      -3.8885E-03    6.6071E-04
                      33  a7dv       2.0000E+00    0.0000E+00
                      34  off1      -4.7710E-03    3.5769E-03
                      35  dummy35    0.0000E+00    0.0000E+00
                      36  ht1       -2.9881E+00    2.2982E-01
                      37  ht2        1.7113E+00    9.4817E-02
                      38  ht3       -2.0922E+00    2.2531E-02
                      39  ht4        0.0000E+00    0.0000E+00
                      40  dummy40    0.0000E+00    0.0000E+00
                      41  dummy41    0.0000E+00    0.0000E+00
                      42  dummy42    0.0000E+00    0.0000E+00
                      43  dummy43    0.0000E+00    0.0000E+00
                      44  dummy44    0.0000E+00    0.0000E+00
                      45  dummy45    0.0000E+00    0.0000E+00
                      46  dummy46    0.0000E+00    0.0000E+00
                      47  dummy47    0.0000E+00    0.0000E+00
                      48  dummy48    0.0000E+00    0.0000E+00
                      49  dummy49    0.0000E+00    0.0000E+00
                      50  bcdmsh2    9.7377E-01    5.4076E-03
                      51  bcdmsd2    9.8705E-01    6.1674E-03
                      52  ccfr       1.0000E+00    0.0000E+00
                      53  nutev      1.0000E+00    0.0000E+00
                      54  zeus       9.7998E-01    0.0000E+00
                      55  h1         1.0162E+00    0.0000E+00
                      56  e605       1.0320E+00    2.8240E-02
                      57  NmcH2      1.0169E+00    7.5505E-03
                      58  ntv_nu     1.0000E+00    0.0000E+00
                      59  ntv_nuba   1.0000E+00    0.0000E+00
                      60  cdf_jet    9.8910E-01    0.0000E+00
                      61  d0_jet     8.3504E-01    0.0000E+00
                      62  slac_p     1.0046E+00    5.4832E-03
                      63  slac_d     1.0061E+00    5.7955E-03
                      64  e866pp     9.7902E-01    1.8499E-02
                      65  e866pd     9.9214E-01    1.6965E-02
                      66  d0_gamje   1.0384E+00    1.6553E-02
                      67  h1b        9.7608E-01    0.0000E+00
                      68  jlab_p     9.9610E-01    6.2587E-03
                      69  jlab_d     9.7696E-01    6.3568E-03
                      70  blank      1.0000E+00    0.0000E+00
                      71  d0run2     9.3440E-01    1.5391E-02
                      72  cdfrun2    9.2010E-01    1.7987E-02
                      73  HERA_el    9.9987E-01    3.4130E-03
                      74  HERA_ps    9.9554E-01    3.1402E-03
                      75  CDF_Z      9.7662E-01    6.8509E-03
                      76  NmcRat     1.0000E+00    0.0000E+00
                      77  BNS_F2nd   9.8634E-01    6.5848E-03
0 MINIMIZATION TERMINATED WITH STEP  3
  TOLERANCE CRITERION      SATISFIED
0 CHI SQUARED PER DEGREE OF FREEDOM IS  9.937E-01
   1.000 -0.336 -0.973  0.325  0.039  0.211 -0.438  0.501  0.441 -0.242 -0.496 -0.068 -0.123  0.008  0.149  0.091  0.083 -0.093  0.283 -0.046  0.070 -0.232  0.181  0.453  0.334 -0.085  0.209  0.441  0.367 -0.135 -0.066  0.111  0.321  0.299 -0.175 -0.159  0.036  0.146  0.483  0.069
  -0.336  1.000  0.508  0.202  0.335 -0.234  0.206 -0.103 -0.093  0.311  0.220  0.141 -0.002  0.106 -0.034  0.035  0.062 -0.023 -0.296  0.053 -0.534  0.353  0.242  0.104  0.066 -0.136  0.039  0.011  0.038  0.108  0.036  0.002  0.125  0.123 -0.028 -0.008 -0.001 -0.004 -0.018 -0.089
  -0.973  0.508  1.000 -0.228  0.052 -0.255  0.448 -0.464 -0.412  0.300  0.524  0.093  0.131  0.032 -0.129 -0.049 -0.045  0.073 -0.307  0.073 -0.156  0.274 -0.095 -0.314 -0.225  0.092 -0.132 -0.299 -0.240  0.228  0.151 -0.093 -0.182 -0.181  0.134  0.124 -0.029 -0.114 -0.378 -0.065
   0.325  0.202 -0.228  1.000  0.836 -0.634 -0.057  0.171  0.128 -0.087 -0.203  0.194 -0.150  0.253  0.365  0.388 -0.086  0.250  0.336  0.253 -0.285  0.199  0.370  0.314  0.249 -0.081  0.127  0.322  0.276  0.025 -0.047  0.054  0.268  0.179 -0.103 -0.083  0.021  0.103  0.254  0.012
   0.039  0.335  0.052  0.836  1.000 -0.884  0.461 -0.025 -0.042  0.124  0.075  0.110 -0.058  0.286  0.243  0.280 -0.118  0.239 -0.072  0.066 -0.214  0.098  0.258  0.191  0.126 -0.051  0.127  0.152  0.097  0.092  0.037  0.019  0.138 -0.004 -0.044 -0.037  0.012  0.062  0.152  0.075
   0.211 -0.234 -0.255 -0.634 -0.884  1.000 -0.692  0.212  0.205 -0.163 -0.265  0.012 -0.028 -0.378 -0.158 -0.266  0.102 -0.248  0.040 -0.091  0.220 -0.166 -0.206 -0.040 -0.043 -0.052 -0.122 -0.023 -0.010 -0.152 -0.122  0.015 -0.034  0.077 -0.004 -0.010 -0.002 -0.013 -0.025 -0.116
  -0.438  0.206  0.448 -0.057  0.461 -0.692  1.000 -0.342 -0.305  0.394  0.530 -0.190  0.195  0.168 -0.136 -0.043 -0.024  0.027 -0.486 -0.207 -0.004 -0.063 -0.046 -0.094 -0.080  0.089  0.104 -0.137 -0.147  0.213  0.252 -0.048 -0.083 -0.192  0.049  0.039 -0.007 -0.036 -0.058  0.186
   0.501 -0.103 -0.464  0.171 -0.025  0.212 -0.342  1.000  0.973 -0.360 -0.803  0.065 -0.102 -0.086 -0.130  0.008  0.231 -0.181  0.137  0.040 -0.063  0.009  0.131  0.322  0.248  0.032  0.229  0.325  0.276  0.014  0.026  0.110  0.257  0.238 -0.003 -0.001  0.022  0.098  0.364  0.033
   0.441 -0.093 -0.412  0.128 -0.042  0.205 -0.305  0.973  1.000 -0.318 -0.760  0.049 -0.086 -0.087 -0.220 -0.050  0.243 -0.211  0.114  0.033 -0.058  0.013  0.109  0.273  0.209  0.018  0.207  0.271  0.227 -0.003  0.008  0.098  0.213  0.197  0.014  0.012  0.018  0.018  0.302  0.024
  -0.242  0.311  0.300 -0.087  0.124 -0.163  0.394 -0.360 -0.318  1.000  0.687 -0.212  0.307 -0.017 -0.073 -0.251 -0.379  0.196 -0.182 -0.048  0.180 -0.123 -0.242 -0.072 -0.005 -0.410  0.050 -0.101 -0.029 -0.002  0.008 -0.014 -0.072 -0.034  0.221  0.128 -0.010 -0.068 -0.104 -0.163
  -0.496  0.220  0.524 -0.203  0.075 -0.265  0.530 -0.803 -0.760  0.687  1.000 -0.148  0.242  0.043 -0.013 -0.169 -0.255  0.090 -0.241 -0.155  0.195 -0.212 -0.198 -0.059  0.020  0.089  0.072 -0.052  0.029  0.327  0.367 -0.092 -0.017  0.016 -0.003 -0.041 -0.003 -0.024 -0.024 -0.007
  -0.068  0.141  0.093  0.194  0.110  0.012 -0.190  0.065  0.049 -0.212 -0.148  1.000 -0.830 -0.241  0.132  0.032 -0.069  0.056  0.029 -0.093 -0.090  0.098 -0.004 -0.014 -0.036  0.051 -0.028  0.032 -0.018  0.120 -0.032 -0.007  0.060 -0.007 -0.000 -0.005  0.001  0.016  0.006  0.141
  -0.123 -0.002  0.131 -0.150 -0.058 -0.028  0.195 -0.102 -0.086  0.307  0.242 -0.830  1.000  0.222 -0.142 -0.051  0.095 -0.097 -0.046  0.191  0.079 -0.084  0.061  0.060  0.070 -0.035  0.057  0.021  0.062  0.098  0.114  0.005 -0.017  0.040 -0.033 -0.024  0.003  0.013 -0.002 -0.209
   0.008  0.106  0.032  0.253  0.286 -0.378  0.168 -0.086 -0.087 -0.017  0.043 -0.241  0.222  1.000  0.100  0.266 -0.037  0.204  0.079  0.216 -0.137  0.164  0.176  0.114  0.059  0.044  0.187  0.113  0.063  0.110  0.025  0.036  0.078  0.032  0.004  0.015  0.009  0.035 -0.026 -0.098
   0.149 -0.034 -0.129  0.365  0.243 -0.158 -0.136 -0.130 -0.220 -0.073 -0.013  0.132 -0.142  0.100  1.000  0.690 -0.498  0.738  0.178  0.106  0.019  0.041  0.038  0.099  0.081 -0.023 -0.093  0.134  0.121 -0.059 -0.087  0.025  0.099  0.087 -0.003  0.011  0.009  0.039  0.072 -0.012
   0.091  0.035 -0.049  0.388  0.280 -0.266 -0.043  0.008 -0.050 -0.251 -0.169  0.032 -0.051  0.266  0.690  1.000  0.066  0.512  0.139  0.374 -0.218  0.322  0.284  0.125  0.105 -0.015 -0.018  0.223  0.193 -0.005 -0.038  0.042  0.189  0.149 -0.186 -0.066  0.011  0.057  0.052  0.033
   0.083  0.062 -0.045 -0.086 -0.118  0.102 -0.024  0.231  0.243 -0.379 -0.255 -0.069  0.095 -0.037 -0.498  0.066  1.000 -0.802 -0.081  0.216 -0.344  0.230  0.437  0.134  0.089  0.103  0.152  0.210  0.160  0.178  0.194  0.008  0.211  0.156 -0.478 -0.307  0.021  0.095  0.223  0.160
  -0.093 -0.023  0.073  0.250  0.239 -0.248  0.027 -0.181 -0.211  0.196  0.090  0.056 -0.097  0.204  0.738  0.512 -0.802  1.000  0.130  0.066  0.153  0.054 -0.242 -0.125 -0.083 -0.150 -0.181 -0.140 -0.108 -0.223 -0.263  0.022 -0.146 -0.117  0.378  0.294 -0.020 -0.091 -0.278 -0.149
   0.283 -0.296 -0.307  0.336 -0.072  0.040 -0.486  0.137  0.114 -0.182 -0.241  0.029 -0.046  0.079  0.178  0.139 -0.081  0.130  1.000  0.249 -0.205  0.220  0.115  0.081  0.147 -0.040  0.006  0.151  0.188 -0.098 -0.122  0.030  0.158  0.190 -0.021 -0.015  0.007  0.032  0.063 -0.120
  -0.046  0.053  0.073  0.253  0.066 -0.091 -0.207  0.040  0.033 -0.048 -0.155 -0.093  0.191  0.216  0.106  0.374  0.216  0.066  0.249  1.000 -0.242  0.354  0.578 -0.024  0.164 -0.204 -0.055 -0.033  0.139 -0.083 -0.162  0.035 -0.096  0.041 -0.051  0.007 -0.004 -0.021 -0.134 -0.317
   0.070 -0.534 -0.156 -0.285 -0.214  0.220 -0.004 -0.063 -0.058  0.180  0.195 -0.090  0.079 -0.137  0.019 -0.218 -0.344  0.153 -0.205 -0.242  1.000 -0.816 -0.514 -0.033 -0.007  0.111  0.032 -0.053 -0.022  0.087  0.142 -0.013 -0.209 -0.152  0.162  0.074  0.000  0.003  0.053 -0.035
  -0.232  0.353  0.274  0.199  0.098 -0.166 -0.063  0.009  0.013 -0.123 -0.212  0.098 -0.084  0.164  0.041  0.322  0.230  0.054  0.220  0.354 -0.816  1.000  0.186 -0.147 -0.136 -0.240 -0.157  0.014 -0.017 -0.215 -0.297  0.018  0.108  0.074  0.022  0.082 -0.020 -0.093 -0.312 -0.037
   0.181  0.242 -0.095  0.370  0.258 -0.206 -0.046  0.131  0.109 -0.242 -0.198 -0.004  0.061  0.176  0.038  0.284  0.437 -0.242  0.115  0.578 -0.514  0.186  1.000  0.244  0.195  0.016  0.101  0.107  0.040  0.104  0.063  0.031  0.116  0.000 -0.311 -0.208  0.021  0.092  0.214  0.080
   0.453  0.104 -0.314  0.314  0.191 -0.040 -0.094  0.322  0.273 -0.072 -0.059 -0.014  0.060  0.114  0.099  0.125  0.134 -0.125  0.081 -0.024 -0.033 -0.147  0.244  1.000  0.573  0.316  0.427  0.751  0.675  0.476  0.517  0.090  0.641  0.569 -0.207 -0.196  0.045  0.193  0.661  0.124
   0.334  0.066 -0.225  0.249  0.126 -0.043 -0.080  0.248  0.209 -0.005  0.020 -0.036  0.070  0.059  0.081  0.105  0.089 -0.083  0.147  0.164 -0.007 -0.136  0.195  0.573  1.000  0.290  0.384  0.612  0.713  0.436  0.488  0.065  0.517  0.603 -0.171 -0.164  0.038  0.170  0.575 -0.024
  -0.085 -0.136  0.092 -0.081 -0.051 -0.052  0.089  0.032  0.018 -0.410  0.089  0.051 -0.035  0.044 -0.023 -0.015  0.103 -0.150 -0.040 -0.204  0.111 -0.240  0.016  0.316  0.290  1.000  0.276  0.348  0.348  0.583  0.646 -0.022  0.296  0.291 -0.162 -0.149  0.024  0.124  0.404  0.193
   0.209  0.039 -0.132  0.127  0.127 -0.122  0.104  0.229  0.207  0.050  0.072 -0.028  0.057  0.187 -0.093 -0.018  0.152 -0.181  0.006 -0.055  0.032 -0.157  0.101  0.427  0.384  0.276  1.000  0.463  0.454  0.448  0.483  0.047  0.391  0.376 -0.148 -0.141  0.034  0.158  0.497  0.089
   0.441  0.011 -0.299  0.322  0.152 -0.023 -0.137  0.325  0.271 -0.101 -0.052  0.032  0.021  0.113  0.134  0.223  0.210 -0.140  0.151 -0.033 -0.053  0.014  0.107  0.751  0.612  0.348  0.463  1.000  0.845  0.551  0.595  0.091  0.808  0.723 -0.259 -0.231  0.048  0.212  0.708  0.171
   0.367  0.038 -0.240  0.276  0.097 -0.010 -0.147  0.276  0.227 -0.029  0.029 -0.018  0.062  0.063  0.121  0.193  0.160 -0.108  0.188  0.139 -0.022 -0.017  0.040  0.675  0.713  0.348  0.454  0.845  1.000  0.539  0.600  0.071  0.721  0.847 -0.245 -0.220  0.046  0.209  0.683 -0.017
  -0.135  0.108  0.228  0.025  0.092 -0.152  0.213  0.014 -0.003 -0.002  0.327  0.120  0.098  0.110 -0.059 -0.005  0.178 -0.223 -0.098 -0.083  0.087 -0.215  0.104  0.476  0.436  0.583  0.448  0.551  0.539  1.000  0.794 -0.002  0.480  0.444 -0.236 -0.216  0.038  0.187  0.554  0.157
  -0.066  0.036  0.151 -0.047  0.037 -0.122  0.252  0.026  0.008  0.008  0.367 -0.032  0.114  0.025 -0.087 -0.038  0.194 -0.263 -0.122 -0.162  0.142 -0.297  0.063  0.517  0.488  0.646  0.483  0.595  0.600  0.794  1.000 -0.006  0.519  0.497 -0.257 -0.238  0.041  0.197  0.643  0.205
   0.111  0.002 -0.093  0.054  0.019  0.015 -0.048  0.110  0.098 -0.014 -0.092 -0.007  0.005  0.036  0.025  0.042  0.008  0.022  0.030  0.035 -0.013  0.018  0.031  0.090  0.065 -0.022  0.047  0.091  0.071 -0.002 -0.006  1.000  0.072  0.059  0.032  0.026  0.003  0.003  0.048 -0.013
   0.321  0.125 -0.182  0.268  0.138 -0.034 -0.083  0.257  0.213 -0.072 -0.017  0.060 -0.017  0.078  0.099  0.189  0.211 -0.146  0.158 -0.096 -0.209  0.108  0.116  0.641  0.517  0.296  0.391  0.808  0.721  0.480  0.519  0.072  1.000  0.673 -0.243 -0.209  0.041  0.179  0.601  0.163
   0.299  0.123 -0.181  0.179 -0.004  0.077 -0.192  0.238  0.197 -0.034  0.016 -0.007  0.040  0.032  0.087  0.149  0.156 -0.117  0.190  0.041 -0.152  0.074  0.000  0.569  0.603  0.291  0.376  0.723  0.847  0.444  0.497  0.059  0.673  1.000 -0.219 -0.192  0.038  0.175  0.572 -0.035
  -0.175 -0.028  0.134 -0.103 -0.044 -0.004  0.049 -0.003  0.014  0.221 -0.003 -0.000 -0.033  0.004 -0.003 -0.186 -0.478  0.378 -0.021 -0.051  0.162  0.022 -0.311 -0.207 -0.171 -0.162 -0.148 -0.259 -0.245 -0.236 -0.257  0.032 -0.243 -0.219  1.000  0.366 -0.034 -0.170 -0.363 -0.136
  -0.159 -0.008  0.124 -0.083 -0.037 -0.010  0.039 -0.001  0.012  0.128 -0.041 -0.005 -0.024  0.015  0.011 -0.066 -0.307  0.294 -0.015  0.007  0.074  0.082 -0.208 -0.196 -0.164 -0.149 -0.141 -0.231 -0.220 -0.216 -0.238  0.026 -0.209 -0.192  0.366  1.000 -0.028 -0.141 -0.321 -0.109
   0.036 -0.001 -0.029  0.021  0.012 -0.002 -0.007  0.022  0.018 -0.010 -0.003  0.001  0.003  0.009  0.009  0.011  0.021 -0.020  0.007 -0.004  0.000 -0.020  0.021  0.045  0.038  0.024  0.034  0.048  0.046  0.038  0.041  0.003  0.041  0.038 -0.034 -0.028  1.000  0.022  0.057  0.011
   0.146 -0.004 -0.114  0.103  0.062 -0.013 -0.036  0.098  0.018 -0.068 -0.024  0.016  0.013  0.035  0.039  0.057  0.095 -0.091  0.032 -0.021  0.003 -0.093  0.092  0.193  0.170  0.124  0.158  0.212  0.209  0.187  0.197  0.003  0.179  0.175 -0.170 -0.141  0.022  1.000  0.277  0.053
   0.483 -0.018 -0.378  0.254  0.152 -0.025 -0.058  0.364  0.302 -0.104 -0.024  0.006 -0.002 -0.026  0.072  0.052  0.223 -0.278  0.063 -0.134  0.053 -0.312  0.214  0.661  0.575  0.404  0.497  0.708  0.683  0.554  0.643  0.048  0.601  0.572 -0.363 -0.321  0.057  0.277  1.000  0.194
   0.069 -0.089 -0.065  0.012  0.075 -0.116  0.186  0.033  0.024 -0.163 -0.007  0.141 -0.209 -0.098 -0.012  0.033  0.160 -0.149 -0.120 -0.317 -0.035 -0.037  0.080  0.124 -0.024  0.193  0.089  0.171 -0.017  0.157  0.205 -0.013  0.163 -0.035 -0.136 -0.109  0.011  0.053  0.194  1.000

0                ***   ***   ***  ***   ***   ***



     X        Q2         W2       THEORY         DATA         ERROR        chi^2     _w    ITYPE
.4831E+00     3.585  0.472E+01   0.17947E+00   0.18590E+00    0.56080E-02  -1.32          jl00106F2p
.4904E+00     3.624  0.465E+01   0.17458E+00   0.18170E+00    0.55227E-02  -1.66          jl00106F2p
.4978E+00     3.663  0.458E+01   0.16968E+00   0.17590E+00    0.53000E-02  -1.38          jl00106F2p
.5052E+00     3.702  0.451E+01   0.16481E+00   0.16780E+00    0.50774E-02  -0.35          jl00106F2p
.5127E+00     3.740  0.444E+01   0.15994E+00   0.16030E+00    0.48549E-02  -0.01          jl00106F2p
.5202E+00     3.779  0.437E+01   0.15511E+00   0.15490E+00    0.47707E-02   0.00          jl00106F2p
.5278E+00     3.818  0.430E+01   0.15028E+00   0.15390E+00    0.46872E-02  -0.60          jl00106F2p
.5355E+00     3.857  0.423E+01   0.14545E+00   0.14960E+00    0.45486E-02  -0.83          jl00106F2p
.5433E+00     3.895  0.416E+01   0.14062E+00   0.13750E+00    0.42438E-02   0.54          jl00106F2p
.5511E+00     3.934  0.409E+01   0.13586E+00   0.13020E+00    0.40224E-02   1.98          jl00106F2p
.5590E+00     3.973  0.402E+01   0.13111E+00   0.12690E+00    0.40224E-02   1.10          jl00106F2p
.5669E+00     4.012  0.395E+01   0.12644E+00   0.12380E+00    0.39408E-02   0.45          jl00106F2p
.5749E+00     4.051  0.388E+01   0.12179E+00   0.12040E+00    0.38013E-02   0.13          jl00106F2p
.5830E+00     4.089  0.381E+01   0.11718E+00   0.11930E+00    0.38013E-02  -0.31          jl00106F2p
.5912E+00     4.128  0.374E+01   0.11261E+00   0.11430E+00    0.35805E-02  -0.22          jl00106F2p
.5995E+00     4.167  0.367E+01   0.10807E+00   0.10560E+00    0.33601E-02   0.54          jl00106F2p
.6000E+00     4.169  0.366E+01   0.10780E+00   0.10820E+00    0.31765E-02  -0.02          jl00106F2p
.6097E+00     4.214  0.358E+01   0.10262E+00   0.10210E+00    0.30017E-02   0.03          jl00106F2p
.6195E+00     4.259  0.350E+01   0.97526E-01   0.97600E-01    0.28653E-02  -0.00          jl00106F2p
.6293E+00     4.304  0.342E+01   0.92566E-01   0.89300E-01    0.26420E-02   1.53          jl00106F2p
.6393E+00     4.349  0.334E+01   0.87652E-01   0.86400E-01    0.25554E-02   0.24          jl00106F2p
.6494E+00     4.395  0.325E+01   0.82836E-01   0.79900E-01    0.24187E-02   1.47          jl00106F2p
.6597E+00     4.440  0.317E+01   0.78089E-01   0.76600E-01    0.23324E-02   0.41          jl00106F2p
.6700E+00     4.485  0.309E+01   0.73494E-01   0.76100E-01    0.23324E-02  -1.25          jl00106F2p
.6804E+00     4.530  0.301E+01   0.69016E-01   0.73900E-01    0.22472E-02  -4.72          jl00106F2p
.5300E+00     3.995  0.442E+01   0.14724E+00   0.15580E+00    0.52498E-02  -2.66          jl00106F2p
.5379E+00     4.039  0.435E+01   0.14227E+00   0.14340E+00    0.48918E-02  -0.05          jl00106F2p
.5458E+00     4.082  0.428E+01   0.13737E+00   0.13850E+00    0.47508E-02  -0.06          jl00106F2p
.5538E+00     4.125  0.421E+01   0.13248E+00   0.13450E+00    0.46755E-02  -0.19          jl00106F2p
.5619E+00     4.168  0.413E+01   0.12762E+00   0.13210E+00    0.45343E-02  -0.97          jl00106F2p
.5700E+00     4.211  0.406E+01   0.12285E+00   0.12320E+00    0.43186E-02  -0.01          jl00106F2p
.5782E+00     4.255  0.399E+01   0.11810E+00   0.11910E+00    0.41773E-02  -0.06          jl00106F2p
