 Correlated errors added in quadrature with statistical errors
 jl00106F2p DIS data with   1.69< Q2 < 0.500D+03 and 0.000 < xB < 1.000 and   3.00< W2 < 0.100D+04 and 0.000 < y < 1.000
   GP TMC applied
   HT corrections, multiplicative C=C(xB)
 Correlated errors added in quadrature with statistical errors
 jl00106F2d DIS data with   1.69< Q2 < 0.500D+03 and 0.000 < xB < 1.000 and   3.00< W2 < 0.100D+04 and 0.000 < y < 1.000
   WBArel smearing  (CD-Bonn) - KP off-shell param nuke corrections
   GP TMC applied
   HT corrections, multiplicative C=C(xB)
 Correlated errors added in quadrature with statistical errors
 slac_p     DIS data with   1.69< Q2 < 0.500D+03 and 0.000 < xB < 1.000 and   3.00< W2 < 0.100D+04 and 0.000 < y < 1.000
   GP TMC applied
   HT corrections, multiplicative C=C(xB)
 Correlated errors added in quadrature with statistical errors
 slac_d     DIS data with   1.69< Q2 < 0.500D+03 and 0.000 < xB < 1.000 and   3.00< W2 < 0.100D+04 and 0.000 < y < 1.000
   WBArel smearing  (CD-Bonn) - KP off-shell param nuke corrections
   GP TMC applied
   HT corrections, multiplicative C=C(xB)
 Correlated errors treated separately from statistical errors
 BcdF2pCor  DIS data with   1.69< Q2 < 0.500D+03 and 0.000 < xB < 1.000 and   3.00< W2 < 0.100D+04 and 0.000 < y < 1.000
   GP TMC applied
   HT corrections, multiplicative C=C(xB)
 Correlated errors treated separately from statistical errors
 BcdF2dCor  DIS data with   1.69< Q2 < 0.500D+03 and 0.000 < xB < 1.000 and   3.00< W2 < 0.100D+04 and 0.000 < y < 1.000
   WBArel smearing  (CD-Bonn) - KP off-shell param nuke corrections
   GP TMC applied
   HT corrections, multiplicative C=C(xB)
 Correlated errors treated separately from statistical errors
 NmcF2pCor  DIS data with   1.69< Q2 < 0.500D+03 and 0.000 < xB < 1.000 and   3.00< W2 < 0.100D+04 and 0.000 < y < 1.000
   GP TMC applied
   HT corrections, multiplicative C=C(xB)
 Correlated errors treated separately from statistical errors
 NmcRatCor  DIS data with   1.69< Q2 < 0.500D+03 and 0.000 < xB < 1.000 and   3.00< W2 < 0.100D+04 and 0.000 < y < 1.000
   WBArel smearing  (CD-Bonn) - KP off-shell param nuke corrections
   GP TMC applied
   HT corrections, multiplicative C=C(xB)
 Correlated errors treated separately from statistical errors
 H_nc_el_c  DIS data with   1.69< Q2 < 0.100D+06 and 0.000 < xB < 1.000 and   3.00< W2 < 0.100D+08 and 0.000 < y < 1.000
   GP TMC applied
   HT corrections, multiplicative C=C(xB)
 Correlated errors treated separately from statistical errors
 H_nc_ps_c  DIS data with   1.69< Q2 < 0.100D+06 and 0.000 < xB < 1.000 and   3.00< W2 < 0.100D+08 and 0.000 < y < 1.000
   GP TMC applied
   HT corrections, multiplicative C=C(xB)
 Correlated errors treated separately from statistical errors
 H_cc_el_c  DIS data with   1.69< Q2 < 0.100D+06 and 0.000 < xB < 1.000 and   3.00< W2 < 0.100D+08 and 0.000 < y < 1.000
   GP TMC applied
   HT corrections, multiplicative C=C(xB)
 Correlated errors treated separately from statistical errors
 H_cc_ps_c  DIS data with   1.69< Q2 < 0.100D+06 and 0.000 < xB < 1.000 and   3.00< W2 < 0.100D+08 and 0.000 < y < 1.000
   GP TMC applied
   HT corrections, multiplicative C=C(xB)
 Correlated errors added in quadrature with statistical errors
 BNS_F2nd   DIS data with   1.69< Q2 < 0.100D+06 and 0.000 < xB < 1.000 and   3.00< W2 < 0.100D+08 and 0.000 < y < 1.000
   WBArel smearing  (CD-Bonn) - KP off-shell param nuke corrections
   GP TMC applied
   HT corrections, multiplicative C=C(xB)
 Correlated errors added in quadrature with statistical errors
 e605       vector boson data with Q2 >=   0.00
 Correlated errors added in quadrature with statistical errors
 e866pp06xf vector boson data with Q2 >=  36.00
 Correlated errors added in quadrature with statistical errors
 e866pd06xf vector boson data with Q2 >=  36.00
 Correlated errors added in quadrature with statistical errors
 e866rat    vector boson data with Q2 >=  36.00
 Correlated errors added in quadrature with statistical errors
 cdfLasy05  vector boson data with Q2 >=   0.00
 Correlated errors added in quadrature with statistical errors
 d0Lasy_e15 vector boson data with Q2 >=   0.00
 Correlated errors added in quadrature with statistical errors
 d0Lasy13   vector boson data with Q2 >=   0.00
 Correlated errors added in quadrature with statistical errors
 CDF_Wasy   vector boson data with Q2 >=   0.00
 Correlated errors added in quadrature with statistical errors
 D0_Wasy    vector boson data with Q2 >=   0.00
 Correlated errors added in quadrature with statistical errors
 CDF_Z      vector boson data with Q2 >=   0.00
 Correlated errors added in quadrature with statistical errors
 D0_Z       vector boson data with Q2 >=   0.00
 Correlated errors added in quadrature with statistical errors
 d0run2coneJet data - errors added in quadrature
 Correlated errors added in quadrature with statistical errors
 CDFrun2jetJet data - errors added in quadrature
 Correlated errors added in quadrature with statistical errors
 d0_gamjet1 Photon data -- cuts to be written yet ...
 Correlated errors added in quadrature with statistical errors
 d0_gamjet2 Photon data -- cuts to be written yet ...
 Correlated errors added in quadrature with statistical errors
 d0_gamjet3 Photon data -- cuts to be written yet ...
 Correlated errors added in quadrature with statistical errors
 d0_gamjet4 Photon data -- cuts to be written yet ...

# fitpack10: fit output
# CJ15_AV18                                                                    

Parametrization   7 used here

 S-ACOT scheme used  for NC DIS

 charm mass =     1.30 GeV     bottom mass =     4.50 GeV



 THIS IS A NEXT TO LEADING ORDER FIT

 Q02=    1.69
         1  LAMBDA      VALUE=   0.22680      WEIGHT=    0.0000    
         2  a0uv        VALUE=    2.4992      WEIGHT=    0.0000    
         3  a1uv        VALUE=   0.62338      WEIGHT=   0.38544E-01
         4  a2uv        VALUE=    3.5331      WEIGHT=   0.22785E-01
         5  a3uv        VALUE=    0.0000      WEIGHT=    0.0000    
         6  a4uv        VALUE=    3.2403      WEIGHT=   0.48605    
         7  a5uv        VALUE=    0.0000      WEIGHT=    0.0000    
         8  a0dv        VALUE=    23.078      WEIGHT=    0.0000    
         9  a1dv        VALUE=    1.1405      WEIGHT=   0.35169E-01
        10  a2dv        VALUE=    6.5926      WEIGHT=   0.16161    
        11  a3dv        VALUE=   -3.5426      WEIGHT=   0.93890E-01
        12  a4dv        VALUE=    4.8606      WEIGHT=   0.15796    
        13  a5dv        VALUE=    0.0000      WEIGHT=    0.0000    
        14  a0ud        VALUE=   0.14322      WEIGHT=   0.51056E-02
        15  a1ud        VALUE=  -0.21645      WEIGHT=   0.39322E-02
        16  a2ud        VALUE=    8.3890      WEIGHT=   0.15653    
        17  a3ud        VALUE=    0.0000      WEIGHT=    0.0000    
        18  a4ud        VALUE=    15.659      WEIGHT=    1.1632    
        19  a5ud        VALUE=    0.0000      WEIGHT=    0.0000    
        20  a0du        VALUE=    35712.      WEIGHT=    0.0000    
        21  a1du        VALUE=    3.9744      WEIGHT=   0.53487E-01
        22  a2du        VALUE=    20.307      WEIGHT=   0.68096    
        23  a3du        VALUE=    17.000      WEIGHT=    0.0000    
        24  a4du        VALUE=    46.763      WEIGHT=    5.2636    
        25  a0g         VALUE=    46.598      WEIGHT=    0.0000    
        26  a1g         VALUE=   0.61672      WEIGHT=   0.38244E-01
        27  a2g         VALUE=    6.1855      WEIGHT=    1.1772    
        28  a3g         VALUE=   -3.2497      WEIGHT=   0.17262    
        29  a4g         VALUE=    2.9810      WEIGHT=   0.30817    
        30  a5g         VALUE=    0.0000      WEIGHT=    0.0000    
        31  kappa       VALUE=   0.40000      WEIGHT=    0.0000    
        32  a6dv        VALUE=  -0.41537E-02  WEIGHT=   0.74758E-03
        33  a7dv        VALUE=    2.0000      WEIGHT=    0.0000    
        34  x0_KP       VALUE=   0.32900      WEIGHT=   0.89707E-01
        35  C_KP        VALUE=   0.97630E-01  WEIGHT=   0.29023E-01
        36  ht1         VALUE=   -2.9782      WEIGHT=   0.23859    
        37  ht2         VALUE=    1.7289      WEIGHT=   0.10261    
        38  ht3         VALUE=   -2.0871      WEIGHT=   0.27045E-01
        39  ht4         VALUE=    0.0000      WEIGHT=    0.0000    
        40  dummy40     VALUE=    0.0000      WEIGHT=    0.0000    
        41  dummy41     VALUE=    0.0000      WEIGHT=    0.0000    
        42  dummy42     VALUE=    0.0000      WEIGHT=    0.0000    
        43  dummy43     VALUE=    0.0000      WEIGHT=    0.0000    
        44  dummy44     VALUE=    0.0000      WEIGHT=    0.0000    
        45  dummy45     VALUE=    0.0000      WEIGHT=    0.0000    
        46  dummy46     VALUE=    0.0000      WEIGHT=    0.0000    
        47  dummy47     VALUE=    0.0000      WEIGHT=    0.0000    
        48  dummy48     VALUE=    0.0000      WEIGHT=    0.0000    
        49  dummy49     VALUE=    0.0000      WEIGHT=    0.0000    
        50  bcdmsh2     VALUE=   0.97335      WEIGHT=   0.54696E-02
        51  bcdmsd2     VALUE=   0.99612      WEIGHT=   0.61678E-02
        52  ccfr        VALUE=    1.0000      WEIGHT=    0.0000    
        53  nutev       VALUE=    1.0000      WEIGHT=    0.0000    
        54  zeus        VALUE=   0.97998      WEIGHT=    0.0000    
        55  h1          VALUE=    1.0162      WEIGHT=    0.0000    
        56  e605        VALUE=    1.0319      WEIGHT=   0.28168E-01
        57  NmcH2       VALUE=    1.0166      WEIGHT=   0.76221E-02
        58  ntv_nu      VALUE=    1.0000      WEIGHT=    0.0000    
        59  ntv_nubar   VALUE=    1.0000      WEIGHT=    0.0000    
        60  cdf_jet     VALUE=   0.98910      WEIGHT=    0.0000    
        61  d0_jet      VALUE=   0.83504      WEIGHT=    0.0000    
        62  slac_p      VALUE=    1.0041      WEIGHT=   0.56170E-02
        63  slac_d      VALUE=    1.0067      WEIGHT=   0.58266E-02
        64  e866pp      VALUE=   0.97702      WEIGHT=   0.18875E-01
        65  e866pd      VALUE=   0.99185      WEIGHT=   0.17294E-01
        66  d0_gamjet   VALUE=    1.0383      WEIGHT=   0.16556E-01
        67  h1b         VALUE=   0.97608      WEIGHT=    0.0000    
        68  jlab_p      VALUE=   0.99458      WEIGHT=   0.64986E-02
        69  jlab_d      VALUE=   0.97956      WEIGHT=   0.64393E-02
        70  blank       VALUE=    1.0000      WEIGHT=    0.0000    
        71  d0run2      VALUE=   0.93436      WEIGHT=   0.15710E-01
        72  cdfrun2     VALUE=   0.92014      WEIGHT=   0.18119E-01
        73  HERA_el     VALUE=   0.99986      WEIGHT=   0.34134E-02
        74  HERA_ps     VALUE=   0.99548      WEIGHT=   0.31439E-02
        75  CDF_Z       VALUE=   0.97653      WEIGHT=   0.69817E-02
        76  NmcRat      VALUE=    1.0000      WEIGHT=    0.0000    
        77  BNS_F2nd    VALUE=   0.98405      WEIGHT=   0.63432E-02
0THE TOLERANCE IS    0.5000
 THE MAXIMUM NUMBER OF STEPS IS 100
0THE INITIAL CHI SQUARED IS  3.9606E+03
0  STEP  CHI SQUARED    PARAMETER      VALUE         ERROR
 ------------------------------------------------------------
     1    3.9511E+03
                       1  LAMBDA     2.2680E-01       FIX 
                       2  a0uv       2.4632E+00       FIX 
                       3  a1uv       6.1996E-01           
                       4  a2uv       3.5318E+00           
                       5  a3uv       0.0000E+00       FIX 
                       6  a4uv       3.3021E+00           
                       7  a5uv       0.0000E+00       FIX 
                       8  a0dv       2.3862E+01       FIX 
                       9  a1dv       1.1451E+00           
                      10  a2dv       6.6732E+00           
                      11  a3dv      -3.5852E+00           
                      12  a4dv       4.9320E+00           
                      13  a5dv       0.0000E+00       FIX 
                      14  a0ud       1.4226E-01           
                      15  a1ud      -2.1712E-01           
                      16  a2ud       8.3621E+00           
                      17  a3ud       0.0000E+00       FIX 
                      18  a4ud       1.5742E+01           
                      19  a5ud       0.0000E+00       FIX 
                      20  a0du       3.5712E+04       FIX 
                      21  a1du       3.9814E+00           
                      22  a2du       2.0239E+01           
                      23  a3du       1.7000E+01       FIX 
                      24  a4du       5.1925E+01           
                      25  a0g        4.7040E+01       FIX 
                      26  a1g        6.1760E-01           
                      27  a2g        6.3283E+00           
                      28  a3g       -3.2602E+00           
                      29  a4g        3.0246E+00           
                      30  a5g        0.0000E+00       FIX 
                      31  kappa      4.0000E-01       FIX 
                      32  a6dv      -4.6126E-03           
                      33  a7dv       2.0000E+00       FIX 
                      34  x0_KP      4.0231E-01           
                      35  C_KP       1.3533E-01           
                      36  ht1       -2.9583E+00           
                      37  ht2        1.7359E+00           
                      38  ht3       -2.0855E+00           
                      39  ht4        0.0000E+00       FIX 
                      40  dummy40    0.0000E+00       FIX 
                      41  dummy41    0.0000E+00       FIX 
                      42  dummy42    0.0000E+00       FIX 
                      43  dummy43    0.0000E+00       FIX 
                      44  dummy44    0.0000E+00       FIX 
                      45  dummy45    0.0000E+00       FIX 
                      46  dummy46    0.0000E+00       FIX 
                      47  dummy47    0.0000E+00       FIX 
                      48  dummy48    0.0000E+00       FIX 
                      49  dummy49    0.0000E+00       FIX 
                      50  bcdmsh2    9.7309E-01           
                      51  bcdmsd2    9.9523E-01           
                      52  ccfr       1.0000E+00       FIX 
                      53  nutev      1.0000E+00       FIX 
                      54  zeus       9.7998E-01       FIX 
                      55  h1         1.0162E+00       FIX 
                      56  e605       1.0376E+00           
                      57  NmcH2      1.0174E+00           
                      58  ntv_nu     1.0000E+00       FIX 
                      59  ntv_nuba   1.0000E+00       FIX 
                      60  cdf_jet    9.8910E-01       FIX 
                      61  d0_jet     8.3504E-01       FIX 
                      62  slac_p     1.0042E+00           
                      63  slac_d     1.0062E+00           
                      64  e866pp     9.8093E-01           
                      65  e866pd     9.9315E-01           
                      66  d0_gamje   1.0381E+00           
                      67  h1b        9.7608E-01       FIX 
                      68  jlab_p     9.9409E-01           
                      69  jlab_d     9.7955E-01           
                      70  blank      1.0000E+00       FIX 
                      71  d0run2     9.3508E-01           
                      72  cdfrun2    9.2070E-01           
                      73  HERA_el    9.9987E-01           
                      74  HERA_ps    9.9551E-01           
                      75  CDF_Z      9.7561E-01           
                      76  NmcRat     1.0000E+00       FIX 
                      77  BNS_F2nd   9.8428E-01           
 ------------------------------------------------------------
     2    3.9501E+03
                       1  LAMBDA     2.2680E-01       FIX 
                       2  a0uv       2.3718E+00       FIX 
                       3  a1uv       6.1114E-01           
                       4  a2uv       3.5351E+00           
                       5  a3uv       0.0000E+00       FIX 
                       6  a4uv       3.4835E+00           
                       7  a5uv       0.0000E+00       FIX 
                       8  a0dv       2.4427E+01       FIX 
                       9  a1dv       1.1481E+00           
                      10  a2dv       6.7170E+00           
                      11  a3dv      -3.6173E+00           
                      12  a4dv       4.9814E+00           
                      13  a5dv       0.0000E+00       FIX 
                      14  a0ud       1.4082E-01           
                      15  a1ud      -2.1815E-01           
                      16  a2ud       8.3931E+00           
                      17  a3ud       0.0000E+00       FIX 
                      18  a4ud       1.6100E+01           
                      19  a5ud       0.0000E+00       FIX 
                      20  a0du       3.5712E+04       FIX 
                      21  a1du       3.9841E+00           
                      22  a2du       2.0268E+01           
                      23  a3du       1.7000E+01       FIX 
                      24  a4du       5.2933E+01           
                      25  a0g        4.7995E+01       FIX 
                      26  a1g        6.1951E-01           
                      27  a2g        6.3525E+00           
                      28  a3g       -3.2985E+00           
                      29  a4g        3.0962E+00           
                      30  a5g        0.0000E+00       FIX 
                      31  kappa      4.0000E-01       FIX 
                      32  a6dv      -4.6682E-03           
                      33  a7dv       2.0000E+00       FIX 
                      34  x0_KP      3.7392E-01           
                      35  C_KP       1.3722E-01           
                      36  ht1       -2.9730E+00           
                      37  ht2        1.7474E+00           
                      38  ht3       -2.0864E+00           
                      39  ht4        0.0000E+00       FIX 
                      40  dummy40    0.0000E+00       FIX 
                      41  dummy41    0.0000E+00       FIX 
                      42  dummy42    0.0000E+00       FIX 
                      43  dummy43    0.0000E+00       FIX 
                      44  dummy44    0.0000E+00       FIX 
                      45  dummy45    0.0000E+00       FIX 
                      46  dummy46    0.0000E+00       FIX 
                      47  dummy47    0.0000E+00       FIX 
                      48  dummy48    0.0000E+00       FIX 
                      49  dummy49    0.0000E+00       FIX 
                      50  bcdmsh2    9.7228E-01           
                      51  bcdmsd2    9.9465E-01           
                      52  ccfr       1.0000E+00       FIX 
                      53  nutev      1.0000E+00       FIX 
                      54  zeus       9.7998E-01       FIX 
                      55  h1         1.0162E+00       FIX 
                      56  e605       1.0387E+00           
                      57  NmcH2      1.0171E+00           
                      58  ntv_nu     1.0000E+00       FIX 
                      59  ntv_nuba   1.0000E+00       FIX 
                      60  cdf_jet    9.8910E-01       FIX 
                      61  d0_jet     8.3504E-01       FIX 
                      62  slac_p     1.0033E+00           
                      63  slac_d     1.0056E+00           
                      64  e866pp     9.8290E-01           
                      65  e866pd     9.9414E-01           
                      66  d0_gamje   1.0373E+00           
                      67  h1b        9.7608E-01       FIX 
                      68  jlab_p     9.9333E-01           
                      69  jlab_d     9.7889E-01           
                      70  blank      1.0000E+00       FIX 
                      71  d0run2     9.3629E-01           
                      72  cdfrun2    9.2194E-01           
                      73  HERA_el    9.9982E-01           
                      74  HERA_ps    9.9533E-01           
                      75  CDF_Z      9.7435E-01           
                      76  NmcRat     1.0000E+00       FIX 
                      77  BNS_F2nd   9.8403E-01           
 ------------------------------------------------------------
     3    3.9499E+03
                       1  LAMBDA     2.2680E-01    0.0000E+00
                       2  a0uv       2.3298E+00    0.0000E+00
                       3  a1uv       6.0697E-01    2.0742E-02
                       4  a2uv       3.5366E+00    1.1296E-02
                       5  a3uv       0.0000E+00    0.0000E+00
                       6  a4uv       3.5703E+00    4.4259E-01
                       7  a5uv       0.0000E+00    0.0000E+00
                       8  a0dv       2.4314E+01    0.0000E+00
                       9  a1dv       1.1465E+00    3.3950E-02
                      10  a2dv       6.7181E+00    1.5762E-01
                      11  a3dv      -3.6208E+00    8.7376E-02
                      12  a4dv       4.9918E+00    1.4290E-01
                      13  a5dv       0.0000E+00    0.0000E+00
                      14  a0ud       1.4031E-01    5.0262E-03
                      15  a1ud      -2.1848E-01    3.9542E-03
                      16  a2ud       8.4007E+00    1.4588E-01
                      17  a3ud       0.0000E+00    0.0000E+00
                      18  a4ud       1.6238E+01    1.1467E+00
                      19  a5ud       0.0000E+00    0.0000E+00
                      20  a0du       3.5712E+04    0.0000E+00
                      21  a1du       3.9853E+00    4.8591E-02
                      22  a2du       2.0277E+01    6.5458E-01
                      23  a3du       1.7000E+01    0.0000E+00
                      24  a4du       5.2753E+01    8.3118E+00
                      25  a0g        4.7596E+01    0.0000E+00
                      26  a1g        6.1902E-01    3.8727E-02
                      27  a2g        6.3655E+00    1.0921E+00
                      28  a3g       -3.2913E+00    1.6733E-01
                      29  a4g        3.0934E+00    3.2816E-01
                      30  a5g        0.0000E+00    0.0000E+00
                      31  kappa      4.0000E-01    0.0000E+00
                      32  a6dv      -4.7125E-03    7.0071E-04
                      33  a7dv       2.0000E+00    0.0000E+00
                      34  x0_KP      3.7251E-01    6.8221E-02
                      35  C_KP       1.3842E-01    2.8716E-02
                      36  ht1       -2.9851E+00    2.3492E-01
                      37  ht2        1.7564E+00    9.7805E-02
                      38  ht3       -2.0856E+00    2.4233E-02
                      39  ht4        0.0000E+00    0.0000E+00
                      40  dummy40    0.0000E+00    0.0000E+00
                      41  dummy41    0.0000E+00    0.0000E+00
                      42  dummy42    0.0000E+00    0.0000E+00
                      43  dummy43    0.0000E+00    0.0000E+00
                      44  dummy44    0.0000E+00    0.0000E+00
                      45  dummy45    0.0000E+00    0.0000E+00
                      46  dummy46    0.0000E+00    0.0000E+00
                      47  dummy47    0.0000E+00    0.0000E+00
                      48  dummy48    0.0000E+00    0.0000E+00
                      49  dummy49    0.0000E+00    0.0000E+00
                      50  bcdmsh2    9.7186E-01    5.4652E-03
                      51  bcdmsd2    9.9422E-01    6.1612E-03
                      52  ccfr       1.0000E+00    0.0000E+00
                      53  nutev      1.0000E+00    0.0000E+00
                      54  zeus       9.7998E-01    0.0000E+00
                      55  h1         1.0162E+00    0.0000E+00
                      56  e605       1.0394E+00    2.8567E-02
                      57  NmcH2      1.0167E+00    7.6150E-03
                      58  ntv_nu     1.0000E+00    0.0000E+00
                      59  ntv_nuba   1.0000E+00    0.0000E+00
                      60  cdf_jet    9.8910E-01    0.0000E+00
                      61  d0_jet     8.3504E-01    0.0000E+00
                      62  slac_p     1.0029E+00    5.5334E-03
                      63  slac_d     1.0052E+00    5.7896E-03
                      64  e866pp     9.8395E-01    1.8967E-02
                      65  e866pd     9.9491E-01    1.7806E-02
                      66  d0_gamje   1.0369E+00    1.6547E-02
                      67  h1b        9.7608E-01    0.0000E+00
                      68  jlab_p     9.9293E-01    6.3098E-03
                      69  jlab_d     9.7851E-01    6.4356E-03
                      70  blank      1.0000E+00    0.0000E+00
                      71  d0run2     9.3661E-01    1.5581E-02
                      72  cdfrun2    9.2241E-01    1.8102E-02
                      73  HERA_el    9.9979E-01    3.4135E-03
                      74  HERA_ps    9.9524E-01    3.1438E-03
                      75  CDF_Z      9.7369E-01    6.9027E-03
                      76  NmcRat     1.0000E+00    0.0000E+00
                      77  BNS_F2nd   9.8408E-01    6.6222E-03
0 MINIMIZATION TERMINATED WITH STEP  3
  TOLERANCE CRITERION      SATISFIED
0 CHI SQUARED PER DEGREE OF FREEDOM IS  9.890E-01
   1.000 -0.291 -0.978  0.300  0.029  0.222 -0.421  0.468  0.414 -0.243 -0.526 -0.098 -0.077  0.178  0.140  0.052 -0.002 -0.036  0.251  0.060 -0.006  0.143 -0.312 -0.025  0.414  0.324 -0.134  0.208  0.412  0.334 -0.202 -0.170  0.122  0.340  0.280 -0.114 -0.119  0.035  0.131  0.404  0.002
  -0.291  1.000  0.450  0.248  0.353 -0.231  0.180 -0.068 -0.063  0.297  0.206  0.170 -0.053  0.039 -0.015  0.070  0.086 -0.028 -0.156  0.013  0.021 -0.558  0.364  0.312  0.146  0.076 -0.116  0.053  0.047  0.056  0.126  0.074  0.004  0.133  0.137 -0.061 -0.032  0.002  0.011  0.041 -0.030
  -0.978  0.450  1.000 -0.211  0.048 -0.257  0.427 -0.433 -0.385  0.291  0.555  0.122  0.075 -0.162 -0.121 -0.008  0.037  0.020 -0.236 -0.021  0.005 -0.222  0.349  0.111 -0.282 -0.226  0.151 -0.134 -0.277 -0.217  0.291  0.258 -0.107 -0.214 -0.172  0.070  0.083 -0.028 -0.100 -0.295  0.021
   0.300  0.248 -0.211  1.000  0.836 -0.595 -0.052  0.146  0.106 -0.040 -0.132  0.225 -0.201  0.158  0.351  0.300 -0.203  0.270  0.532  0.122 -0.033 -0.215  0.093  0.203  0.324  0.231 -0.027  0.151  0.328  0.264  0.054  0.009  0.044  0.291  0.187 -0.083 -0.083  0.022  0.113  0.298  0.070
   0.029  0.353  0.048  0.836  1.000 -0.860  0.454 -0.051 -0.064  0.191  0.136  0.119 -0.064  0.229  0.224  0.198 -0.224  0.263  0.189 -0.010  0.066 -0.129 -0.007  0.123  0.175  0.149 -0.042  0.138  0.119  0.128  0.093  0.047  0.013  0.113  0.044 -0.014 -0.024  0.012  0.063  0.158  0.018
   0.222 -0.231 -0.257 -0.595 -0.860  1.000 -0.728  0.252  0.241 -0.219 -0.355  0.001  0.002 -0.319 -0.127 -0.191  0.180 -0.252 -0.207 -0.093 -0.162  0.144 -0.072 -0.114 -0.044 -0.044 -0.100 -0.150 -0.005 -0.028 -0.187 -0.177  0.026 -0.007  0.035 -0.010 -0.007 -0.003 -0.020 -0.055 -0.140
  -0.421  0.180  0.427 -0.052  0.454 -0.728  1.000 -0.351 -0.313  0.424  0.553 -0.214  0.223  0.190 -0.139 -0.026 -0.015  0.033 -0.276 -0.027  0.245  0.017 -0.067  0.026 -0.094 -0.026  0.074  0.113 -0.162 -0.071  0.213  0.244 -0.048 -0.143 -0.114  0.038  0.035 -0.007 -0.033 -0.061  0.102
   0.468 -0.068 -0.433  0.146 -0.051  0.252 -0.351  1.000  0.973 -0.344 -0.806  0.040 -0.081 -0.107 -0.128 -0.005  0.207 -0.154  0.105  0.030 -0.091 -0.051 -0.005  0.087  0.308  0.250  0.027  0.222  0.315  0.271  0.000  0.015  0.110  0.260  0.231  0.010  0.007  0.022  0.095  0.355  0.011
   0.414 -0.063 -0.385  0.106 -0.064  0.241 -0.313  0.973  1.000 -0.303 -0.765  0.027 -0.065 -0.102 -0.218 -0.064  0.225 -0.189  0.077  0.017 -0.084 -0.047 -0.001  0.066  0.259  0.211  0.011  0.199  0.261  0.223 -0.017 -0.003  0.099  0.215  0.191  0.027  0.020  0.017  0.015  0.292 -0.000
  -0.243  0.297  0.291 -0.040  0.191 -0.219  0.424 -0.344 -0.303  1.000  0.658 -0.188  0.308 -0.035 -0.079 -0.251 -0.319  0.137 -0.205 -0.265  0.041  0.150 -0.077 -0.188 -0.088 -0.008 -0.439  0.029 -0.112 -0.033 -0.018 -0.022 -0.011 -0.085 -0.043  0.218  0.133 -0.012 -0.076 -0.128 -0.187
  -0.526  0.206  0.555 -0.132  0.136 -0.355  0.553 -0.806 -0.765  0.658  1.000 -0.126  0.228  0.021 -0.003 -0.086 -0.146  0.043 -0.156 -0.111  0.164  0.114 -0.100  0.011 -0.053  0.028  0.093  0.063 -0.051  0.054  0.346  0.377 -0.095 -0.059  0.026 -0.045 -0.060 -0.004 -0.024 -0.023  0.010
  -0.098  0.170  0.122  0.225  0.119  0.001 -0.214  0.040  0.027 -0.188 -0.126  1.000 -0.813 -0.103  0.138  0.045 -0.099  0.087  0.118  0.073 -0.006 -0.103  0.121 -0.007 -0.027 -0.018  0.039 -0.019  0.013 -0.001  0.124 -0.044 -0.006  0.044  0.009  0.016  0.010 -0.000  0.013 -0.026  0.078
  -0.077 -0.053  0.075 -0.201 -0.064  0.002  0.223 -0.081 -0.065  0.308  0.228 -0.813  1.000  0.095 -0.166 -0.125  0.094 -0.136 -0.199 -0.162 -0.098  0.131 -0.163 -0.054  0.055  0.042 -0.034  0.043  0.028  0.022  0.082  0.101  0.004  0.016  0.008 -0.021 -0.023  0.003  0.011  0.010 -0.173
   0.178  0.039 -0.162  0.158  0.229 -0.319  0.190 -0.107 -0.102 -0.035  0.021 -0.103  0.095  1.000  0.052  0.073 -0.201  0.208  0.091  0.216  0.128  0.054 -0.093 -0.260  0.118 -0.002  0.040  0.204  0.123 -0.020  0.048 -0.063  0.045  0.156  0.010  0.068  0.039  0.012  0.032 -0.043  0.002
   0.140 -0.015 -0.121  0.351  0.224 -0.127 -0.139 -0.128 -0.218 -0.079 -0.003  0.138 -0.166  0.052  1.000  0.700 -0.580  0.760  0.231  0.085 -0.034  0.014  0.036  0.003  0.106  0.062 -0.000 -0.086  0.146  0.107 -0.049 -0.059  0.022  0.118  0.082 -0.007  0.006  0.010  0.043  0.090  0.037
   0.052  0.070 -0.008  0.300  0.198 -0.191 -0.026 -0.005 -0.064 -0.251 -0.086  0.045 -0.125  0.073  0.700  1.000 -0.068  0.580  0.202  0.312 -0.122 -0.218  0.283  0.229  0.167  0.053  0.101  0.015  0.269  0.163  0.076  0.107  0.024  0.234  0.138 -0.222 -0.105  0.015  0.081  0.156  0.213
  -0.002  0.086  0.037 -0.203 -0.224  0.180 -0.015  0.207  0.225 -0.319 -0.146 -0.099  0.094 -0.201 -0.580 -0.068  1.000 -0.831 -0.101  0.230 -0.100 -0.313  0.170  0.439  0.140  0.068  0.186  0.168  0.195  0.140  0.248  0.307 -0.016  0.178  0.137 -0.479 -0.326  0.021  0.103  0.288  0.230
  -0.036 -0.028  0.020  0.270  0.263 -0.252  0.033 -0.154 -0.189  0.137  0.043  0.087 -0.136  0.208  0.760  0.580 -0.831  1.000  0.150 -0.024 -0.005  0.121  0.074 -0.274 -0.101 -0.096 -0.140 -0.165 -0.093 -0.109 -0.219 -0.254  0.029 -0.082 -0.105  0.337  0.271 -0.018 -0.079 -0.255 -0.091
   0.251 -0.156 -0.236  0.532  0.189 -0.207 -0.276  0.105  0.077 -0.205 -0.156  0.118 -0.199  0.091  0.231  0.202 -0.101  0.150  1.000  0.261  0.255 -0.251  0.224  0.213  0.206  0.099  0.096  0.095  0.261  0.168  0.030  0.042  0.021  0.219  0.170 -0.089 -0.075  0.015  0.074  0.212  0.183
   0.060  0.013 -0.021  0.122 -0.010 -0.093 -0.027  0.030  0.017 -0.265 -0.111  0.073 -0.162  0.216  0.085  0.312  0.230 -0.024  0.261  1.000  0.036 -0.174  0.202  0.398  0.186 -0.149  0.128  0.076  0.224 -0.162  0.116  0.124  0.018  0.145 -0.184 -0.163 -0.103  0.010  0.039  0.117  0.552
  -0.006  0.021  0.005 -0.033  0.066 -0.162  0.245 -0.091 -0.084  0.041  0.164 -0.006 -0.098  0.128 -0.034 -0.122 -0.100 -0.005  0.255  0.036  1.000  0.123 -0.133 -0.081  0.051  0.029  0.158  0.103 -0.009  0.138  0.094  0.137 -0.023 -0.091  0.213 -0.021 -0.031  0.006  0.034  0.104  0.082
   0.143 -0.558 -0.222 -0.215 -0.129  0.144  0.017 -0.051 -0.047  0.150  0.114 -0.103  0.131  0.054  0.014 -0.218 -0.313  0.121 -0.251 -0.174  0.123  1.000 -0.815 -0.500 -0.043  0.028  0.030  0.028 -0.065 -0.005  0.019  0.020  0.005 -0.203 -0.141  0.179  0.090  0.000 -0.007 -0.011 -0.135
  -0.312  0.364  0.349  0.093 -0.007 -0.072 -0.067 -0.005 -0.001 -0.077 -0.100  0.121 -0.163 -0.093  0.036  0.283  0.170  0.074  0.224  0.202 -0.133 -0.815  1.000  0.171 -0.132 -0.195 -0.128 -0.150  0.028 -0.049 -0.125 -0.129 -0.008  0.101  0.054  0.003  0.060 -0.019 -0.081 -0.222  0.112
  -0.025  0.312  0.111  0.203  0.123 -0.114  0.026  0.087  0.066 -0.188  0.011 -0.007 -0.054 -0.260  0.003  0.229  0.439 -0.274  0.213  0.398 -0.081 -0.500  0.171  1.000  0.275  0.115  0.240  0.129  0.139  0.031  0.266  0.358 -0.018  0.092  0.015 -0.372 -0.264  0.023  0.118  0.381  0.339
   0.414  0.146 -0.282  0.324  0.175 -0.044 -0.094  0.308  0.259 -0.088 -0.053 -0.027  0.055  0.118  0.106  0.167  0.140 -0.101  0.206  0.186  0.051 -0.043 -0.132  0.275  1.000  0.575  0.332  0.439  0.757  0.682  0.473  0.511  0.090  0.632  0.572 -0.219 -0.204  0.046  0.197  0.667  0.158
   0.324  0.076 -0.226  0.231  0.149 -0.044 -0.026  0.250  0.211 -0.008  0.028 -0.018  0.042 -0.002  0.062  0.053  0.068 -0.096  0.099 -0.149  0.029  0.028 -0.195  0.115  0.575  1.000  0.316  0.391  0.618  0.701  0.435  0.484  0.062  0.533  0.597 -0.161 -0.165  0.039  0.173  0.595  0.017
  -0.134 -0.116  0.151 -0.027 -0.042 -0.100  0.074  0.027  0.011 -0.439  0.093  0.039 -0.034  0.040 -0.000  0.101  0.186 -0.140  0.096  0.128  0.158  0.030 -0.128  0.240  0.332  0.316  1.000  0.279  0.353  0.392  0.598  0.654 -0.024  0.250  0.315 -0.207 -0.171  0.025  0.129  0.413  0.207
   0.208  0.053 -0.134  0.151  0.138 -0.150  0.113  0.222  0.199  0.029  0.063 -0.019  0.043  0.204 -0.086  0.015  0.168 -0.165  0.095  0.076  0.103  0.028 -0.150  0.129  0.439  0.391  0.279  1.000  0.472  0.465  0.438  0.460  0.050  0.387  0.385 -0.157 -0.147  0.035  0.161  0.498  0.110
   0.412  0.047 -0.277  0.328  0.119 -0.005 -0.162  0.315  0.261 -0.112 -0.051  0.013  0.028  0.123  0.146  0.269  0.195 -0.093  0.261  0.224 -0.009 -0.065  0.028  0.139  0.757  0.618  0.353  0.472  1.000  0.846  0.541  0.576  0.093  0.801  0.715 -0.264 -0.235  0.049  0.216  0.709  0.191
   0.334  0.056 -0.217  0.264  0.128 -0.028 -0.071  0.271  0.223 -0.033  0.054 -0.001  0.022 -0.020  0.107  0.163  0.140 -0.109  0.168 -0.162  0.138 -0.005 -0.049  0.031  0.682  0.701  0.392  0.465  0.846  1.000  0.552  0.619  0.064  0.711  0.851 -0.247 -0.229  0.047  0.216  0.718  0.044
  -0.202  0.126  0.291  0.054  0.093 -0.187  0.213  0.000 -0.017 -0.018  0.346  0.124  0.082  0.048 -0.049  0.076  0.248 -0.219  0.030  0.116  0.094  0.019 -0.125  0.266  0.473  0.435  0.598  0.438  0.541  0.552  1.000  0.801 -0.009  0.433  0.444 -0.269 -0.232  0.037  0.187  0.557  0.194
  -0.170  0.074  0.258  0.009  0.047 -0.177  0.244  0.015 -0.003 -0.022  0.377 -0.044  0.101 -0.063 -0.059  0.107  0.307 -0.254  0.042  0.124  0.137  0.020 -0.129  0.358  0.511  0.484  0.654  0.460  0.576  0.619  0.801  1.000 -0.016  0.438  0.493 -0.311 -0.262  0.039  0.195  0.643  0.245
   0.122  0.004 -0.107  0.044  0.013  0.026 -0.048  0.110  0.099 -0.011 -0.095 -0.006  0.004  0.045  0.022  0.024 -0.016  0.029  0.021  0.018 -0.023  0.005 -0.008 -0.018  0.090  0.062 -0.024  0.050  0.093  0.064 -0.009 -0.016  1.000  0.083  0.056  0.041  0.030  0.003  0.003  0.047 -0.012
   0.340  0.133 -0.214  0.291  0.113 -0.007 -0.143  0.260  0.215 -0.085 -0.059  0.044  0.016  0.156  0.118  0.234  0.178 -0.082  0.219  0.145 -0.091 -0.203  0.101  0.092  0.632  0.533  0.250  0.387  0.801  0.711  0.433  0.438  0.083  1.000  0.647 -0.223 -0.194  0.041  0.175  0.564  0.124
   0.280  0.137 -0.172  0.187  0.044  0.035 -0.114  0.231  0.191 -0.043  0.026  0.009  0.008  0.010  0.082  0.138  0.137 -0.105  0.170 -0.184  0.213 -0.141  0.054  0.015  0.572  0.597  0.315  0.385  0.715  0.851  0.444  0.493  0.056  0.647  1.000 -0.219 -0.196  0.039  0.180  0.588  0.004
  -0.114 -0.061  0.070 -0.083 -0.014 -0.010  0.038  0.010  0.027  0.218 -0.045  0.016 -0.021  0.068 -0.007 -0.222 -0.479  0.337 -0.089 -0.163 -0.021  0.179  0.003 -0.372 -0.219 -0.161 -0.207 -0.157 -0.264 -0.247 -0.269 -0.311  0.041 -0.223 -0.219  1.000  0.376 -0.034 -0.176 -0.393 -0.194
  -0.119 -0.032  0.083 -0.083 -0.024 -0.007  0.035  0.007  0.020  0.133 -0.060  0.010 -0.023  0.039  0.006 -0.105 -0.326  0.271 -0.075 -0.103 -0.031  0.090  0.060 -0.264 -0.204 -0.165 -0.171 -0.147 -0.235 -0.229 -0.232 -0.262  0.030 -0.194 -0.196  0.376  1.000 -0.029 -0.145 -0.336 -0.136
   0.035  0.002 -0.028  0.022  0.012 -0.003 -0.007  0.022  0.017 -0.012 -0.004 -0.000  0.003  0.012  0.010  0.015  0.021 -0.018  0.015  0.010  0.006  0.000 -0.019  0.023  0.046  0.039  0.025  0.035  0.049  0.047  0.037  0.039  0.003  0.041  0.039 -0.034 -0.029  1.000  0.023  0.057  0.013
   0.131  0.011 -0.100  0.113  0.063 -0.020 -0.033  0.095  0.015 -0.076 -0.024  0.013  0.011  0.032  0.043  0.081  0.103 -0.079  0.074  0.039  0.034 -0.007 -0.081  0.118  0.197  0.173  0.129  0.161  0.216  0.216  0.187  0.195  0.003  0.175  0.180 -0.176 -0.145  0.023  1.000  0.280  0.063
   0.404  0.041 -0.295  0.298  0.158 -0.055 -0.061  0.355  0.292 -0.128 -0.023 -0.026  0.010 -0.043  0.090  0.156  0.288 -0.255  0.212  0.117  0.104 -0.011 -0.222  0.381  0.667  0.595  0.413  0.498  0.709  0.718  0.557  0.643  0.047  0.564  0.588 -0.393 -0.336  0.057  0.280  1.000  0.205
   0.002 -0.030  0.021  0.070  0.018 -0.140  0.102  0.011 -0.000 -0.187  0.010  0.078 -0.173  0.002  0.037  0.213  0.230 -0.091  0.183  0.552  0.082 -0.135  0.112  0.339  0.158  0.017  0.207  0.110  0.191  0.044  0.194  0.245 -0.012  0.124  0.004 -0.194 -0.136  0.013  0.063  0.205  1.000

0                ***   ***   ***  ***   ***   ***



     X        Q2         W2       THEORY         DATA         ERROR        chi^2     _w    ITYPE
.4831E+00     3.585  0.472E+01   0.17950E+00   0.18590E+00    0.56080E-02  -1.30          jl00106F2p
.4904E+00     3.624  0.465E+01   0.17459E+00   0.18170E+00    0.55227E-02  -1.66          jl00106F2p
.4978E+00     3.663  0.458E+01   0.16967E+00   0.17590E+00    0.53000E-02  -1.38          jl00106F2p
.5052E+00     3.702  0.451E+01   0.16479E+00   0.16780E+00    0.50774E-02  -0.35          jl00106F2p
.5127E+00     3.740  0.444E+01   0.15990E+00   0.16030E+00    0.48549E-02  -0.01          jl00106F2p
.5202E+00     3.779  0.437E+01   0.15506E+00   0.15490E+00    0.47707E-02   0.00          jl00106F2p
.5278E+00     3.818  0.430E+01   0.15021E+00   0.15390E+00    0.46872E-02  -0.62          jl00106F2p
.5355E+00     3.857  0.423E+01   0.14537E+00   0.14960E+00    0.45486E-02  -0.87          jl00106F2p
.5433E+00     3.895  0.416E+01   0.14053E+00   0.13750E+00    0.42438E-02   0.51          jl00106F2p
.5511E+00     3.934  0.409E+01   0.13577E+00   0.13020E+00    0.40224E-02   1.91          jl00106F2p
.5590E+00     3.973  0.402E+01   0.13101E+00   0.12690E+00    0.40224E-02   1.05          jl00106F2p
.5669E+00     4.012  0.395E+01   0.12634E+00   0.12380E+00    0.39408E-02   0.41          jl00106F2p
.5749E+00     4.051  0.388E+01   0.12168E+00   0.12040E+00    0.38013E-02   0.11          jl00106F2p
.5830E+00     4.089  0.381E+01   0.11707E+00   0.11930E+00    0.38013E-02  -0.34          jl00106F2p
.5912E+00     4.128  0.374E+01   0.11249E+00   0.11430E+00    0.35805E-02  -0.26          jl00106F2p
.5995E+00     4.167  0.367E+01   0.10795E+00   0.10560E+00    0.33601E-02   0.49          jl00106F2p
.6000E+00     4.169  0.366E+01   0.10768E+00   0.10820E+00    0.31765E-02  -0.03          jl00106F2p
.6097E+00     4.214  0.358E+01   0.10251E+00   0.10210E+00    0.30017E-02   0.02          jl00106F2p
.6195E+00     4.259  0.350E+01   0.97413E-01   0.97600E-01    0.28653E-02  -0.00          jl00106F2p
.6293E+00     4.304  0.342E+01   0.92456E-01   0.89300E-01    0.26420E-02   1.43          jl00106F2p
.6393E+00     4.349  0.334E+01   0.87546E-01   0.86400E-01    0.25554E-02   0.20          jl00106F2p
.6494E+00     4.395  0.325E+01   0.82737E-01   0.79900E-01    0.24187E-02   1.38          jl00106F2p
.6597E+00     4.440  0.317E+01   0.77996E-01   0.76600E-01    0.23324E-02   0.36          jl00106F2p
.6700E+00     4.485  0.309E+01   0.73408E-01   0.76100E-01    0.23324E-02  -1.33          jl00106F2p
.6804E+00     4.530  0.301E+01   0.68937E-01   0.73900E-01    0.22472E-02  -4.88          jl00106F2p
.5300E+00     3.995  0.442E+01   0.14719E+00   0.15580E+00    0.52498E-02  -2.69          jl00106F2p
