# fitpack15: fit parameters                                                                         
# CJ15_AV18                                                                                         
# Created on 07/02/2015 at 06:47:54                                                                 

 # QCD setup
  INS	                    0
  NVL                          11
  IORD                          1
  Q02                   1.6899999999999999     
  IPARAMC                       7
  FLAVOR                5.0000000000000000     
  xmc                   1.3000000000000000     
  xmb                   4.5000000000000000     
  ncb                          12

 # Theory corrections
  inuke                     10314
  itmc                          1
  iht                           1

 # fit parameters
 LAMBDA       0.22680        0.0000    
 a0uv          2.4940        0.0000    
 a1uv         0.62311       0.26234E-01
 a2uv          3.5245       0.16832E-01
 a3uv          0.0000        0.0000    
 a4uv          3.2365       0.52774    
 a5uv          0.0000        0.0000    
 a0dv          24.072        0.0000    
 a1dv          1.1497       0.59492E-01
 a2dv          6.7380       0.21967    
 a3dv         -3.6044       0.11852    
 a4dv          5.0622       0.27477    
 a5dv          0.0000        0.0000    
 a0ud         0.14217       0.56290E-02
 a1ud        -0.21722       0.42964E-02
 a2ud          8.5406       0.18639    
 a3ud          0.0000        0.0000    
 a4ud          16.349        1.5519    
 a5ud          0.0000        0.0000    
 a0du          35712.        0.0000    
 a1du          3.9826       0.53409E-01
 a2du          20.109       0.69746    
 a3du          17.000        0.0000    
 a4du          44.034        6.3069    
 a0g           46.180        0.0000    
 a1g          0.61562       0.37446E-01
 a2g           5.7843        1.1171    
 a3g          -3.2636       0.17799    
 a4g           2.9449       0.29377    
 a5g           0.0000        0.0000    
 kappa        0.40000        0.0000    
 a6dv        -0.80168E-03   0.28805E-02
 a7dv          2.0000        0.0000    
 x0_KP        0.31163       0.85365E-01
 C_KP         0.26633       0.13590    
 ht1          -3.0608       0.25075    
 ht2           1.7172       0.10606    
 ht3          -2.0687       0.27986E-01
 ht4           0.0000        0.0000    
 dummy40       0.0000        0.0000    
 dummy41       0.0000        0.0000    
 dummy42       0.0000        0.0000    
 dummy43       0.0000        0.0000    
 dummy44       0.0000        0.0000    
 dummy45       0.0000        0.0000    
 dummy46       0.0000        0.0000    
 dummy47       0.0000        0.0000    
 dummy48       0.0000        0.0000    
 dummy49       0.0000        0.0000    
 bcdmsh2      0.97275       0.55620E-02
 bcdmsd2      0.99530       0.62241E-02
 ccfr          1.0000        0.0000    
 nutev         1.0000        0.0000    
 zeus         0.97998        0.0000    
 h1            1.0162        0.0000    
 e605          1.0167       0.30318E-01
 NmcH2         1.0173       0.77526E-02
 ntv_nu        1.0000        0.0000    
 ntv_nubar     1.0000        0.0000    
 cdf_jet      0.98910        0.0000    
 d0_jet       0.83504        0.0000    
 slac_p        1.0011       0.57120E-02
 slac_d        1.0064       0.58782E-02
 e866pp       0.97295       0.21319E-01
 e866pd       0.99118       0.20990E-01
 d0_gamjet     1.0388       0.16768E-01
 h1b          0.97608        0.0000    
 jlab_p       0.99073       0.67084E-02
 jlab_d       0.98009       0.65752E-02
 blank         1.0000        0.0000    
 d0run2       0.93139       0.16196E-01
 cdfrun2      0.91904       0.18369E-01
 HERA_el      0.99988       0.34143E-02
 HERA_ps      0.99546       0.31504E-02
 CDF_Z        0.97653        0.0000    
 NmcRat        1.0000        0.0000    
 BNS_F2nd     0.98405        0.0000    
 END 0. 0.

 # Hessian matrix (Bevington alpha)
   0.41676573507535E+07 -0.11808593409087E+07  0.21279365794151E+06  0.62793075465177E+06 -0.14729595288976E+06  0.36718414911232E+05  0.80620839418184E+05  0.96047591998451E+06 -0.14584199410638E+06 -0.47946387159500E+05  0.71449411228845E+04  0.83668495250287E+04  0.10362246361350E+04 -0.10987145172545E+02  0.19681935036356E+05 -0.25352201695233E+04  0.21554032041196E+05  0.13152292647631E+05 -0.79071387730536E+07 -0.11148858800676E+06  0.11824373650062E+06
  -0.11808593409087E+07  0.39218524015129E+06 -0.61825560925310E+05 -0.14641612790942E+06  0.38835571036025E+05 -0.18942082962587E+04 -0.16170333412704E+05 -0.15982375710222E+06  0.29887693711032E+05  0.79520585518735E+04 -0.10974374272062E+04 -0.62017404962542E+03 -0.71235304413566E+02 -0.48894944733268E+00 -0.27731818299081E+04  0.21490025631663E+03 -0.24867278216605E+04 -0.11842187458086E+04  0.26745878447355E+07  0.28933444566871E+05 -0.39758020175605E+05
   0.21279365794151E+06 -0.61825560925310E+05  0.10950546811444E+05  0.31316692073955E+05 -0.75294888363175E+04  0.15137276956142E+04  0.39263234043136E+04  0.41398699892747E+05 -0.64218929448831E+04 -0.21876783458479E+04  0.30519784301132E+03  0.22415864202629E+03  0.36317842966578E+02 -0.71964439979346E+00  0.67256419970681E+03 -0.83153334573071E+02  0.67762691878039E+03  0.40655258531232E+03 -0.41486603184876E+06 -0.56678790471660E+04  0.62270074677667E+04
   0.62793075465177E+06 -0.14641612790942E+06  0.31316692073955E+05  0.17208624349759E+06 -0.35299663356177E+05  0.17832050086360E+05  0.25046979260963E+05  0.21261903659099E+06 -0.25030715921339E+05 -0.11769621307712E+05  0.16763319302924E+04  0.50118404836612E+03  0.56031141142030E+02  0.67937691714778E+01  0.42063238894004E+04 -0.57790374034839E+03  0.41635556852123E+04  0.27236351357493E+04 -0.13304653949474E+07 -0.35176553613330E+05  0.22611408230186E+05
  -0.14729595288976E+06  0.38835571036025E+05 -0.75294888363175E+04 -0.35299663356177E+05  0.81447364082602E+04 -0.21130751737776E+04 -0.46684604053250E+04 -0.26496782172797E+05  0.21115345442200E+04  0.18409714104652E+04 -0.21726263339422E+03 -0.18522313981809E+03 -0.13104392251877E+02 -0.10893348251777E+01 -0.54929713746032E+03  0.58003429834867E+02 -0.42586369351105E+03 -0.24148312120897E+03  0.36304343996716E+06  0.76799702929341E+04 -0.65848651406096E+04
   0.36718414911232E+05 -0.18942082962587E+04  0.15137276956142E+04  0.17832050086360E+05 -0.21130751737776E+04  0.47644380323808E+04  0.34605808589507E+04  0.52356117172030E+05 -0.78327136579591E+04 -0.22496143903528E+04  0.40057781310419E+03 -0.30951472201711E+02  0.35379681334407E+01  0.22503374293667E+01  0.83149574007793E+03 -0.15443709968150E+03  0.10728111517852E+04  0.80354068600482E+03 -0.30854490008432E+04 -0.29751890664413E+04 -0.71936639876432E+03
   0.80620839418184E+05 -0.16170333412704E+05  0.39263234043136E+04  0.25046979260963E+05 -0.46684604053250E+04  0.34605808589507E+04  0.39800952484503E+04  0.35188615597458E+05 -0.38550784145248E+04 -0.19655238093180E+04  0.28202822028281E+03  0.10967811305081E+03  0.10177156214644E+02  0.15334649661128E+01  0.58076816789869E+03 -0.91480201826850E+02  0.54362326846909E+03  0.40211605519467E+03 -0.14186445653274E+06 -0.49275724799268E+04  0.22094567494829E+04
   0.96047591998451E+06 -0.15982375710222E+06  0.41398699892747E+05  0.21261903659099E+06 -0.26496782172797E+05  0.52356117172030E+05  0.35188615597458E+05  0.43034901365488E+07 -0.22674513705988E+07 -0.73495477932349E+05  0.18629690315180E+05  0.26312168299965E+05  0.20292862524211E+04  0.82397397185576E+02  0.22437759912582E+05 -0.49961660590843E+04  0.46301779566709E+05  0.29242808597083E+05 -0.61720154756034E+06 -0.24842100406858E+05 -0.95157556963662E+03
  -0.14584199410638E+06  0.29887693711032E+05 -0.64218929448831E+04 -0.25030715921339E+05  0.21115345442200E+04 -0.78327136579591E+04 -0.38550784145248E+04 -0.22674513705988E+07  0.21118617459791E+07  0.15595750259906E+05 -0.44653272579088E+04 -0.56360622802858E+04 -0.38541921736999E+03 -0.19100876244605E+02  0.47636337004491E+05 -0.21181719407253E+04  0.18709030741854E+05  0.91769121068162E+04  0.52038943817207E+05  0.25240927643582E+04  0.12348622543810E+04
  -0.47946387159500E+05  0.79520585518735E+04 -0.21876783458479E+04 -0.11769621307712E+05  0.18409714104652E+04 -0.22496143903528E+04 -0.19655238093180E+04 -0.73495477932349E+05  0.15595750259906E+05  0.24511972803188E+04 -0.49414931790486E+03 -0.69525646531461E+03 -0.67521347973908E+02 -0.90612717572100E+00 -0.18209781682334E+04  0.25049971796914E+03 -0.21471618810282E+04 -0.13723153837094E+04  0.46028281543236E+05  0.16848695191209E+04 -0.42414087803188E+03
   0.71449411228845E+04 -0.10974374272062E+04  0.30519784301132E+03  0.16763319302924E+04 -0.21726263339422E+03  0.40057781310419E+03  0.28202822028281E+03  0.18629690315180E+05 -0.44653272579088E+04 -0.49414931790486E+03  0.11761294705670E+03  0.17867111704378E+03  0.14430817785363E+02  0.43036607842676E+00  0.52462716129686E+03 -0.62615238665710E+02  0.57645696833829E+03  0.34764971985505E+03 -0.49156751629457E+04 -0.19902518665900E+03  0.28332227363656E+01
   0.83668495250287E+04 -0.62017404962542E+03  0.22415864202629E+03  0.50118404836612E+03 -0.18522313981809E+03 -0.30951472201711E+02  0.10967811305081E+03  0.26312168299965E+05 -0.56360622802858E+04 -0.69525646531461E+03  0.17867111704378E+03  0.28149439343218E+04  0.18195426348783E+03  0.31312953103746E+01  0.11435265007588E+04 -0.15152485425131E+03  0.15281837977827E+04  0.90736928434756E+03 -0.72898854681744E+04 -0.48193822577617E+02  0.25199502801618E+03
   0.10362246361350E+04 -0.71235304413566E+02  0.36317842966578E+02  0.56031141142030E+02 -0.13104392251877E+02  0.35379681334407E+01  0.10177156214644E+02  0.20292862524211E+04 -0.38541921736999E+03 -0.67521347973908E+02  0.14430817785363E+02  0.18195426348783E+03  0.15488864378719E+02  0.26016993509011E-01  0.70437280839512E+02 -0.10759673757845E+02  0.10267120574186E+03  0.65419748796118E+02 -0.43373205146881E+03  0.12202972525953E+02  0.18534177629597E+02
  -0.10987145172545E+02 -0.48894944733268E+00 -0.71964439979346E+00  0.67937691714778E+01 -0.10893348251777E+01  0.22503374293667E+01  0.15334649661128E+01  0.82397397185576E+02 -0.19100876244605E+02 -0.90612717572100E+00  0.43036607842676E+00  0.31312953103746E+01  0.26016993509011E-01  0.64169285975884E-01  0.74552817626693E+01 -0.47083164366936E+00  0.42907268301033E+01  0.19249837436557E+01 -0.31938931814918E+02 -0.46917085874492E+01 -0.20470143742285E+00
   0.19681935036356E+05 -0.27731818299081E+04  0.67256419970681E+03  0.42063238894004E+04 -0.54929713746032E+03  0.83149574007793E+03  0.58076816789869E+03  0.22437759912582E+05  0.47636337004491E+05 -0.18209781682334E+04  0.52462716129686E+03  0.11435265007588E+04  0.70437280839512E+02  0.74552817626693E+01  0.21231571203494E+05 -0.18796618026317E+04  0.17535526942114E+05  0.98297691177377E+04 -0.20619615366323E+05  0.39675733948009E+03 -0.26001835678037E+03
  -0.25352201695233E+04  0.21490025631663E+03 -0.83153334573071E+02 -0.57790374034839E+03  0.58003429834867E+02 -0.15443709968150E+03 -0.91480201826850E+02 -0.49961660590843E+04 -0.21181719407253E+04  0.25049971796914E+03 -0.62615238665710E+02 -0.15152485425131E+03 -0.10759673757845E+02 -0.47083164366936E+00 -0.18796618026317E+04  0.20068293924611E+03 -0.18752861241244E+04 -0.10997348114554E+04  0.14529286778329E+04 -0.57575779594382E+02  0.64277107397936E+02
   0.21554032041196E+05 -0.24867278216605E+04  0.67762691878039E+03  0.41635556852123E+04 -0.42586369351105E+03  0.10728111517852E+04  0.54362326846909E+03  0.46301779566709E+05  0.18709030741854E+05 -0.21471618810282E+04  0.57645696833829E+03  0.15281837977827E+04  0.10267120574186E+03  0.42907268301033E+01  0.17535526942114E+05 -0.18752861241244E+04  0.17946496230529E+05  0.10454202147619E+05 -0.20153446534772E+05  0.64815237131008E+03 -0.32548002240645E+03
   0.13152292647631E+05 -0.11842187458086E+04  0.40655258531232E+03  0.27236351357493E+04 -0.24148312120897E+03  0.80354068600482E+03  0.40211605519467E+03  0.29242808597083E+05  0.91769121068162E+04 -0.13723153837094E+04  0.34764971985505E+03  0.90736928434756E+03  0.65419748796118E+02  0.19249837436557E+01  0.98297691177377E+04 -0.10997348114554E+04  0.10454202147619E+05  0.61850178601229E+04 -0.95987724545109E+04  0.40761363944439E+03 -0.29284676986643E+03
  -0.79071387730536E+07  0.26745878447355E+07 -0.41486603184876E+06 -0.13304653949474E+07  0.36304343996716E+06 -0.30854490008432E+04 -0.14186445653274E+06 -0.61720154756034E+06  0.52038943817207E+05  0.46028281543236E+05 -0.49156751629457E+04 -0.72898854681744E+04 -0.43373205146881E+03 -0.31938931814918E+02 -0.20619615366323E+05  0.14529286778329E+04 -0.20153446534772E+05 -0.95987724545109E+04  0.25652360591365E+08  0.32464686814091E+06 -0.45691410814698E+06
  -0.11148858800676E+06  0.28933444566871E+05 -0.56678790471660E+04 -0.35176553613330E+05  0.76799702929341E+04 -0.29751890664413E+04 -0.49275724799268E+04 -0.24842100406858E+05  0.25240927643582E+04  0.16848695191209E+04 -0.19902518665900E+03 -0.48193822577617E+02  0.12202972525953E+02 -0.46917085874492E+01  0.39675733948009E+03 -0.57575779594382E+02  0.64815237131008E+03  0.40761363944439E+03  0.32464686814091E+06  0.86105095880282E+04 -0.60879895738171E+04
   0.11824373650062E+06 -0.39758020175605E+05  0.62270074677667E+04  0.22611408230186E+05 -0.65848651406096E+04 -0.71936639876432E+03  0.22094567494829E+04 -0.95157556963662E+03  0.12348622543810E+04 -0.42414087803188E+03  0.28332227363656E+01  0.25199502801618E+03  0.18534177629597E+02 -0.20470143742285E+00 -0.26001835678037E+03  0.64277107397936E+02 -0.32548002240645E+03 -0.29284676986643E+03 -0.45691410814698E+06 -0.60879895738171E+04  0.91195264739287E+04

 # Covariance matrix (Bevington epsilon)
   0.68821618993121E-03 -0.36561851270376E-04 -0.13530028455906E-01  0.50887556167377E-03  0.31745217516948E-03  0.44410556511812E-03 -0.35650465057146E-02  0.83749291452680E-04  0.57704357580942E-04 -0.21383045573439E-02 -0.26843624383215E-01 -0.92215107860123E-04 -0.29701660967140E-02  0.16709373014244E-01  0.19647491169628E-03  0.30473180159401E-02  0.54425365203820E-03 -0.92444887693657E-03 -0.23175176911044E-04 -0.27276221672446E-03 -0.12430578961566E-02  0.10491122666688E-03 -0.43487449375953E-03 -0.10322499648127E-03  0.44436251997135E-04  0.42859383082103E-04 -0.18832067262455E-03  0.26122281628913E-04  0.50529240948620E-04  0.30812216120009E-04 -0.21960930529191E-03 -0.20325643831235E-03  0.64706589488729E-04  0.54799974682956E-04  0.24087211856942E-04 -0.44982243793755E-04 -0.54826657448223E-04  0.30648571712562E-05  0.78706946877490E-05
  -0.36561851270391E-04  0.28331640116039E-03  0.20383208103724E-02 -0.18660341720055E-03  0.34773832200951E-03 -0.67099335300195E-03  0.11397588517035E-02 -0.62700363237714E-05 -0.47033984582199E-05  0.35818027766733E-03  0.26587629492904E-02  0.52160325397303E-05  0.58598482093802E-03  0.17324731629431E-02  0.14076223142224E-04  0.39946291628324E-02  0.44640084636398E-03 -0.68623810165575E-04 -0.30658202721770E-04 -0.39951786036330E-03 -0.12099374436576E-02 -0.15632957452080E-02  0.53481751963279E-03 -0.52897800902779E-04  0.85003657720199E-05  0.88539863106444E-05 -0.34511378979779E-04  0.68077317580334E-05  0.11899462111975E-04 -0.40353701205517E-06  0.30135298289646E-04  0.17576041275906E-04  0.84122716015848E-05  0.30645188930028E-04  0.77768691382813E-06  0.27420274110663E-05  0.85467184690302E-06  0.36948014726128E-06 -0.65828971600459E-07
  -0.13530028455906E-01  0.20383208103721E-02  0.27850672932153E+00 -0.10114880732707E-01  0.23257615571396E-02 -0.12281223743498E-01  0.76487113734503E-01 -0.16108457442702E-02 -0.11164720991138E-02  0.47684638652402E-01  0.56491979531109E+00  0.22837860346257E-02  0.60725428100451E-01 -0.34410346767050E+00 -0.36445938395109E-02 -0.52551643104777E-01 -0.11007341506046E-01  0.18769780045449E-01  0.41484949073102E-03  0.15313175962414E-02  0.23711662487551E-01 -0.61921492949186E-02  0.86475220470557E-02  0.21542975632372E-02 -0.53218990908654E-03 -0.59484602960028E-03  0.41031193314095E-02 -0.23073371847083E-03 -0.65101759525039E-03 -0.32735632983189E-03  0.52711285652268E-02  0.49489288537290E-02 -0.10650636776572E-02 -0.67197912443717E-03 -0.19341568016175E-03  0.62962905261313E-03  0.82529154510742E-03 -0.46230954921072E-04 -0.10759487827516E-03
   0.50887556167381E-03 -0.18660341720054E-03 -0.10114880732707E-01  0.35393105793775E-02  0.88106433323198E-02 -0.24454464924109E-03 -0.98105341679928E-02  0.10671210334383E-03  0.72351295308747E-04 -0.27947208273522E-02 -0.38323297939667E-01  0.10434417037120E-02 -0.11590932541292E-01  0.73776108123723E-01  0.46847108133500E-03  0.32020122510063E-02 -0.31061349420331E-03  0.10716531974750E-05  0.30699241622640E-04  0.95235454937035E-03  0.18576466006338E-02 -0.22804670607203E-02  0.65669530866432E-04  0.44339371557689E-03  0.55448659735981E-04  0.42017040259820E-04 -0.35071733980996E-03  0.10963362875766E-04  0.31483984168021E-04  0.53161672780452E-04 -0.25211519943021E-03 -0.37546167489275E-03  0.41612036444163E-04  0.46881719329852E-05  0.44248183661217E-04 -0.11017396414005E-03 -0.92954181816598E-04  0.20254222776937E-05  0.11843035659617E-04
   0.31745217516959E-03  0.34773832200951E-03  0.23257615571376E-02  0.88106433323198E-02  0.48255246558399E-01 -0.14197791514774E-01  0.19481903102102E-02  0.52771696775103E-04  0.26500032785854E-04  0.65243542939726E-02  0.89773832961439E-02  0.25488080679128E-02 -0.21029758596429E-01  0.16769432312806E+00  0.11949977370844E-02 -0.26196116562941E-01 -0.13147594726985E-01  0.15991857299407E-01  0.11550823582764E-03 -0.63001418943352E-02  0.10257303481447E-01  0.34513234479447E-02 -0.56806137562946E-02  0.41685531720433E-04  0.21299790513002E-03  0.10290195753088E-03 -0.47246384470593E-03  0.21766491057459E-03  0.10389225744142E-04  0.11015059797912E-03  0.74416411397789E-04 -0.12096033003920E-03  0.26168607078944E-03 -0.97069533027475E-05  0.49697061126565E-04 -0.22475683649782E-04 -0.31381630788375E-04  0.11268869945837E-04  0.42264674441325E-04
   0.44410556511814E-03 -0.67099335300196E-03 -0.12281223743499E-01 -0.24454464924109E-03 -0.14197791514774E-01  0.14047111909848E-01 -0.21518098285751E-01  0.19541811539765E-03  0.14408442383292E-03 -0.50046743575696E-02 -0.68385939578329E-01  0.10575856993587E-02 -0.80683294878870E-02 -0.15326367347885E+00 -0.53577614891888E-03 -0.25618179975817E-01  0.41485395414856E-02 -0.10608161699804E-01  0.93810027860308E-04  0.22170888930898E-02  0.26225053671124E-02  0.22799177162849E-02 -0.47935017410391E-03  0.33497817730959E-03 -0.37295547492245E-04 -0.42637361260025E-04 -0.69073046022763E-03 -0.18028945171375E-03 -0.36033005665319E-04 -0.53687831277368E-05 -0.57096104883858E-03 -0.65465989275253E-03  0.31966374403416E-05 -0.80111944839363E-04  0.55013878976892E-04 -0.12738935892672E-03 -0.81623599363655E-04 -0.37493805814054E-05 -0.77974073573402E-05
  -0.35650465057147E-02  0.11397588517035E-02  0.76487113734505E-01 -0.98105341679927E-02  0.19481903102107E-02 -0.21518098285751E-01  0.75495892486577E-01 -0.76388559973951E-03 -0.53746406160330E-03  0.29063164813587E-01  0.30840013686686E+00 -0.48255026741023E-02  0.62078919686224E-01 -0.26366508991379E-01 -0.11515013692983E-02  0.49231486490050E-02 -0.83432821840055E-02  0.17267900390811E-01 -0.53659635342988E-04 -0.34894581491923E-02  0.94288304256376E-03  0.63412354312958E-02 -0.21492044687146E-02 -0.69594581474069E-03 -0.45477775592917E-04  0.11418553649878E-04  0.20372844242577E-02  0.32171832246768E-03 -0.89235905791741E-04 -0.30385440842123E-04  0.23514056202443E-02  0.28564325009321E-02 -0.25575921829007E-03 -0.22260102935258E-04 -0.90761866609078E-04  0.41388131741911E-03  0.33123727472971E-03 -0.22302415189444E-05 -0.10687212004376E-04
   0.83749291452680E-04 -0.62700363237699E-05 -0.16108457442702E-02  0.10671210334382E-03  0.52771696775089E-04  0.19541811539765E-03 -0.76388559973950E-03  0.31685399711785E-04  0.23632895232928E-04 -0.47643229497764E-03 -0.71372802616794E-02  0.37940481632262E-04 -0.72744351621763E-03 -0.19999774558223E-02 -0.17250527595188E-04 -0.99970580004293E-04  0.25318993459912E-03 -0.41751731027772E-03 -0.13791719639963E-05 -0.10247618211777E-04 -0.91448962588412E-04 -0.11572542747612E-03  0.40056477926956E-05  0.66926525826599E-05  0.84353496112512E-05  0.78733071403624E-05 -0.17240960507197E-04  0.69606826653802E-05  0.88014191388314E-05  0.72646843941131E-05 -0.21925198887911E-04 -0.23543348370252E-04  0.12442419394543E-04  0.83681399889085E-05  0.66462803172441E-05 -0.26095342850103E-05 -0.19955080874863E-05  0.43157443487087E-06  0.14726668416299E-05
   0.57704357580942E-04 -0.47033984582189E-05 -0.11164720991138E-02  0.72351295308744E-04  0.26500032785844E-04  0.14408442383291E-03 -0.53746406160329E-03  0.23632895232928E-04  0.18459098110146E-04 -0.33068141118772E-03 -0.51813460947312E-02  0.25344995347906E-04 -0.49521359252686E-03 -0.15342352432800E-02 -0.27102465930636E-04 -0.30720393839332E-03  0.19863666124903E-03 -0.34335402090054E-03 -0.89721583974214E-06 -0.69583566462785E-05 -0.61345760083269E-04 -0.84886408867324E-04  0.54260610235566E-05  0.41718688808324E-05  0.54833966388967E-05  0.51254221816178E-05 -0.13627932306072E-04  0.47906624531628E-05  0.56253320704244E-05  0.45998313933371E-05 -0.16668000591961E-04 -0.17779675607538E-04  0.86315573910932E-05  0.53307563776468E-05  0.42273327245667E-05 -0.75969178895838E-06 -0.44735391569197E-06  0.26630376627563E-06  0.15319838875048E-06
  -0.21383045573439E-02  0.35818027766729E-03  0.47684638652402E-01 -0.27947208273521E-02  0.65243542939729E-02 -0.50046743575695E-02  0.29063164813586E-01 -0.47643229497764E-03 -0.33068141118772E-03  0.34740712790282E-01  0.22015213562691E+00 -0.18640641953088E-02  0.44661852644288E-01 -0.13203596089638E+00 -0.73721743186513E-03 -0.54583509709966E-01 -0.14432103772146E-01  0.16863202418995E-01  0.13972104527727E-03 -0.25571107379057E-02  0.87220643284726E-02  0.11027047549435E-01 -0.41404652036460E-02 -0.49681399206341E-03 -0.28103523773311E-04 -0.13764483231754E-04 -0.13325764920683E-02  0.11517286324670E-03 -0.12896558168467E-03  0.13368551691500E-04  0.79588516339746E-03  0.93880414069994E-03 -0.80041953570406E-04 -0.13784268642951E-03  0.27274730244458E-04  0.60217201689846E-03  0.44683750260909E-03 -0.62643085662602E-05 -0.25902121882253E-04
  -0.26843624383215E-01  0.26587629492900E-02  0.56491979531109E+00 -0.38323297939665E-01  0.89773832961474E-02 -0.68385939578328E-01  0.30840013686686E+00 -0.71372802616794E-02 -0.51813460947312E-02  0.22015213562691E+00  0.24083483944716E+01 -0.15819681016582E-01  0.34123886646960E+00 -0.46924345029181E+00 -0.35056932368393E-02 -0.20379814797570E+00 -0.84253118117652E-01  0.10506834638062E+00  0.98777195041943E-03 -0.86479589611715E-02  0.60600068627658E-01  0.74361601189978E-01 -0.26365791944175E-01  0.98716374898536E-03 -0.17601076202461E-04  0.23954438373826E-03  0.11167770893349E-01  0.14697187384774E-02 -0.33898482012412E-03  0.82440773238861E-03  0.17057036733865E-01  0.18768771562613E-01 -0.27187043738624E-02 -0.54201177711396E-03  0.82278448433401E-03  0.23282314665041E-03 -0.39600311044435E-03 -0.20027569079391E-04 -0.14728675118617E-04
  -0.92215107860111E-04  0.52160325397245E-05  0.22837860346254E-02  0.10434417037120E-02  0.25488080679128E-02  0.10575856993587E-02 -0.48255026741024E-02  0.37940481632263E-04  0.25344995347907E-04 -0.18640641953088E-02 -0.15819681016583E-01  0.28524929611789E-02 -0.30460427951428E-01 -0.77458952932995E-01  0.22650217894465E-03 -0.33047088515154E-02 -0.81579137287492E-03  0.52800151096736E-03  0.24732205962059E-04 -0.46043552003448E-04  0.13395587928401E-02 -0.52534318528410E-03  0.13485718919565E-03  0.10929074524484E-03 -0.76340105178416E-05 -0.10448139828982E-04 -0.28625367553726E-04 -0.29794735470077E-04 -0.12828223664698E-04  0.45318929002222E-05  0.45197154976956E-04 -0.11887861489076E-03  0.48754498523016E-05 -0.16597150104165E-04  0.10052661344686E-04 -0.15436845061974E-04 -0.56212706574987E-05 -0.33515324863987E-06  0.19655411801470E-05
  -0.29701660967141E-02  0.58598482093798E-03  0.60725428100453E-01 -0.11590932541292E-01 -0.21029758596429E-01 -0.80683294878869E-02  0.62078919686224E-01 -0.72744351621764E-03 -0.49521359252687E-03  0.44661852644288E-01  0.34123886646960E+00 -0.30460427951428E-01  0.48644394459969E+00  0.85749863181922E+00 -0.42177573658928E-02 -0.37731498695591E-01  0.62104389996193E-02 -0.12166882407173E-01 -0.14709447434834E-03 -0.15009976746218E-03 -0.72067631231189E-02  0.15832093222053E-01 -0.65960168382037E-02 -0.12584037950131E-02  0.21698521158014E-03  0.18852380345981E-03  0.41295200274826E-03  0.43833994877995E-03  0.23177035372601E-03  0.76642088403232E-04  0.25333294461312E-02  0.27161533971639E-02 -0.22022068931157E-03  0.29266546015963E-03  0.21518847801593E-04  0.39887548447519E-04 -0.12567801737709E-03  0.54907825750747E-05  0.29703388523911E-04
   0.16709373014244E-01  0.17324731629437E-02 -0.34410346767050E+00  0.73776108123722E-01  0.16769432312806E+00 -0.15326367347885E+00 -0.26366508991373E-01 -0.19999774558224E-02 -0.15342352432800E-02 -0.13203596089638E+00 -0.46924345029179E+00 -0.77458952932996E-01  0.85749863181923E+00  0.39776376675225E+02  0.20641285495577E-01  0.11977921565603E+01 -0.87734266036521E-01  0.30282106372912E+00 -0.15915069521227E-02  0.13415991719914E+00 -0.54165497504426E-01 -0.70769183258311E-01  0.24374028605031E-01 -0.20970609902298E-01  0.34956140633660E-02 -0.14276574623769E-03  0.10462531159327E-01  0.82731749325660E-02  0.48717644898779E-02 -0.87373666351626E-03  0.70613607563962E-02 -0.94148890765249E-02  0.15219253778636E-02  0.63443962437057E-02 -0.29091737600203E-03  0.52364805923349E-02  0.31598122467292E-02  0.16414666521060E-03  0.66361023026228E-03
   0.19647491169627E-03  0.14076223142230E-04 -0.36445938395108E-02  0.46847108133498E-03  0.11949977370844E-02 -0.53577614891891E-03 -0.11515013692982E-02 -0.17250527595189E-04 -0.27102465930637E-04 -0.73721743186509E-03 -0.35056932368388E-02  0.22650217894464E-03 -0.42177573658927E-02  0.20641285495576E-01  0.14021994970679E-02  0.27399681194897E-01 -0.27614339904318E-02  0.71960667200446E-02 -0.13947955641588E-04  0.57802646142155E-04 -0.63031566113676E-03  0.42839500943720E-03  0.17637649936076E-04 -0.66066257138156E-04  0.21549149503629E-04  0.18580176402809E-04 -0.26675207053342E-04 -0.25663615680947E-04  0.32097888278435E-04  0.20123421565381E-04 -0.73673429744456E-04 -0.85898447025449E-04  0.17754707724942E-04  0.33224479863054E-04  0.14112562881456E-04  0.80941068628408E-05  0.88385079803509E-05  0.14028987919851E-05  0.47364398651936E-05
   0.30473180159396E-02  0.39946291628326E-02 -0.52551643104766E-01  0.32020122510057E-02 -0.26196116562941E-01 -0.25618179975818E-01  0.49231486490093E-02 -0.99970580004369E-04 -0.30720393839337E-03 -0.54583509709964E-01 -0.20379814797567E+00 -0.33047088515155E-02 -0.37731498695587E-01  0.11977921565603E+01  0.27399681194897E-01  0.12479835201225E+01  0.39150632874213E-01  0.10271671301484E+00 -0.13365003690935E-02  0.29562819725746E-01 -0.66918570703496E-01 -0.69675015784896E-01  0.46415943423174E-01  0.38305336046007E-02  0.52165206514338E-03  0.60488476238086E-03  0.12187462271327E-02 -0.29157828034080E-03  0.17239537568514E-02  0.77309432003994E-03 -0.11419718038245E-03 -0.26510790978175E-03 -0.20344223525810E-03  0.19414944522164E-02  0.44875154178600E-03 -0.27545305342660E-02 -0.14093391312623E-02  0.26690640128453E-04  0.14527455359429E-03
   0.54425365203816E-03  0.44640084636399E-03 -0.11007341506045E-01 -0.31061349420335E-03 -0.13147594726985E-01  0.41485395414856E-02 -0.83432821840054E-02  0.25318993459912E-03  0.19863666124903E-03 -0.14432103772146E-01 -0.84253118117652E-01 -0.81579137287491E-03  0.62104389996193E-02 -0.87734266036520E-01 -0.27614339904318E-02  0.39150632874213E-01  0.31681099647242E-01 -0.44654637048693E-01 -0.15212494225947E-03  0.57892027625619E-02 -0.87096904490469E-02 -0.20436809963245E-01  0.79584759518533E-02  0.20465332104793E-02  0.53086744821851E-04  0.85572122942758E-04  0.17086998213248E-03  0.10251587576269E-03  0.20852068380673E-03  0.11938535873123E-03  0.20084356960971E-03  0.20876051253702E-03 -0.10880727238510E-03  0.22399839177405E-03  0.10159402597335E-03 -0.13221136714238E-02 -0.99726131466202E-03  0.70397839793646E-05  0.34688828104840E-04
  -0.92444887693660E-03 -0.68623810165579E-04  0.18769780045450E-01  0.10716531974622E-05  0.15991857299407E-01 -0.10608161699804E-01  0.17267900390811E-01 -0.41751731027773E-03 -0.34335402090055E-03  0.16863202418995E-01  0.10506834638062E+00  0.52800151096734E-03 -0.12166882407172E-01  0.30282106372912E+00  0.71960667200446E-02  0.10271671301484E+00 -0.44654637048693E-01  0.86301749045419E-01  0.52218666272020E-04 -0.56296039639545E-02  0.43203197689097E-02  0.22655974833964E-01 -0.49981622451366E-02 -0.30970585696068E-02 -0.13483273110244E-03 -0.17827591240852E-03 -0.39221624291526E-03 -0.28246276674974E-03 -0.22309604585187E-03 -0.22650458960288E-03 -0.59651545208765E-03 -0.62056938873234E-03  0.15808487477278E-03 -0.20048998079420E-03 -0.23185316988075E-03  0.20804222544338E-02  0.17520794857327E-02 -0.16037327922808E-04 -0.71781294091679E-04
  -0.23175176911041E-04 -0.30658202721771E-04  0.41484949073096E-03  0.30699241622642E-04  0.11550823582765E-03  0.93810027860310E-04 -0.53659635343002E-04 -0.13791719639960E-05 -0.89721583974194E-06  0.13972104527727E-03  0.98777195041933E-03  0.24732205962059E-04 -0.14709447434835E-03 -0.15915069521226E-02 -0.13947955641588E-04 -0.13365003690935E-02 -0.15212494225947E-03  0.52218666272016E-04  0.82970681117742E-05  0.14209082935324E-04  0.37320964907503E-03  0.11469280093570E-03 -0.71729304206782E-04  0.23625671131518E-04  0.87290672333413E-06 -0.15897468630880E-05  0.80953716528242E-05  0.37781354472209E-06 -0.21107523302152E-05  0.10699112582486E-05  0.92237113938014E-05  0.10696480225335E-04 -0.46896221279456E-06 -0.46585585272229E-05  0.28519707418186E-05 -0.26843066316560E-05 -0.95635029720857E-06 -0.32146655628574E-07  0.20663863028216E-06
  -0.27276221672445E-03 -0.39951786036330E-03  0.15313175962411E-02  0.95235454937037E-03 -0.63001418943351E-02  0.22170888930898E-02 -0.34894581491923E-02 -0.10247618211776E-04 -0.69583566462777E-05 -0.25571107379058E-02 -0.86479589611720E-02 -0.46043552003451E-04 -0.15009976746225E-03  0.13415991719914E+00  0.57802646142162E-04  0.29562819725747E-01  0.57892027625620E-02 -0.56296039639545E-02  0.14209082935324E-04  0.72871583496335E-02  0.18889462980080E-03 -0.61572536042645E-02  0.32360248228108E-02  0.13259134765091E-02 -0.11819170519502E-04 -0.12990965668523E-04 -0.22829631115287E-05 -0.38867250020953E-04  0.20499917334019E-04 -0.14910296910424E-05  0.71478102138870E-04 -0.30953072131262E-04 -0.17042958700969E-03 -0.45422733943795E-04 -0.10436470205640E-04 -0.19311859691643E-03 -0.13759179293246E-03 -0.42990352643870E-05 -0.19904482882274E-05
  -0.12430578961565E-02 -0.12099374436577E-02  0.23711662487548E-01  0.18576466006339E-02  0.10257303481447E-01  0.26225053671125E-02  0.94288304256309E-03 -0.91448962588398E-04 -0.61345760083260E-04  0.87220643284722E-02  0.60600068627654E-01  0.13395587928401E-02 -0.72067631231195E-02 -0.54165497504423E-01 -0.63031566113673E-03 -0.66918570703496E-01 -0.87096904490468E-02  0.43203197689094E-02  0.37320964907503E-03  0.18889462980081E-03  0.18469175277787E-01  0.75783345036703E-02 -0.46625310185538E-02  0.92891542356721E-03  0.47662813531776E-04 -0.54369383880691E-04  0.34916658549030E-03  0.41776003175500E-04 -0.12592523642398E-03  0.74884714525959E-04  0.51233425840302E-03  0.55601153945847E-03 -0.29967234838052E-04 -0.25474695473433E-03  0.15905505749084E-03 -0.86770472323035E-04 -0.23815399149605E-04 -0.11603539763768E-05  0.12646566150638E-04
   0.10491122666692E-03 -0.15632957452080E-02 -0.61921492949194E-02 -0.22804670607203E-02  0.34513234479446E-02  0.22799177162849E-02  0.63412354312958E-02 -0.11572542747612E-03 -0.84886408867322E-04  0.11027047549435E-01  0.74361601189977E-01 -0.52534318528413E-03  0.15832093222053E-01 -0.70769183258311E-01  0.42839500943720E-03 -0.69675015784895E-01 -0.20436809963245E-01  0.22655974833964E-01  0.11469280093569E-03 -0.61572536042645E-02  0.75783345036702E-02  0.62876999587735E-01 -0.22297787793312E-01 -0.32869594231811E-02 -0.18257238026136E-05 -0.12704672392127E-04  0.61693443269596E-03  0.92239151309172E-04 -0.11455752559603E-03 -0.19854600483755E-04  0.46848151002811E-03  0.58450102155579E-03  0.12864946849035E-03 -0.32474541319565E-03 -0.19567138924083E-03  0.78262450108569E-03  0.50119047571480E-03  0.33343201235318E-05  0.67099455483678E-05
  -0.43487449375957E-03  0.53481751963278E-03  0.86475220470564E-02  0.65669530866451E-04 -0.56806137562945E-02 -0.47935017410395E-03 -0.21492044687145E-02  0.40056477926914E-05  0.54260610235537E-05 -0.41404652036460E-02 -0.26365791944173E-01  0.13485718919567E-03 -0.65960168382037E-02  0.24374028605032E-01  0.17637649936072E-04  0.46415943423174E-01  0.79584759518532E-02 -0.49981622451365E-02 -0.71729304206778E-04  0.32360248228108E-02 -0.46625310185536E-02 -0.22297787793312E-01  0.11249714595798E-01  0.71362553911420E-03 -0.88992207742083E-04 -0.84041122463635E-04 -0.37583779763531E-03 -0.12395724212898E-03  0.49995273392678E-04 -0.18489838113685E-04 -0.29670087311396E-03 -0.34618752113263E-03 -0.81698123459680E-04  0.10083116494448E-03  0.24567370991530E-04 -0.65344887933040E-04  0.39896477810523E-04 -0.76608245273993E-05 -0.28090507136897E-04
  -0.10322499648126E-03 -0.52897800902782E-04  0.21542975632370E-02  0.44339371557690E-03  0.41685531720446E-04  0.33497817730959E-03 -0.69594581474075E-03  0.66926525826612E-05  0.41718688808333E-05 -0.49681399206345E-03  0.98716374898492E-03  0.10929074524484E-03 -0.12584037950132E-02 -0.20970609902298E-01 -0.66066257138155E-04  0.38305336046007E-02  0.20465332104794E-02 -0.30970585696068E-02  0.23625671131518E-04  0.13259134765091E-02  0.92891542356721E-03 -0.32869594231810E-02  0.71362553911419E-03  0.78321840503009E-03  0.30660957239795E-04  0.18657712091508E-04  0.11693148877869E-03  0.15900360811239E-04  0.95184457985196E-05  0.15160539350536E-04  0.12628926559003E-03  0.13960142174412E-03 -0.32066028099018E-04 -0.12462996194322E-04  0.15017761376244E-04 -0.16985755622153E-03 -0.13147485517674E-03  0.88694557850271E-06  0.78748043272787E-05
   0.44436251997135E-04  0.85003657720208E-05 -0.53218990908654E-03  0.55448659735977E-04  0.21299790513000E-03 -0.37295547492245E-04 -0.45477775592914E-04  0.84353496112513E-05  0.54833966388967E-05 -0.28103523773313E-04 -0.17601076202473E-04 -0.76340105178427E-05  0.21698521158015E-03  0.34956140633660E-02  0.21549149503628E-04  0.52165206514340E-03  0.53086744821855E-04 -0.13483273110244E-03  0.87290672333395E-06 -0.11819170519503E-04  0.47662813531767E-04 -0.18257238026162E-05 -0.88992207742081E-04  0.30660957239795E-04  0.30935305998030E-04  0.19600424760392E-04  0.53858963483169E-04  0.19205083359561E-04  0.23415522274641E-04  0.22218561579530E-04  0.53055585576675E-04  0.54812972810088E-04  0.95287073082406E-05  0.22322471910248E-04  0.20879011623753E-04 -0.20676132947911E-04 -0.21537701780273E-04  0.92252624498069E-06  0.36045695930197E-05
   0.42859383082103E-04  0.88539863106453E-05 -0.59484602960028E-03  0.42017040259817E-04  0.10290195753087E-03 -0.42637361260024E-04  0.11418553649883E-04  0.78733071403624E-05  0.51254221816179E-05 -0.13764483231754E-04  0.23954438373826E-03 -0.10448139828983E-04  0.18852380345982E-03 -0.14276574623775E-03  0.18580176402808E-04  0.60488476238087E-03  0.85572122942762E-04 -0.17827591240852E-03 -0.15897468630882E-05 -0.12990965668524E-04 -0.54369383880699E-04 -0.12704672392130E-04 -0.84041122463633E-04  0.18657712091508E-04  0.19600424760392E-04  0.38738803046452E-04  0.54479482008414E-04  0.18635522243755E-04  0.21777795823895E-04  0.25386987216636E-04  0.51705000298621E-04  0.54909268548409E-04  0.57062520222312E-05  0.21518604267496E-04  0.23682804097387E-04 -0.17698402332995E-04 -0.20232406664243E-04  0.82991084595023E-06  0.34347894964500E-05
  -0.18832067262455E-03 -0.34511378979783E-04  0.41031193314095E-02 -0.35071733980995E-03 -0.47246384470591E-03 -0.69073046022762E-03  0.20372844242576E-02 -0.17240960507197E-04 -0.13627932306072E-04 -0.13325764920682E-02  0.11167770893349E-01 -0.28625367553724E-04  0.41295200274824E-03  0.10462531159327E-01 -0.26675207053344E-04  0.12187462271325E-02  0.17086998213247E-03 -0.39221624291528E-03  0.80953716528248E-05 -0.22829631115277E-05  0.34916658549033E-03  0.61693443269598E-03 -0.37583779763532E-03  0.11693148877869E-03  0.53858963483170E-04  0.54479482008414E-04  0.91917540635977E-03  0.70239823152358E-04  0.59503096905501E-04  0.67339281308817E-04  0.40851382233103E-03  0.43203663951746E-03 -0.16166466268712E-04  0.49702106117945E-04  0.61671051412511E-04 -0.78143310756407E-04 -0.77833150430098E-04  0.24768672338080E-05  0.11958894523602E-04
   0.26122281628913E-04  0.68077317580341E-05 -0.23073371847082E-03  0.10963362875763E-04  0.21766491057458E-03 -0.18028945171375E-03  0.32171832246769E-03  0.69606826653802E-05  0.47906624531629E-05  0.11517286324670E-03  0.14697187384774E-02 -0.29794735470078E-04  0.43833994877996E-03  0.82731749325660E-02 -0.25663615680948E-04 -0.29157828034081E-03  0.10251587576269E-03 -0.28246276674975E-03  0.37781354472197E-06 -0.38867250020953E-04  0.41776003175494E-04  0.92239151309169E-04 -0.12395724212897E-03  0.15900360811239E-04  0.19205083359561E-04  0.18635522243755E-04  0.70239823152358E-04  0.60103441672006E-04  0.20547539676187E-04  0.21048827091170E-04  0.72393521554012E-04  0.74689456075463E-04  0.71978143537478E-05  0.19562009725292E-04  0.19380185411759E-04 -0.19664332115972E-04 -0.21175054031084E-04  0.99948992721575E-06  0.40934908669765E-05
   0.50529240948619E-04  0.11899462111976E-04 -0.65101759525037E-03  0.31483984168017E-04  0.10389225744131E-04 -0.36033005665320E-04 -0.89235905791731E-04  0.88014191388314E-05  0.56253320704243E-05 -0.12896558168466E-03 -0.33898482012409E-03 -0.12828223664699E-04  0.23177035372603E-03  0.48717644898779E-02  0.32097888278435E-04  0.17239537568514E-02  0.20852068380673E-03 -0.22309604585187E-03 -0.21107523302153E-05  0.20499917334018E-04 -0.12592523642399E-03 -0.11455752559603E-03  0.49995273392681E-04  0.95184457985190E-05  0.23415522274641E-04  0.21777795823895E-04  0.59503096905501E-04  0.20547539676187E-04  0.32626904833070E-04  0.27494648059928E-04  0.59511479343159E-04  0.60189457564595E-04  0.89405920354494E-05  0.30915122443868E-04  0.25490304255688E-04 -0.25158263161855E-04 -0.25533898424157E-04  0.99445758383901E-06  0.38686965169295E-05
   0.30812216120009E-04 -0.40353701205450E-06 -0.32735632983189E-03  0.53161672780450E-04  0.11015059797911E-03 -0.53687831277366E-05 -0.30385440842121E-04  0.72646843941132E-05  0.45998313933371E-05  0.13368551691498E-04  0.82440773238860E-03  0.45318929002216E-05  0.76642088403238E-04 -0.87373666351629E-03  0.20123421565380E-04  0.77309432003995E-03  0.11938535873123E-03 -0.22650458960289E-03  0.10699112582485E-05 -0.14910296910431E-05  0.74884714525952E-04 -0.19854600483758E-04 -0.18489838113683E-04  0.15160539350535E-04  0.22218561579530E-04  0.25386987216636E-04  0.67339281308817E-04  0.21048827091170E-04  0.27494648059928E-04  0.34553612285563E-04  0.66631184149553E-04  0.70610321216641E-04  0.50630413276284E-05  0.25711244437702E-04  0.32886349899089E-04 -0.26322457963676E-04 -0.26825370979439E-04  0.93618198198106E-06  0.40987679719550E-05
