# fitpack15: fit parameters                                                                         
# CJ15_AV18                                                                                         
# Created on 07/02/2015 at 07:00:43                                                                 

 # QCD setup
  INS	                    0
  NVL                          11
  IORD                          1
  Q02                   1.6899999999999999     
  IPARAMC                       7
  FLAVOR                4.0000000000000000     
  xmc                   1.3000000000000000     
  xmb                   4.5000000000000000     
  ncb                          12

 # Theory corrections
  inuke                     10314
  itmc                          1
  iht                           1

 # fit parameters
 LAMBDA       0.22680        0.0000    
 a0uv          2.4181        0.0000    
 a1uv         0.61557       0.26921E-01
 a2uv          3.5374       0.13807E-01
 a3uv          0.0000        0.0000    
 a4uv          3.3970       0.55387    
 a5uv          0.0000        0.0000    
 a0dv          20.931        0.0000    
 a1dv          1.1132       0.51105E-01
 a2dv          6.5760       0.26318    
 a3dv         -3.5444       0.15365    
 a4dv          4.9473       0.20878    
 a5dv          0.0000        0.0000    
 a0ud         0.13930       0.52899E-02
 a1ud        -0.21924       0.41530E-02
 a2ud          8.4133       0.16560    
 a3ud          0.0000        0.0000    
 a4ud          16.757        1.3880    
 a5ud          0.0000        0.0000    
 a0du          35712.        0.0000    
 a1du          3.9781       0.56411E-01
 a2du          20.041       0.75011    
 a3du          17.000        0.0000    
 a4du          62.856        21.562    
 a0g           47.144        0.0000    
 a1g          0.61316       0.39276E-01
 a2g           6.1964        1.2655    
 a3g          -3.2924       0.17968    
 a4g           3.0493       0.34471    
 a5g           0.0000        0.0000    
 kappa        0.40000        0.0000    
 a6dv        -0.50245E-02   0.11014E-02
 a7dv          2.0000        0.0000    
 x0_KP        0.25394       0.37224    
 C_KP        -0.36358       0.28245    
 ht1          -3.0589       0.31324    
 ht2           1.7214       0.12463    
 ht3          -2.0605       0.36964E-01
 ht4           0.0000        0.0000    
 dummy40       0.0000        0.0000    
 dummy41       0.0000        0.0000    
 dummy42       0.0000        0.0000    
 dummy43       0.0000        0.0000    
 dummy44       0.0000        0.0000    
 dummy45       0.0000        0.0000    
 dummy46       0.0000        0.0000    
 dummy47       0.0000        0.0000    
 dummy48       0.0000        0.0000    
 dummy49       0.0000        0.0000    
 bcdmsh2      0.97245       0.61438E-02
 bcdmsd2      0.99612        0.0000    
 ccfr          1.0000        0.0000    
 nutev         1.0000        0.0000    
 zeus         0.97998        0.0000    
 h1            1.0162        0.0000    
 e605          1.0497       0.30769E-01
 NmcH2         1.0217       0.82769E-02
 ntv_nu        1.0000        0.0000    
 ntv_nubar     1.0000        0.0000    
 cdf_jet      0.98910        0.0000    
 d0_jet       0.83504        0.0000    
 slac_p        1.0011       0.66046E-02
 slac_d        1.0067        0.0000    
 e866pp       0.98942       0.20655E-01
 e866pd        1.0027       0.20874E-01
 d0_gamjet     1.0362       0.16758E-01
 h1b          0.97608        0.0000    
 jlab_p       0.99075       0.74809E-02
 jlab_d       0.97956        0.0000    
 blank         1.0000        0.0000    
 d0run2       0.93124       0.16199E-01
 cdfrun2      0.91693       0.18442E-01
 HERA_el      0.99999       0.34157E-02
 HERA_ps      0.99609       0.31841E-02
 CDF_Z        0.97708       0.77028E-02
 NmcRat        1.0000        0.0000    
 BNS_F2nd     0.99858       0.35255E-01
 END 0. 0.

 # Hessian matrix (Bevington alpha)
   0.26373920464627E+07 -0.67938494128841E+06  0.12774361836693E+06 -0.96902356154391E+05 -0.55347070059630E+04 -0.60015669182293E+05 -0.21414719861371E+05  0.42638080214067E+06 -0.10260884542601E+06 -0.19482827735433E+05  0.25586105271859E+04  0.12361920319347E+05  0.14556482394123E+04 -0.78598726373505E+02 -0.15327258473115E+05  0.11485552373127E+04 -0.13836116402749E+05 -0.64062217593019E+04 -0.98708947556396E+06  0.18868985368254E+04  0.71142929638851E+03
  -0.67938494128841E+06  0.21564955844434E+06 -0.33958494655703E+05  0.36479305460749E+04  0.34485201829047E+04  0.10223094914065E+05  0.29191383354123E+04 -0.81153054780973E+05  0.23755287207174E+05  0.32700649034986E+04 -0.42708074325421E+03 -0.13678743760808E+04 -0.13915713032090E+03  0.95671890589187E+01  0.25567815084573E+04 -0.23319084531237E+03  0.24518611215700E+04  0.12784575897051E+04  0.38955527675859E+06 -0.27792123449937E+03 -0.12703807426536E+03
   0.12774361836693E+06 -0.33958494655703E+05  0.62496518211577E+04 -0.42183480845967E+04 -0.34847840375822E+03 -0.28298696272594E+04 -0.97077794628638E+03  0.15683304873297E+05 -0.42201598591200E+04 -0.81363269986454E+03  0.88574582495375E+02  0.43984713903367E+03  0.56160269671399E+02 -0.35321152936612E+01 -0.10607593836523E+04  0.89786616725371E+02 -0.97875032947227E+03 -0.48704367851685E+03 -0.51354943014877E+05  0.86528307105468E+02  0.33914077412485E+02
  -0.96902356154391E+05  0.36479305460749E+04 -0.42183480845967E+04  0.21395674808118E+06 -0.26287561427136E+05  0.47707669088087E+05  0.32317889772878E+05  0.17909298676407E+06  0.87719846202516E+03 -0.81729154797272E+04  0.16258430246608E+04 -0.14905702442564E+04 -0.15870004014816E+03  0.45617237393880E+02  0.25718375894355E+05 -0.30045520386884E+04  0.25769156089145E+05  0.15118743847228E+05 -0.64118118604703E+06 -0.19319910672059E+04 -0.76674684807571E+03
  -0.55347070059630E+04  0.34485201829047E+04 -0.34847840375822E+03 -0.26287561427136E+05  0.39534159569149E+04 -0.43787071564282E+04 -0.37635216708810E+04 -0.14514436976786E+05 -0.10827521880064E+04  0.89051474205919E+03 -0.14194401043440E+03  0.51874501691354E+02  0.91967057827169E+01 -0.39699344784437E+01 -0.20893253152649E+04  0.26371813383921E+03 -0.20981768048464E+04 -0.12919504390172E+04  0.12009701398380E+06  0.31303152738355E+03  0.14127870579093E+03
  -0.60015669182293E+05  0.10223094914065E+05 -0.28298696272594E+04  0.47707669088087E+05 -0.43787071564282E+04  0.14015678841019E+05  0.78701685078662E+04  0.49530764027963E+05 -0.36147887672683E+03 -0.20010572353991E+04  0.44723500004311E+03 -0.59882991369805E+03 -0.53627900988654E+02  0.13353820037887E+02  0.71784059211153E+04 -0.82017840263303E+03  0.73182656491060E+04  0.42267048770753E+04 -0.39778048634750E+05 -0.29712585990721E+03 -0.77580423064707E+02
  -0.21414719861371E+05  0.29191383354123E+04 -0.97077794628638E+03  0.32317889772878E+05 -0.37635216708810E+04  0.78701685078662E+04  0.51510696898652E+04  0.25497174130648E+05  0.84904910351985E+03 -0.12601593245372E+04  0.24057412165754E+03 -0.26012961855800E+03 -0.23989725352491E+02  0.70885447125849E+01  0.36798522870276E+04 -0.43852383949877E+03  0.37467989891964E+04  0.22255548456740E+04 -0.69566056086076E+05 -0.31947329831561E+03 -0.11258983645298E+03
   0.42638080214067E+06 -0.81153054780973E+05  0.15683304873297E+05  0.17909298676407E+06 -0.14514436976786E+05  0.49530764027963E+05  0.25497174130648E+05  0.43388386571033E+07 -0.23190150491037E+07 -0.63552828093562E+05  0.17118417030066E+05  0.28494582213577E+05  0.20769817437874E+04  0.81075384497090E+02  0.57997163565266E+05 -0.68815377796590E+04  0.63008321374086E+05  0.34511567650680E+05 -0.21420235987987E+06 -0.99075897633913E+03 -0.24158221401340E+03
  -0.10260884542601E+06  0.23755287207174E+05 -0.42201598591200E+04  0.87719846202516E+03 -0.10827521880064E+04 -0.36147887672683E+03  0.84904910351985E+03 -0.23190150491037E+07  0.21366872832638E+07  0.13166046641019E+05 -0.40265636728965E+04 -0.66940502716394E+04 -0.42902951324741E+03 -0.12066050278449E+02  0.45742983337774E+05 -0.24886747803966E+04  0.20477836086512E+05  0.11232435483165E+05 -0.27267131227822E+05  0.16723470613054E+03  0.35941691573921E+02
  -0.19482827735433E+05  0.32700649034986E+04 -0.81363269986454E+03 -0.81729154797272E+04  0.89051474205919E+03 -0.20010572353991E+04 -0.12601593245372E+04 -0.63552828093562E+05  0.13166046641019E+05  0.19097927336273E+04 -0.40900217774882E+03 -0.69677927755754E+03 -0.66794412004995E+02 -0.15993805966166E+01 -0.28030103734362E+04  0.32627745838689E+03 -0.27685656689490E+04 -0.16406966977651E+04  0.16073797499711E+05  0.51042912055804E+02  0.14872235403450E+02
   0.25586105271859E+04 -0.42708074325421E+03  0.88574582495375E+02  0.16258430246608E+04 -0.14194401043440E+03  0.44723500004311E+03  0.24057412165754E+03  0.17118417030066E+05 -0.40265636728965E+04 -0.40900217774882E+03  0.10299412290774E+03  0.17778710972692E+03  0.13713534736201E+02  0.51569825351596E+00  0.80228280833862E+03 -0.82090183611572E+02  0.73264312955065E+03  0.41061606760614E+03 -0.21697928411618E+04 -0.68162309231023E+01 -0.16977917055035E+01
   0.12361920319347E+05 -0.13678743760808E+04  0.43984713903367E+03 -0.14905702442564E+04  0.51874501691354E+02 -0.59882991369805E+03 -0.26012961855800E+03  0.28494582213577E+05 -0.66940502716394E+04 -0.69677927755754E+03  0.17778710972692E+03  0.23700414030174E+04  0.16369987784869E+03 -0.72113119057078E+00  0.67346703972804E+03 -0.10135693411165E+03  0.94302441179385E+03  0.57908290162334E+03 -0.31789694496853E+04  0.33275831582336E+02  0.40591987661158E+01
   0.14556482394123E+04 -0.13915713032090E+03  0.56160269671399E+02 -0.15870004014816E+03  0.91967057827169E+01 -0.53627900988654E+02 -0.23989725352491E+02  0.20769817437874E+04 -0.42902951324741E+03 -0.66794412004995E+02  0.13713534736201E+02  0.16369987784869E+03  0.14468714952089E+02 -0.10174994022516E+00  0.27677343673764E+02 -0.61215820721957E+01  0.49898027391835E+02  0.35347532955871E+02 -0.79496927697283E+02  0.79796410522230E+01  0.12715079295307E+01
  -0.78598726373505E+02  0.95671890589187E+01 -0.35321152936612E+01  0.45617237393880E+02 -0.39699344784437E+01  0.13353820037887E+02  0.70885447125849E+01  0.81075384497090E+02 -0.12066050278449E+02 -0.15993805966166E+01  0.51569825351596E+00 -0.72113119057078E+00 -0.10174994022516E+00  0.21539457521547E-01  0.10564018803413E+02 -0.92777634594556E+00  0.83200449734500E+01  0.43985097767013E+01 -0.54759985629019E+02  0.28205277066758E-06 -0.22318811088694E-08
  -0.15327258473115E+05  0.25567815084573E+04 -0.10607593836523E+04  0.25718375894355E+05 -0.20893253152649E+04  0.71784059211153E+04  0.36798522870276E+04  0.57997163565266E+05  0.45742983337774E+05 -0.28030103734362E+04  0.80228280833862E+03  0.67346703972804E+03  0.27677343673764E+02  0.10564018803413E+02  0.27237036253799E+05 -0.24119191026326E+04  0.21349640972412E+05  0.11702762652454E+05 -0.33532986690916E+05  0.19149536437995E+02  0.67458758193492E+01
   0.11485552373127E+04 -0.23319084531237E+03  0.89786616725371E+02 -0.30045520386884E+04  0.26371813383921E+03 -0.82017840263303E+03 -0.43852383949877E+03 -0.68815377796590E+04 -0.24886747803966E+04  0.32627745838689E+03 -0.82090183611572E+02 -0.10135693411165E+03 -0.61215820721957E+01 -0.92777634594556E+00 -0.24119191026326E+04  0.24856694475586E+03 -0.21900934531503E+04 -0.12461292260511E+04  0.46036311767745E+04 -0.34533890471694E+01 -0.13455131826342E+01
  -0.13836116402749E+05  0.24518611215700E+04 -0.97875032947227E+03  0.25769156089145E+05 -0.20981768048464E+04  0.73182656491060E+04  0.37467989891964E+04  0.63008321374086E+05  0.20477836086512E+05 -0.27685656689490E+04  0.73264312955065E+03  0.94302441179385E+03  0.49898027391835E+02  0.83200449734500E+01  0.21349640972412E+05 -0.21900934531503E+04  0.19582289242812E+05  0.11068527810792E+05 -0.33130822714592E+05  0.30247209566053E+02  0.85956779747045E+01
  -0.64062217593019E+04  0.12784575897051E+04 -0.48704367851685E+03  0.15118743847228E+05 -0.12919504390172E+04  0.42267048770753E+04  0.22255548456740E+04  0.34511567650680E+05  0.11232435483165E+05 -0.16406966977651E+04  0.41061606760614E+03  0.57908290162334E+03  0.35347532955871E+02  0.43985097767013E+01  0.11702762652454E+05 -0.12461292260511E+04  0.11068527810792E+05  0.63394433933554E+04 -0.21486468424549E+05  0.21854404559011E+02  0.69174128309649E+01
  -0.98708947556396E+06  0.38955527675859E+06 -0.51354943014877E+05 -0.64118118604703E+06  0.12009701398380E+06 -0.39778048634750E+05 -0.69566056086076E+05 -0.21420235987987E+06 -0.27267131227822E+05  0.16073797499711E+05 -0.21697928411618E+04 -0.31789694496853E+04 -0.79496927697283E+02 -0.54759985629019E+02 -0.33532986690916E+05  0.46036311767745E+04 -0.33130822714592E+05 -0.21486468424549E+05  0.66304654036328E+07  0.50050899344853E+04  0.28253025408233E+04
   0.18868985368254E+04 -0.27792123449937E+03  0.86528307105468E+02 -0.19319910672059E+04  0.31303152738355E+03 -0.29712585990721E+03 -0.31947329831561E+03 -0.99075897633913E+03  0.16723470613054E+03  0.51042912055804E+02 -0.68162309231023E+01  0.33275831582336E+02  0.79796410522230E+01  0.28205277066758E-06  0.19149536437995E+02 -0.34533890471694E+01  0.30247209566053E+02  0.21854404559011E+02  0.50050899344853E+04  0.53330772446901E+03  0.20066499224469E+03
   0.71142929638851E+03 -0.12703807426536E+03  0.33914077412485E+02 -0.76674684807571E+03  0.14127870579093E+03 -0.77580423064707E+02 -0.11258983645298E+03 -0.24158221401340E+03  0.35941691573921E+02  0.14872235403450E+02 -0.16977917055035E+01  0.40591987661158E+01  0.12715079295307E+01 -0.22318811088694E-08  0.67458758193492E+01 -0.13455131826342E+01  0.85956779747045E+01  0.69174128309649E+01  0.28253025408233E+04  0.20066499224469E+03  0.99506426274479E+02

 # Covariance matrix (Bevington epsilon)
   0.72473843952034E-03 -0.13591745323442E-03 -0.14639900694818E-01  0.14303204172687E-03 -0.49052510950498E-03  0.69022519609570E-03 -0.16668940516205E-02  0.64104397860227E-04  0.44753783140756E-04 -0.17891767275730E-02 -0.22405226585808E-01  0.11714623636364E-03 -0.38138966831615E-02  0.29717945411597E+00  0.13680976522812E-03  0.58120356131435E-02  0.37065427399365E-03 -0.14462354267620E-03  0.54749885787442E-05 -0.14715498263198E-03  0.66707158557317E-03  0.10504621010126E-02 -0.92038907721720E-03  0.40611496950922E-04  0.76444843427012E-04 -0.12728750482644E-03  0.64917137728907E-04  0.70701674843773E-04 -0.11825109768219E-03 -0.15163268922893E-03  0.84412542877490E-04  0.62113440766288E-04 -0.65193586768542E-04 -0.65887248673318E-04  0.43641361956165E-05  0.12963038909173E-04  0.63315271302106E-04 -0.18350187310287E-04
  -0.13591745323441E-03  0.19063623395695E-03  0.38477708506075E-02  0.17947767057427E-03  0.10497243691615E-02 -0.47510549728646E-03  0.46060261709200E-03 -0.78687656299787E-05 -0.56888911436033E-05  0.73346136566905E-03  0.49187925815862E-02  0.47602285445781E-04  0.33219820140886E-03 -0.26216351483015E-01 -0.89688894508148E-05  0.52613220910438E-03  0.13609027918390E-03 -0.12519190369864E-03 -0.91494006258255E-06  0.74619405027228E-04 -0.20232827901789E-03 -0.27692046463019E-02  0.75495540894600E-03  0.13089820946641E-03  0.89269516795449E-05 -0.28970906392950E-04  0.18071982084931E-05  0.67460371287511E-06  0.39737727929315E-04  0.34425363447395E-04 -0.58967215611214E-05  0.14737385249234E-04 -0.11139162189950E-04 -0.63062230563116E-05 -0.19498789562908E-06 -0.76688625001152E-07  0.43187218967743E-05 -0.33721034345161E-05
  -0.14639900694818E-01  0.38477708506077E-02  0.30677307629316E+00 -0.64244159722111E-03  0.19190066477471E-01 -0.17833085751440E-01  0.35320001987169E-01 -0.12348524054178E-02 -0.86926672583463E-03  0.40013892256412E-01  0.47734538820265E+00 -0.21285905929701E-02  0.81502504609956E-01 -0.57932087557358E+01 -0.22694399444345E-02 -0.83938873817002E-01 -0.45537784215871E-02  0.15906169540366E-02 -0.96098735276061E-04  0.41567533187754E-02 -0.14581606497296E-01 -0.36932000857607E-01  0.22734388774631E-01  0.64454157620571E-03 -0.11551531558716E-02  0.29365103604803E-02 -0.10092810106231E-02 -0.10311588835476E-02  0.33426918385943E-02  0.39614459472959E-02 -0.15869876112316E-02 -0.82411245447337E-03  0.95453024104224E-03  0.99010620308110E-03 -0.75823714228529E-04 -0.21117920365100E-03 -0.89464683452887E-03  0.28317629149327E-03
   0.14303204172698E-03  0.17947767057425E-03 -0.64244159722326E-03  0.26117509333574E-02  0.11715454594148E-01 -0.62476415599637E-02  0.29839137322240E-02  0.25665543363165E-04  0.13411196797504E-04  0.34833639907733E-03 -0.32741234367996E-02  0.18359506402279E-03  0.83633733740448E-03  0.12299866944380E+00  0.68456715326293E-03  0.25374787044701E-01 -0.90135318030951E-03  0.47038301684555E-02  0.26446751774015E-04  0.21002337653727E-02 -0.74807656821944E-03 -0.35265769961552E-02  0.11000667853758E-02  0.40640104253830E-03  0.93739970945079E-04 -0.71628383873677E-04  0.62383715837547E-04  0.97794573036601E-04  0.99252576600756E-04  0.45849192710240E-04  0.31962426418758E-04  0.87027953361461E-04 -0.79764421504139E-04 -0.71983859864583E-04  0.33024699868812E-05  0.16899663876008E-04  0.10182864164035E-03 -0.19247347295661E-03
  -0.49052510950443E-03  0.10497243691614E-02  0.19190066477460E-01  0.11715454594148E-01  0.69262394947641E-01 -0.38002942094902E-01  0.37564720363182E-01 -0.68991909639687E-04 -0.64394478049548E-04  0.72295676842653E-02  0.46177308726765E-01  0.55200588351447E-03  0.88071643704823E-02  0.50885052467403E+00  0.20117531005942E-02  0.82843560614365E-01 -0.48725828473157E-02  0.19155675334705E-01  0.25904284093366E-04  0.14131275598511E-01 -0.11261914612727E-01 -0.11976810442069E-01  0.29723987426606E-02  0.12252425990190E-02  0.25762765386333E-03 -0.18355653543636E-03  0.26342203241693E-03  0.22725017584038E-03  0.63764404802883E-03  0.42755978873441E-03  0.50844516348056E-05  0.17433686820061E-03 -0.17238462836081E-03 -0.16571020433190E-03  0.81524525069930E-05  0.50185436679638E-04  0.31866243263659E-03 -0.10142275300794E-02
   0.69022519609541E-03 -0.47510549728643E-03 -0.17833085751434E-01 -0.62476415599640E-02 -0.38002942094902E-01  0.23608211092186E-01 -0.24766902349627E-01  0.14053860037557E-03  0.10817309792251E-03 -0.46644648734135E-02 -0.49693929272753E-01  0.37049470685718E-03 -0.11123673162017E-01 -0.57656150207459E+00 -0.94161280612084E-03 -0.55960303115495E-01  0.25034932585530E-02 -0.12842642865221E-01 -0.30532731004342E-04 -0.84224336097475E-02  0.53409320902060E-02  0.69132412443560E-02 -0.25111385171351E-02 -0.64224641690158E-03 -0.86532704364229E-04 -0.17929526303625E-03 -0.17977279784771E-03 -0.83248523073274E-04 -0.49157729805414E-03 -0.40393850825203E-03  0.38329405358622E-04 -0.50371110159776E-04  0.50347756026989E-04  0.21476772131741E-04 -0.23727705852669E-05 -0.17406602597624E-04 -0.10357714215296E-03  0.63051195587119E-03
  -0.16668940516203E-02  0.46060261709200E-03  0.35320001987166E-01  0.29839137322246E-02  0.37564720363184E-01 -0.24766902349628E-01  0.43591011230500E-01 -0.29698315113058E-03 -0.20876651198494E-03  0.10336900104015E-01  0.11240551456746E+00 -0.11812538739431E-02  0.19423216590312E-01  0.27288438363729E+00 -0.93445629157266E-03  0.11370680176967E-03  0.55267534258419E-04  0.16432296097205E-02 -0.72070604396030E-04  0.10865754903214E-01 -0.11464114131456E-01  0.47938308305124E-04 -0.63919886300383E-03 -0.11990787922140E-03 -0.75556941137622E-04  0.47374648867391E-03  0.17591428749458E-03 -0.11290147157731E-03  0.78058892999626E-03  0.82964676560588E-03 -0.17311265444958E-03 -0.14344260391852E-03  0.51329420703578E-04  0.56491768781669E-04 -0.35072639011235E-05 -0.97704652899512E-05 -0.64211707026629E-05 -0.56056625165105E-03
   0.64104397860227E-04 -0.78687656299796E-05 -0.12348524054178E-02  0.25665543363154E-04 -0.68991909639739E-04  0.14053860037560E-03 -0.29698315113060E-03  0.27982576412920E-04  0.21426607327520E-04 -0.33192093192543E-03 -0.56293026972755E-02  0.39068826146421E-04 -0.54425857581425E-03 -0.50385019120451E-02 -0.26373339162704E-04 -0.30678314982598E-04  0.24630665174550E-03 -0.39055581070552E-03  0.65608298064125E-06 -0.55364489715009E-05  0.32807932920129E-04 -0.65373503093679E-04 -0.15427042818073E-04  0.16379675671774E-04  0.10414442517166E-04  0.19217115936476E-05  0.93088520449922E-05  0.10447829365017E-04 -0.38965385108089E-07 -0.22618684355520E-05  0.11214696772687E-04  0.94376209041695E-05 -0.33884898226208E-05 -0.28110448249253E-05  0.47574225049774E-06  0.18076647028108E-05  0.14119005257696E-04  0.34603724498731E-06
   0.44753783140755E-04 -0.56888911436039E-05 -0.86926672583464E-03  0.13411196797497E-04 -0.64394478049584E-04  0.10817309792253E-03 -0.20876651198496E-03  0.21426607327520E-04  0.17247253671564E-04 -0.23418159009838E-03 -0.42152186951684E-02  0.26823885854352E-04 -0.38007864690233E-03 -0.43631611542685E-02 -0.35051276484857E-04 -0.31488484328031E-03  0.20099793855677E-03 -0.34509811555431E-03  0.39228826169686E-06 -0.54891211158486E-05  0.21736986517096E-04 -0.49069268774447E-04 -0.89030017501208E-05  0.10409479074399E-04  0.68602449828656E-05 -0.48793051647444E-06  0.64321327944589E-05  0.67561270531694E-05 -0.17011006624624E-05 -0.32240901362667E-05  0.79012326227548E-05  0.60915799744549E-05 -0.12237721188722E-05 -0.95403004181088E-06  0.29889147417801E-06  0.38332377088161E-06  0.91505246852939E-05  0.39138716797110E-06
  -0.17891767275729E-02  0.73346136566907E-03  0.40013892256411E-01  0.34833639907772E-03  0.72295676842669E-02 -0.46644648734144E-02  0.10336900104015E-01 -0.33192093192543E-03 -0.23418159009837E-03  0.27423489325373E-01  0.16709605540891E+00 -0.29210517439240E-02  0.48826625529032E-01 -0.82928411656618E+00 -0.19130464631590E-03 -0.50055359256792E-01 -0.12627406743888E-01  0.13160330358169E-01 -0.21156826656018E-04  0.13196048950307E-02 -0.19899648893290E-02  0.65129234363829E-02 -0.12598554570393E-02 -0.12566585786126E-02 -0.13182526595708E-03 -0.14710177875895E-02  0.22542039281374E-05 -0.12767228115039E-03  0.26549172106122E-03  0.49548433502972E-03 -0.17850861576276E-03 -0.73678138396718E-04  0.69326769772083E-03  0.47600938773121E-03 -0.10679014752945E-04 -0.39101056566720E-04 -0.79066940098653E-04 -0.13440257023447E-03
  -0.22405226585807E-01  0.49187925815864E-02  0.47734538820265E+00 -0.32741234367957E-02  0.46177308726783E-01 -0.49693929272763E-01  0.11240551456746E+00 -0.56293026972754E-02 -0.42152186951683E-02  0.16709605540891E+00  0.19265864596153E+01 -0.21772683741242E-01  0.32963809070091E+00 -0.64829689596931E+01  0.12495746989573E-02 -0.23907968153083E+00 -0.70931552642394E-01  0.63932723964231E-01 -0.23465617676743E-03  0.13874806218941E-01 -0.27469332653598E-01  0.51982476298369E-01 -0.15384549298484E-01 -0.62458088059081E-02 -0.80784649184012E-03  0.82151133925472E-02  0.51094028767444E-03 -0.48335306464711E-03  0.11332076485234E-01  0.14096606784122E-01 -0.33377613669196E-02 -0.20560841897701E-03  0.58515567450729E-03 -0.53546169176587E-03 -0.48338297037071E-04 -0.94958544192564E-04  0.51426458567994E-03  0.33486187688742E-04
   0.11714623636364E-03  0.47602285445778E-04 -0.21285905929701E-02  0.18359506402277E-03  0.55200588351435E-03  0.37049470685724E-03 -0.11812538739431E-02  0.39068826146421E-04  0.26823885854352E-04 -0.29210517439240E-02 -0.21772683741243E-01  0.31822004597441E-02 -0.36030051332276E-01  0.76864948683354E-02  0.16802388437181E-03  0.69630728066103E-03  0.15813457056966E-03 -0.40621795548949E-03 -0.67172089680615E-06 -0.31244669508653E-04 -0.12347844842502E-02 -0.19433008284204E-02  0.78907238941150E-03  0.93657712360314E-04 -0.66425924909387E-05 -0.27514693402586E-04 -0.59566341744482E-05  0.14119113608294E-05  0.53991666562221E-04 -0.17661702055411E-03  0.22287609732900E-04  0.17003592315203E-05 -0.11012320424548E-04 -0.58094380136141E-05  0.60119426983283E-06  0.19604110695073E-05 -0.21336235078522E-04  0.83487037848754E-04
  -0.38138966831613E-02  0.33219820140888E-03  0.81502504609953E-01  0.83633733740512E-03  0.88071643704849E-02 -0.11123673162018E-01  0.19423216590312E-01 -0.54425857581423E-03 -0.38007864690232E-03  0.48826625529032E-01  0.32963809070090E+00 -0.36030051332276E-01  0.56266802267016E+00 -0.76372472979931E+00 -0.26510942681921E-02 -0.47519360151499E-01  0.72281668795820E-03 -0.65940943613160E-02  0.22634199647926E-04  0.53710304773830E-02  0.15913237800386E-01  0.25704282066978E-01 -0.10673581490977E-01 -0.12541534272102E-02  0.19050972194313E-03 -0.30132870520880E-03  0.83357067197787E-04  0.11850536247837E-03  0.15905499184499E-02  0.26076039903844E-02 -0.29030145328127E-03  0.14810878136633E-03 -0.38763729717405E-04 -0.15203761932208E-03 -0.28675712589004E-05  0.18439156900943E-04  0.20847958147770E-03 -0.18201768115135E-02
   0.29717945411597E+00 -0.26216351483018E-01 -0.57932087557358E+01  0.12299866944376E+00  0.50885052467383E+00 -0.57656150207448E+00  0.27288438363719E+00 -0.50385019120452E-02 -0.43631611542686E-02 -0.82928411656620E+00 -0.64829689596932E+01  0.76864948683358E-02 -0.76372472979939E+00  0.46491374564114E+03  0.87898883899488E-01  0.96528564330001E+01 -0.21548181119961E+00  0.19893445521664E+01  0.30487618249989E-02 -0.94401640101747E-01  0.56979342216811E+00 -0.27795663590170E+00  0.38745570725719E-01  0.46363916549650E-01  0.33974288419385E-01 -0.63043730443972E-01  0.53927583576715E-01  0.30986538985044E-01 -0.44694967473509E-01 -0.10853081211918E+00  0.51323787527178E-01  0.27846155781397E-01 -0.68810911888641E-03  0.53230151721405E-02  0.20677127299404E-02  0.44608185767594E-02 -0.11376521067532E-01 -0.36162813982545E-01
   0.13680976522812E-03 -0.89688894508158E-05 -0.22694399444346E-02  0.68456715326290E-03  0.20117531005940E-02 -0.94161280612070E-03 -0.93445629157283E-03 -0.26373339162703E-04 -0.35051276484857E-04 -0.19130464631595E-03  0.12495746989571E-02  0.16802388437182E-03 -0.26510942681922E-02  0.87898883899481E-01  0.15426434337122E-02  0.34010311923777E-01 -0.36623249825103E-02  0.99673928405896E-02  0.10988313428225E-04  0.76041284194988E-05  0.42386777788299E-03  0.32722919562003E-03  0.10646176766338E-03  0.52601514958878E-04  0.36419562508060E-04  0.54364394336115E-06 -0.96569944066773E-05  0.45027955794664E-04 -0.13166768953300E-04 -0.22774026124203E-04  0.23120281225404E-04  0.39228085651054E-04  0.13521565461081E-05  0.97297195137170E-05  0.17487443665152E-05  0.71898137474576E-05  0.33731653911710E-04 -0.24286318412104E-04
   0.58120356131438E-02  0.52613220910423E-03 -0.83938873817009E-01  0.25374787044700E-01  0.82843560614355E-01 -0.55960303115490E-01  0.11370680176283E-03 -0.30678314982574E-04 -0.31488484328029E-03 -0.50055359256794E-01 -0.23907968153085E+00  0.69630728066122E-03 -0.47519360151503E-01  0.96528564330000E+01  0.34010311923777E-01  0.16015393608717E+01  0.26283238489122E-02  0.23680757250591E+00  0.43490554972333E-03  0.75380476611292E-02  0.25134254289845E-01 -0.70206436769015E-01  0.42101360251412E-01  0.12104134061946E-01  0.19096795146402E-02  0.69245373477701E-03  0.11832000473796E-02  0.25753716821562E-02  0.11471858356902E-02  0.31264857637140E-03  0.15893015890568E-02  0.21367564446041E-02 -0.43040998259542E-02 -0.20537021079365E-02  0.94871087560848E-04  0.38093908480751E-03  0.11264783487231E-02 -0.19498470738593E-02
   0.37065427399367E-03  0.13609027918387E-03 -0.45537784215879E-02 -0.90135318030969E-03 -0.48725828473163E-02  0.25034932585533E-02  0.55267534258517E-04  0.24630665174550E-03  0.20099793855677E-03 -0.12627406743888E-01 -0.70931552642395E-01  0.15813457056964E-03  0.72281668795798E-03 -0.21548181119957E+00 -0.36623249825104E-02  0.26283238489116E-02  0.32284156785208E-01 -0.50492997091380E-01 -0.62607413813841E-05  0.14295825800269E-02 -0.31303810972967E-03 -0.17151488166047E-01  0.50482636304698E-02  0.24330335639126E-02  0.15521990089038E-03  0.60666054813656E-03  0.17761576306105E-03  0.21435895498918E-03  0.61177358311283E-03  0.58488298355965E-03  0.26046091521350E-04  0.18144263138621E-03 -0.15060953742813E-02 -0.11443802438181E-02  0.13486740333856E-04  0.53741736654918E-04  0.30118713672215E-03  0.12287185081683E-05
  -0.14462354267622E-03 -0.12519190369861E-03  0.15906169540373E-02  0.47038301684556E-02  0.19155675334705E-01 -0.12842642865221E-01  0.16432296097195E-02 -0.39055581070552E-03 -0.34509811555432E-03  0.13160330358169E-01  0.63932723964232E-01 -0.40621795548943E-03 -0.65940943613161E-02  0.19893445521663E+01  0.99673928405898E-02  0.23680757250591E+00 -0.50492997091380E-01  0.11882842848581E+00  0.68475319253317E-04 -0.16673637745185E-02  0.49503496457926E-02  0.15188710506372E-01  0.48036561183573E-03 -0.22737325158022E-02 -0.12146428570856E-03 -0.14509231952550E-02 -0.21417939153828E-03 -0.12617817694346E-03 -0.12867676417863E-02 -0.14012927137730E-02  0.22601226249945E-03 -0.13293106101428E-03  0.21425748784252E-02  0.19355582617569E-02 -0.17740362340357E-04 -0.74324077079227E-04 -0.60610894770800E-03 -0.32056935742705E-03
   0.54749885787450E-05 -0.91494006258279E-06 -0.96098735276077E-04  0.26446751774014E-04  0.25904284093356E-04 -0.30532731004336E-04 -0.72070604396037E-04  0.65608298064134E-06  0.39228826169693E-06 -0.21156826656022E-04 -0.23465617676746E-03 -0.67172089680589E-06  0.22634199647918E-04  0.30487618249991E-02  0.10988313428225E-04  0.43490554972333E-03 -0.62607413813816E-05  0.68475319253313E-04  0.12130178893241E-05  0.89222081871880E-05  0.33942698211625E-04 -0.69281183217066E-04  0.28471183378357E-04  0.71003023889787E-05  0.13926981790349E-05 -0.77429535432202E-06  0.79608932937075E-06  0.16681265593687E-05  0.14064215452854E-07 -0.57120466957473E-06  0.81450204599042E-06  0.16393617053689E-05 -0.15734398223466E-05 -0.11269391855719E-05  0.52661563307249E-07  0.23295639902200E-06  0.12267976870760E-05 -0.22072217077305E-05
  -0.14715498263186E-03  0.74619405027213E-04  0.41567533187731E-02  0.21002337653729E-02  0.14131275598512E-01 -0.84224336097476E-02  0.10865754903214E-01 -0.55364489714902E-05 -0.54891211158414E-05  0.13196048950304E-02  0.13874806218937E-01 -0.31244669508631E-04  0.53710304773825E-02 -0.94401640101700E-01  0.76041284195486E-05  0.75380476611314E-02  0.14295825800270E-02 -0.16673637745184E-02  0.89222081871901E-05  0.13856582679185E+00 -0.82144650820775E-01 -0.10939918250860E-02 -0.11083049120048E-03  0.20950608482290E-03  0.60021544135931E-04  0.17123495317981E-03  0.76849739523252E-04  0.63699564465219E-04  0.30434838170852E-03  0.28450510973156E-03 -0.27237349753092E-04  0.44606499005719E-04 -0.17001687120609E-03 -0.15433172466372E-03  0.29635035076110E-05  0.17130965574480E-04  0.12339287106190E-03 -0.12648123418323E-01
   0.66707158557310E-03 -0.20232827901789E-03 -0.14581606497295E-01 -0.74807656821963E-03 -0.11261914612728E-01  0.53409320902064E-02 -0.11464114131456E-01  0.32807932920123E-04  0.21736986517092E-04 -0.19899648893289E-02 -0.27469332653596E-01 -0.12347844842502E-02  0.15913237800386E-01  0.56979342216808E+00  0.42386777788295E-03  0.25134254289844E-01 -0.31303810972972E-03  0.49503496457925E-02  0.33942698211623E-04 -0.82144650820775E-01  0.79779976368116E-01  0.25526780553103E-03  0.49219293329917E-03 -0.19759137024479E-03  0.16650064467051E-04 -0.41493664382589E-03  0.24172467873861E-06  0.35258651521981E-04 -0.37338322457699E-03 -0.42582641927313E-03  0.10723866704880E-03  0.60013038863336E-04  0.46159905635946E-04  0.76934579667752E-04  0.12739828018532E-05 -0.21888315796540E-05 -0.80537512677221E-04  0.62019451170485E-02
   0.10504621010125E-02 -0.27692046463019E-02 -0.36932000857604E-01 -0.35265769961553E-02 -0.11976810442069E-01  0.69132412443559E-02  0.47938308305472E-04 -0.65373503093694E-04 -0.49069268774458E-04  0.65129234363834E-02  0.51982476298374E-01 -0.19433008284205E-02  0.25704282066979E-01 -0.27795663590176E+00  0.32722919562005E-03 -0.70206436769016E-01 -0.17151488166048E-01  0.15188710506372E-01 -0.69281183217067E-04 -0.10939918250860E-02  0.25526780553089E-03  0.98121308110859E-01 -0.32213686013807E-01 -0.53438333648368E-02 -0.12734926061309E-03  0.76894691099587E-03  0.73173928997870E-04 -0.10999086709788E-03  0.29966602703612E-03  0.47565221570458E-03 -0.33456458179106E-04 -0.43314239873167E-03  0.82680466002720E-03  0.44976230411181E-03  0.18722664114146E-05  0.67826817508303E-05  0.76515447648289E-04  0.10773777663457E-03
  -0.92038907721716E-03  0.75495540894600E-03  0.22734388774630E-01  0.11000667853759E-02  0.29723987426610E-02 -0.25111385171352E-02 -0.63919886300378E-03 -0.15427042818070E-04 -0.89030017501188E-05 -0.12598554570394E-02 -0.15384549298485E-01  0.78907238941152E-03 -0.10673581490977E-01  0.38745570725732E-01  0.10646176766338E-03  0.42101360251413E-01  0.50482636304699E-02  0.48036561183554E-03  0.28471183378358E-04 -0.11083049120040E-03  0.49219293329916E-03 -0.32213686013807E-01  0.15532667224605E-01  0.10442397989207E-02 -0.60311190381804E-04 -0.60672372787398E-03 -0.12791867503397E-03  0.78671641097074E-04 -0.26997777298710E-03 -0.33463065313471E-03 -0.15173929478797E-05  0.12623562763757E-03 -0.39262174185456E-04  0.10817315405782E-03 -0.82024409678888E-05 -0.32918047204836E-04 -0.21060101627875E-03 -0.30798763261708E-04
   0.40611496950938E-04  0.13089820946640E-03  0.64454157620537E-03  0.40640104253828E-03  0.12252425990189E-02 -0.64224641690150E-03 -0.11990787922149E-03  0.16379675671775E-04  0.10409479074400E-04 -0.12566585786127E-02 -0.62458088059087E-02  0.93657712360316E-04 -0.12541534272103E-02  0.46363916549656E-01  0.52601514958874E-04  0.12104134061946E-01  0.24330335639127E-02 -0.22737325158022E-02  0.71003023889786E-05  0.20950608482287E-03 -0.19759137024475E-03 -0.53438333648367E-02  0.10442397989207E-02  0.13663372745424E-02  0.49861346665042E-04  0.67007866297896E-04  0.21163483071935E-04 -0.90424639446562E-05  0.87578837432042E-04  0.79159022634394E-04  0.15650399858153E-04 -0.42210521520190E-04 -0.15988897580208E-03 -0.12025635281556E-03  0.19810377214556E-05  0.75434370126598E-05  0.48325928826531E-04 -0.13838884514301E-04
   0.76444843427015E-04  0.89269516795435E-05 -0.11551531558717E-02  0.93739970945067E-04  0.25762765386326E-03 -0.86532704364188E-04 -0.75556941137662E-04  0.10414442517166E-04  0.68602449828659E-05 -0.13182526595710E-03 -0.80784649184027E-03 -0.66425924909380E-05  0.19050972194310E-03  0.33974288419386E-01  0.36419562508060E-04  0.19096795146402E-02  0.15521990089039E-03 -0.12146428570857E-03  0.13926981790348E-05  0.60021544135915E-04  0.16650064467063E-04 -0.12734926061307E-03 -0.60311190381809E-04  0.49861346665041E-04  0.37745830939301E-04  0.61201980929201E-04  0.25831733910874E-04  0.31045338408375E-04  0.59315404961100E-04  0.57240463417720E-04  0.12990702502145E-04  0.29300258151874E-04 -0.25391107541680E-04 -0.26478843282812E-04  0.12055321388657E-05  0.46095786852841E-05  0.31889574464287E-04 -0.50838290595728E-05
  -0.12728750482645E-03 -0.28970906392948E-04  0.29365103604805E-02 -0.71628383873666E-04 -0.18355653543628E-03 -0.17929526303630E-03  0.47374648867396E-03  0.19217115936472E-05 -0.48793051647471E-06 -0.14710177875895E-02  0.82151133925473E-02 -0.27514693402588E-04 -0.30132870520873E-03 -0.63043730443974E-01  0.54364394335516E-06  0.69245373477692E-03  0.60666054813658E-03 -0.14509231952551E-02 -0.77429535432201E-06  0.17123495317983E-03 -0.41493664382590E-03  0.76894691099584E-03 -0.60672372787398E-03  0.67007866297898E-04  0.61201980929201E-04  0.94671260041473E-03  0.74007862519586E-04  0.70488989613459E-04  0.40275030576715E-03  0.44426817176739E-03 -0.23267160233505E-04  0.63361453647574E-04 -0.10003304043676E-03 -0.10482310929041E-03  0.28453921888783E-05  0.14435063767833E-04  0.11139464313878E-03  0.32637165341193E-04
   0.64917137728909E-04  0.18071982084919E-05 -0.10092810106231E-02  0.62383715837539E-04  0.26342203241688E-03 -0.17977279784768E-03  0.17591428749455E-03  0.93088520449924E-05  0.64321327944590E-05  0.22542039281251E-05  0.51094028767433E-03 -0.59566341744480E-05  0.83357067197763E-04  0.53927583576715E-01 -0.96569944066767E-05  0.11832000473796E-02  0.17761576306105E-03 -0.21417939153828E-03  0.79608932937073E-06  0.76849739523240E-04  0.24172467874874E-06  0.73173928997883E-04 -0.12791867503398E-03  0.21163483071934E-04  0.25831733910874E-04  0.74007862519586E-04  0.68506974288962E-04  0.28419830870098E-04  0.75760410715427E-04  0.73097810675471E-04  0.11193211455976E-04  0.26724353476736E-04 -0.23862994889554E-04 -0.25496796302232E-04  0.13236913914300E-05  0.53316458732672E-05  0.33250318571029E-04 -0.54132083651617E-05
   0.70701674843775E-04  0.67460371287374E-06 -0.10311588835476E-02  0.97794573036588E-04  0.22725017584031E-03 -0.83248523073233E-04 -0.11290147157735E-03  0.10447829365017E-04  0.67561270531696E-05 -0.12767228115041E-03 -0.48335306464723E-03  0.14119113608299E-05  0.11850536247834E-03  0.30986538985045E-01  0.45027955794663E-04  0.25753716821562E-02  0.21435895498919E-03 -0.12617817694347E-03  0.16681265593687E-05  0.63699564465204E-04  0.35258651521992E-04 -0.10999086709786E-03  0.78671641097069E-04 -0.90424639446571E-05  0.31045338408375E-04  0.70488989613460E-04  0.28419830870098E-04  0.43620246502799E-04  0.72350648733585E-04  0.70800906917293E-04  0.12605546595540E-04  0.40813056704604E-04 -0.30070428065512E-04 -0.30452649566948E-04  0.12920960313611E-05  0.50918854285518E-05  0.34902411357328E-04 -0.46814020228671E-05
  -0.11825109768219E-03  0.39737727929315E-04  0.33426918385942E-02  0.99252576600770E-04  0.63764404802889E-03 -0.49157729805417E-03  0.78058892999627E-03 -0.38965385107543E-07 -0.17011006624620E-05  0.26549172106121E-03  0.11332076485233E-01  0.53991666562222E-04  0.15905499184499E-02 -0.44694967473507E-01 -0.13166768953303E-04  0.11471858356903E-02  0.61177358311287E-03 -0.12867676417863E-02  0.14064215453001E-07  0.30434838170854E-03 -0.37338322457699E-03  0.29966602703610E-03 -0.26997777298709E-03  0.87578837432047E-04  0.59315404961101E-04  0.40275030576715E-03  0.75760410715428E-04  0.72350648733586E-04  0.42661454510209E-03  0.35588345525166E-03 -0.97797481548641E-05  0.67170313456210E-04 -0.88824519890869E-04 -0.93515154115941E-04  0.27863331538015E-05  0.13748429183215E-04  0.97612339862681E-04  0.28537708325006E-05
  -0.15163268922893E-03  0.34425363447397E-04  0.39614459472958E-02  0.45849192710259E-04  0.42755978873450E-03 -0.40393850825207E-03  0.82964676560591E-03 -0.22618684355518E-05 -0.32240901362665E-05  0.49548433502972E-03  0.14096606784122E-01 -0.17661702055411E-03  0.26076039903844E-02 -0.10853081211918E+00 -0.22774026124207E-04  0.31264857637142E-03  0.58488298355968E-03 -0.14012927137731E-02 -0.57120466957457E-06  0.28450510973158E-03 -0.42582641927314E-03  0.47565221570454E-03 -0.33463065313471E-03  0.79159022634399E-04  0.57240463417721E-04  0.44426817176739E-03  0.73097810675472E-04  0.70800906917293E-04  0.35588345525166E-03  0.43571727167956E-03 -0.19656519429289E-04  0.65436774314698E-04 -0.90663568769337E-04 -0.96788818885144E-04  0.25691646234833E-05  0.13372459921116E-04  0.10760951356787E-03  0.12435739913825E-04
   0.84412542877490E-04 -0.58967215611224E-05 -0.15869876112316E-02  0.31962426418746E-04  0.50844516347432E-05  0.38329405358656E-04 -0.17311265444961E-03  0.11214696772687E-04  0.79012326227548E-05 -0.17850861576277E-03 -0.33377613669196E-02  0.22287609732901E-04 -0.29030145328129E-03  0.51323787527177E-01  0.23120281225404E-04  0.15893015890568E-02  0.26046091521345E-04  0.22601226249946E-03  0.81450204599034E-06 -0.27237349753105E-04  0.10723866704881E-03 -0.33456458179090E-04 -0.15173929478828E-05  0.15650399858151E-04  0.12990702502145E-04 -0.23267160233505E-04  0.11193211455975E-04  0.12605546595539E-04 -0.97797481548646E-05 -0.19656519429289E-04  0.28081866443168E-03  0.11412512638167E-04  0.67690026849586E-05  0.69297350098539E-05  0.41995901864579E-06  0.70724903835393E-06  0.53219062891120E-05 -0.50516161865670E-05
