# fitpack15: fit parameters                                                                         
# CJ15_AV18                                                                                         
# Created on 07/02/2015 at 07:31:15                                                                 

 # QCD setup
  INS	                    0
  NVL                          11
  IORD                          1
  Q02                   1.6899999999999999     
  IPARAMC                       7
  FLAVOR                4.0000000000000000     
  xmc                   1.3000000000000000     
  xmb                   4.5000000000000000     
  ncb                          12

 # Theory corrections
  inuke                         0
  itmc                          1
  iht                           1

 # fit parameters
 LAMBDA       0.22680        0.0000    
 a0uv          2.8074        0.0000    
 a1uv         0.64938       0.19091E-01
 a2uv          3.5333       0.13214E-01
 a3uv          0.0000        0.0000    
 a4uv          2.6979       0.33832    
 a5uv          0.0000        0.0000    
 a0dv          48.925        0.0000    
 a1dv          1.2951       0.33858E-01
 a2dv          7.9123       0.17521    
 a3dv         -3.9221       0.73222E-01
 a4dv          5.2496       0.13747    
 a5dv          0.0000        0.0000    
 a0ud         0.14323       0.50912E-02
 a1ud        -0.21666       0.39142E-02
 a2ud          8.2471       0.16165    
 a3ud          0.0000        0.0000    
 a4ud          14.414        1.1514    
 a5ud          0.0000        0.0000    
 a0du          35712.        0.0000    
 a1du          4.0020       0.47324E-01
 a2du          19.695       0.63810    
 a3du          17.000        0.0000    
 a4du          65.457        10.164    
 a0g           61.968        0.0000    
 a1g          0.66714       0.39510E-01
 a2g           6.7698       0.94112    
 a3g          -3.5560       0.15194    
 a4g           3.5856       0.32987    
 a5g           0.0000        0.0000    
 kappa        0.40000        0.0000    
 a6dv        -0.81315E-02   0.10862E-02
 a7dv          2.0000        0.0000    
 x0_KP        0.32900        0.0000    
 C_KP         0.97630E-01    0.0000    
 ht1          -2.3555       0.19975    
 ht2           1.5222       0.10437    
 ht3          -2.1573       0.32121E-01
 ht4           0.0000        0.0000    
 dummy40       0.0000        0.0000    
 dummy41       0.0000        0.0000    
 dummy42       0.0000        0.0000    
 dummy43       0.0000        0.0000    
 dummy44       0.0000        0.0000    
 dummy45       0.0000        0.0000    
 dummy46       0.0000        0.0000    
 dummy47       0.0000        0.0000    
 dummy48       0.0000        0.0000    
 dummy49       0.0000        0.0000    
 bcdmsh2      0.96808       0.53511E-02
 bcdmsd2      0.99660       0.61302E-02
 ccfr          1.0000        0.0000    
 nutev         1.0000        0.0000    
 zeus         0.97998        0.0000    
 h1            1.0162        0.0000    
 e605          1.0192       0.27868E-01
 NmcH2         1.0153       0.75324E-02
 ntv_nu        1.0000        0.0000    
 ntv_nubar     1.0000        0.0000    
 cdf_jet      0.98910        0.0000    
 d0_jet       0.83504        0.0000    
 slac_p       0.99962       0.53552E-02
 slac_d        1.0035       0.56826E-02
 e866pp       0.95306       0.18721E-01
 e866pd       0.96212       0.17112E-01
 d0_gamjet     1.0403       0.16602E-01
 h1b          0.97608        0.0000    
 jlab_p       0.98723       0.62018E-02
 jlab_d       0.97670       0.62410E-02
 blank         1.0000        0.0000    
 d0run2       0.95388       0.15637E-01
 cdfrun2      0.93335       0.18115E-01
 HERA_el      0.99980       0.34131E-02
 HERA_ps      0.99492       0.31406E-02
 CDF_Z        0.97186       0.66956E-02
 NmcRat        1.0000        0.0000    
 BNS_F2nd     0.96858       0.57174E-02
 END 0. 0.

 # Hessian matrix (Bevington alpha)
   0.46833764248488E+07 -0.13255450522681E+07  0.27598093422015E+06  0.67138826892974E+06 -0.77458182745090E+05 -0.12569142124957E+06  0.42397225548898E+04  0.82334337931029E+06 -0.16283168677109E+06 -0.44475589066340E+05  0.63229745753586E+04  0.12016072394017E+05  0.14185453476449E+04 -0.57092444789157E+02 -0.17906007927663E+05  0.15566562619903E+04 -0.16854398655958E+05 -0.84474065689577E+04 -0.15849984782643E+08
  -0.13255450522681E+07  0.44475956733378E+06 -0.80673969571361E+05 -0.19675009112809E+06  0.17950226985797E+05  0.44405414608074E+05  0.59930868104058E+04 -0.13156102324163E+06  0.29195403610555E+05  0.75556688150229E+04 -0.94365822833457E+03 -0.11997019852213E+04 -0.13162243200303E+03  0.74900558214396E+01  0.34228374110170E+04 -0.42610083107335E+03  0.29031021668014E+04  0.17414636140842E+04  0.55000833422075E+07
   0.27598093422015E+06 -0.80673969571361E+05  0.16431728423186E+05  0.39703250074404E+05 -0.45037705039266E+04 -0.80761023829948E+04 -0.11141540753143E+03  0.37573232367115E+05 -0.75249329093018E+04 -0.22750954312791E+04  0.28652938308396E+03  0.44847211503158E+03  0.60773992125912E+02 -0.30476125813270E+01 -0.13944051025041E+04  0.13877423728897E+03 -0.13016727890712E+04 -0.69438054136012E+03 -0.97168635185269E+06
   0.67138826892974E+06 -0.19675009112809E+06  0.39703250074404E+05  0.32523430213848E+06 -0.34882646447072E+05  0.28985115005171E+05  0.35271883226461E+05  0.30127080901499E+06 -0.25597602595062E+05 -0.15584458536193E+05  0.27697620718557E+04 -0.12362416249799E+04 -0.12730553602562E+03  0.28384245692750E+02  0.20728151647061E+05 -0.23341113677839E+04  0.18235677360472E+05  0.10302953234548E+05 -0.40212745199121E+07
  -0.77458182745090E+05  0.17950226985797E+05 -0.45037705039266E+04 -0.34882646447072E+05  0.44630090400304E+04 -0.24746672164230E+04 -0.40941369496497E+04 -0.26373525542373E+05  0.14504017926656E+04  0.17199376304173E+04 -0.25224205931521E+03  0.13095017586504E+00  0.45909726959677E+01 -0.20718805312655E+01 -0.12703103167804E+04  0.14180804259522E+03 -0.10295123529745E+04 -0.58235617040153E+03  0.37378309170148E+06
  -0.12569142124957E+06  0.44405414608074E+05 -0.80761023829948E+04  0.28985115005171E+05 -0.24746672164230E+04  0.25931821052257E+05  0.12320257813396E+05  0.10045737505568E+06 -0.11236667770358E+05 -0.35244858298814E+04  0.90009178599104E+03 -0.95427923619712E+03 -0.83241631244547E+02  0.11769965818334E+02  0.85019379135165E+04 -0.10147085909342E+04  0.74967128552071E+04  0.43826790964704E+04  0.54861956473239E+06
   0.42397225548898E+04  0.59930868104058E+04 -0.11141540753143E+03  0.35271883226461E+05 -0.40941369496497E+04  0.12320257813396E+05  0.80574142837721E+04  0.56705885092926E+05 -0.48716164540815E+04 -0.26735119002050E+04  0.52543047472709E+03 -0.30630849551267E+03 -0.31699981068138E+02  0.56597900112153E+01  0.38167038525545E+04 -0.45747072633055E+03  0.31855753909029E+04  0.18827413465671E+04 -0.20056501049709E+05
   0.82334337931029E+06 -0.13156102324163E+06  0.37573232367115E+05  0.30127080901499E+06 -0.26373525542373E+05  0.10045737505568E+06  0.56705885092926E+05  0.48659815547900E+07 -0.24776379668871E+07 -0.82373208223201E+05  0.23325145892022E+05  0.22119699121387E+05  0.17056548604435E+04  0.58095013099167E+02  0.53165507642159E+05 -0.70399229299702E+04  0.56803001415833E+05  0.32080598452062E+05 -0.11190341627664E+07
  -0.16283168677109E+06  0.29195403610555E+05 -0.75249329093018E+04 -0.25597602595062E+05  0.14504017926656E+04 -0.11236667770358E+05 -0.48716164540815E+04 -0.24776379668871E+07  0.22172217409062E+07  0.17993131931329E+05 -0.57247320958413E+04 -0.50481512916644E+04 -0.34349388840799E+03 -0.68720016852590E+01  0.45537606491024E+05 -0.25629851769652E+04  0.19444064281216E+05  0.10195905565689E+05  0.35429411922966E+05
  -0.44475589066340E+05  0.75556688150229E+04 -0.22750954312791E+04 -0.15584458536193E+05  0.17199376304173E+04 -0.35244858298814E+04 -0.26735119002050E+04 -0.82373208223201E+05  0.17993131931329E+05  0.26784962510751E+04 -0.60414997747720E+03 -0.60150527112384E+03 -0.59994324100606E+02 -0.11226318836788E+01 -0.26944999042955E+04  0.33600865283821E+03 -0.23424984921270E+04 -0.14124683164051E+04  0.97138250724604E+05
   0.63229745753586E+04 -0.94365822833457E+03  0.28652938308396E+03  0.27697620718557E+04 -0.25224205931521E+03  0.90009178599104E+03  0.52543047472709E+03  0.23325145892022E+05 -0.57247320958413E+04 -0.60414997747720E+03  0.16013908298918E+03  0.16171767013162E+03  0.13243907937318E+02  0.42200466123782E+00  0.86499309423430E+03 -0.96013761977899E+02  0.75076772288347E+03  0.42738801182099E+03 -0.10796995145499E+05
   0.12016072394017E+05 -0.11997019852213E+04  0.44847211503158E+03 -0.12362416249799E+04  0.13095017586504E+00 -0.95427923619712E+03 -0.30630849551267E+03  0.22119699121387E+05 -0.50481512916644E+04 -0.60150527112384E+03  0.16171767013162E+03  0.28037697993900E+04  0.18661063483580E+03 -0.81111656678711E+00  0.70140401747775E+03 -0.10831314658865E+03  0.85686021878363E+03  0.53061345384416E+03 -0.12264189353793E+05
   0.14185453476449E+04 -0.13162243200303E+03  0.60773992125912E+02 -0.12730553602562E+03  0.45909726959677E+01 -0.83241631244547E+02 -0.31699981068138E+02  0.17056548604435E+04 -0.34349388840799E+03 -0.59994324100606E+02  0.13243907937318E+02  0.18661063483580E+03  0.16498946344796E+02 -0.10594337001432E+00  0.35809941844281E+02 -0.74864646274445E+01  0.45102165023705E+02  0.32918933696895E+02 -0.59885568500986E+03
  -0.57092444789157E+02  0.74900558214396E+01 -0.30476125813270E+01  0.28384245692750E+02 -0.20718805312655E+01  0.11769965818334E+02  0.56597900112153E+01  0.58095013099167E+02 -0.68720016852590E+01 -0.11226318836788E+01  0.42200466123782E+00 -0.81111656678711E+00 -0.10594337001432E+00  0.22853081640335E-01  0.89641650068567E+01 -0.76871622202061E+00  0.66466556271340E+01  0.33999585983065E+01 -0.60590649363275E+02
  -0.17906007927663E+05  0.34228374110170E+04 -0.13944051025041E+04  0.20728151647061E+05 -0.12703103167804E+04  0.85019379135165E+04  0.38167038525545E+04  0.53165507642159E+05  0.45537606491024E+05 -0.26944999042955E+04  0.86499309423430E+03  0.70140401747775E+03  0.35809941844281E+02  0.89641650068567E+01  0.28175013604029E+05 -0.26638596238711E+04  0.21740036640965E+05  0.11873458880399E+05 -0.38734806906735E+05
   0.15566562619903E+04 -0.42610083107335E+03  0.13877423728897E+03 -0.23341113677839E+04  0.14180804259522E+03 -0.10147085909342E+04 -0.45747072633055E+03 -0.70399229299702E+04 -0.25629851769652E+04  0.33600865283821E+03 -0.96013761977899E+02 -0.10831314658865E+03 -0.74864646274445E+01 -0.76871622202061E+00 -0.26638596238711E+04  0.29151610590870E+03 -0.22980763939897E+04 -0.13089294659075E+04  0.31320550765248E+04
  -0.16854398655958E+05  0.29031021668014E+04 -0.13016727890712E+04  0.18235677360472E+05 -0.10295123529745E+04  0.74967128552071E+04  0.31855753909029E+04  0.56803001415833E+05  0.19444064281216E+05 -0.23424984921270E+04  0.75076772288347E+03  0.85686021878363E+03  0.45102165023705E+02  0.66466556271340E+01  0.21740036640965E+05 -0.22980763939897E+04  0.18964852140367E+05  0.10578704594557E+05 -0.39399555503198E+05
  -0.84474065689577E+04  0.17414636140842E+04 -0.69438054136012E+03  0.10302953234548E+05 -0.58235617040153E+03  0.43826790964704E+04  0.18827413465671E+04  0.32080598452062E+05  0.10195905565689E+05 -0.14124683164051E+04  0.42738801182099E+03  0.53061345384416E+03  0.32918933696895E+02  0.33999585983065E+01  0.11873458880399E+05 -0.13089294659075E+04  0.10578704594557E+05  0.60027146230441E+04 -0.20191280747214E+05
  -0.15849984782643E+08  0.55000833422075E+07 -0.97168635185269E+06 -0.40212745199121E+07  0.37378309170148E+06  0.54861956473239E+06 -0.20056501049709E+05 -0.11190341627664E+07  0.35429411922966E+05  0.97138250724604E+05 -0.10796995145499E+05 -0.12264189353793E+05 -0.59885568500986E+03 -0.60590649363275E+02 -0.38734806906735E+05  0.31320550765248E+04 -0.39399555503198E+05 -0.20191280747214E+05  0.96353146991200E+08

 # Covariance matrix (Bevington epsilon)
   0.36447700359558E-03 -0.10230188636148E-03 -0.62590359128893E-02  0.27147893647526E-03  0.23121094148559E-03  0.37608237976824E-03 -0.13433055151399E-02  0.49379775698018E-04  0.33731718677674E-04 -0.75822757842567E-03 -0.11106929084475E-01 -0.69781469045726E-05 -0.25477400858738E-02  0.17772211278666E-01  0.11825130596415E-03  0.63910923934654E-03  0.94963299661590E-04 -0.49153439686650E-03  0.78632493662690E-05 -0.21920411904357E-05 -0.39454528441928E-03  0.66042050163519E-04  0.43048745821840E-04  0.34842250380675E-04 -0.67921229675810E-04  0.25498780114131E-04  0.38476108534995E-04  0.33608097784909E-04 -0.71518305271104E-04 -0.49000129307430E-04  0.38200068327481E-04  0.31622482326347E-04  0.31301248818989E-04 -0.38017826262150E-04 -0.43568544566795E-04  0.22645622896996E-05  0.77178914570911E-05  0.56006716576681E-04 -0.89222202330522E-05
  -0.10230188636149E-03  0.17460874093501E-03  0.26026721008133E-02  0.75797334740298E-04  0.86792568827483E-03 -0.25241260414264E-03  0.52349666295019E-03 -0.91933986953377E-05 -0.66123235580354E-05  0.52909503834485E-03  0.35185030700611E-02  0.11377591064925E-03 -0.70146782635949E-04  0.90028695166219E-02  0.13525470424087E-05  0.17001117117553E-02  0.82533766546393E-04  0.21998962445217E-03  0.43517526682603E-06 -0.10229849693536E-02  0.42182218458383E-03  0.96021308424703E-04  0.70519354147016E-05  0.44118225972067E-05 -0.28340189957099E-04  0.33519167858676E-05  0.25385418393466E-05  0.46228978451477E-05  0.41446211037526E-04  0.23328930795297E-04 -0.20731734648055E-05  0.85869412600728E-05  0.11831564660409E-04 -0.13535854088737E-04 -0.72049935035700E-05 -0.62720925227063E-07  0.98212877787084E-07 -0.20970222700611E-05 -0.31693328840292E-05
  -0.62590359128893E-02  0.26026721008133E-02  0.11445927109119E+00 -0.36197491631983E-02  0.16993696454799E-02 -0.72322583513332E-02  0.23998585414428E-01 -0.79910750479079E-03 -0.55089210507460E-03  0.16037920196369E-01  0.20386991617828E+00  0.82763044376288E-03  0.44719228030108E-01 -0.17520895712812E+00 -0.16464968368455E-02  0.10278273930017E-01 -0.63399060135273E-03  0.94838616677844E-02 -0.11219592251940E-03 -0.52701204356222E-02  0.85768418108130E-02 -0.17040053016016E-03 -0.48892885749802E-03 -0.37625022702906E-03  0.12121867207022E-02 -0.25935163678047E-03 -0.39834661074183E-03 -0.32511794319254E-03  0.18575626555709E-02  0.13601250716228E-02 -0.55869760748528E-03 -0.26476197961962E-03 -0.28099782704233E-03  0.40026744314465E-03  0.51830908862680E-03 -0.30766579009057E-04 -0.99555490427295E-04 -0.74269387217162E-03  0.12646018174907E-03
   0.27147893647522E-03  0.75797334740311E-04 -0.36197491631978E-02  0.11463581273600E-02  0.48905960395710E-02 -0.11418465782104E-02 -0.28268401097600E-03  0.33487331929240E-04  0.19757206956499E-04 -0.18516889062938E-04 -0.61512664498348E-02  0.43794533124917E-03 -0.56637534622103E-02  0.35417737549496E-01  0.49417839315237E-03  0.76576629970034E-02 -0.14705237135738E-02  0.28868630897683E-02  0.34823106656979E-04 -0.81403396369164E-03 -0.59365020284897E-04  0.17809086040315E-03  0.60324210009044E-04  0.49762523384178E-04 -0.95059064768475E-04  0.32780996301094E-04  0.52628233699196E-04  0.47766807428218E-04 -0.79938514264874E-05 -0.28768777345150E-04  0.33352780168043E-04  0.47985567153139E-04  0.36085122102612E-04 -0.35817966873815E-04 -0.46160359997722E-04  0.26998463428192E-05  0.11549052760075E-04  0.69224787189416E-04 -0.94705187959473E-05
   0.23121094148539E-03  0.86792568827489E-03  0.16993696454834E-02  0.48905960395708E-02  0.30698206586940E-01 -0.10062329251941E-01  0.10881915870758E-01 -0.22277661390657E-04 -0.28626215723413E-04  0.67540828662697E-02  0.26809020805394E-01  0.15601787823412E-02 -0.13085531581737E-01  0.30820863445669E+00  0.16938319268488E-02  0.26582763760117E-01 -0.83372663786164E-02  0.15974769534798E-01  0.14270723205194E-03  0.10838181110494E-02 -0.27785267508487E-02  0.12470295357497E-03  0.16485873257665E-03  0.12144758058889E-03 -0.42996104381193E-03  0.14931534082414E-03  0.81681398199249E-04  0.61313746575688E-04  0.20782615832012E-03  0.67598427373005E-04  0.66255639951833E-04  0.84910520831123E-04 -0.98655337113991E-05  0.48280399731842E-04 -0.13186884527186E-04  0.69383837711546E-05  0.32208967467340E-04  0.18154922268799E-03 -0.36263289134741E-04
   0.37608237976833E-03 -0.25241260414266E-03 -0.72322583513347E-02 -0.11418465782103E-02 -0.10062329251941E-01  0.53614425672678E-02 -0.82481920862566E-02  0.11117920250940E-03  0.80470120584710E-04 -0.45529010886607E-02 -0.38582269518909E-01  0.10706067539519E-03 -0.28051390663795E-02 -0.16746636393371E+00 -0.23271811643131E-03 -0.52070847117268E-02  0.31977138301775E-02 -0.61353210491295E-02 -0.38065634561957E-04 -0.62742503455230E-03  0.82596928388953E-03  0.85380329736685E-04  0.84520821122716E-05 -0.20704747858071E-04 -0.13329445285216E-03 -0.76718051344848E-04  0.34873510644617E-04  0.75012482581938E-05 -0.24373000519746E-03 -0.23951982955577E-03  0.42143286492689E-04  0.26872327703062E-04  0.39411670928851E-04 -0.10484082676059E-03 -0.76407633060206E-04  0.34275320973682E-06  0.46296111042589E-06 -0.11873974830380E-04 -0.61802155946216E-04
  -0.13433055151400E-02  0.52349666295021E-03  0.23998585414430E-01 -0.28268401097624E-03  0.10881915870757E-01 -0.82481920862563E-02  0.18897180807289E-01 -0.27006215088624E-03 -0.18605149588576E-03  0.11744712644875E-01  0.97151462776864E-01 -0.13007517637520E-02  0.24698920912707E-01  0.19004873123293E+00 -0.71874618877010E-03 -0.64423235898402E-02 -0.23771686407993E-02  0.44940873029369E-02 -0.72419747420433E-05  0.39188678990518E-02 -0.24068157450669E-02 -0.52487801655207E-03 -0.93699017508268E-04 -0.21731045185280E-04  0.25611509792127E-03  0.11077026910367E-03 -0.13476015388440E-03 -0.80271716312268E-04  0.62778229973922E-03  0.63745976422429E-03 -0.13257300205585E-03 -0.99527499246858E-04 -0.12564244609241E-03  0.23113599278407E-03  0.19784117442343E-03 -0.47285464983936E-05 -0.16996632888388E-04 -0.73146085204147E-04  0.13737485533047E-03
   0.49379775698019E-04 -0.91933986953374E-05 -0.79910750479081E-03  0.33487331929245E-04 -0.22277661390629E-04  0.11117920250939E-03 -0.27006215088623E-03  0.25920545834014E-04  0.19394073546959E-04 -0.30893565985627E-03 -0.45977974120719E-02  0.19335491834364E-04 -0.43652021593634E-03 -0.50921827462362E-02 -0.17267386008488E-04  0.17237138033439E-04  0.13798477777087E-03 -0.19744691166988E-03  0.77464865110497E-06 -0.88371232613214E-04  0.10706910929628E-04  0.18533021101658E-04  0.87310165512991E-05  0.74863252212174E-05  0.11610630126576E-05  0.79280025453608E-05  0.84890782154603E-05  0.77190171702281E-05 -0.17800885048373E-05 -0.11990970801613E-05  0.97492192235548E-05  0.73769262840631E-05  0.74457374118123E-05 -0.34226285724220E-07  0.52652900701247E-07  0.38767361419014E-06  0.15008658281277E-05  0.12014416234326E-04 -0.16091359497019E-05
   0.33731718677674E-04 -0.66123235580353E-05 -0.55089210507462E-03  0.19757206956503E-04 -0.28626215723394E-04  0.80470120584703E-04 -0.18605149588575E-03  0.19394073546959E-04  0.15321111746195E-04 -0.21199403531110E-03 -0.33482154140907E-02  0.11277826569909E-04 -0.28582948081485E-03 -0.37611314462980E-02 -0.27464967461108E-04 -0.20415418358577E-03  0.12475086587144E-03 -0.20100445207043E-03  0.43252307263129E-06 -0.59540497944343E-04  0.80583580608728E-05  0.11186519102930E-04  0.57058264409567E-05  0.48237055870771E-05 -0.30815325565987E-06  0.55399690556099E-05  0.54553428931492E-05  0.48726585807575E-05 -0.23724293879766E-05 -0.18419915350554E-05  0.67259054404963E-05  0.47253875781256E-05  0.47524846727519E-05  0.10848952241333E-05  0.98541031507631E-06  0.23792308904356E-06  0.17605022145393E-06  0.76779049935536E-05 -0.12043597463332E-05
  -0.75822757842572E-03  0.52909503834486E-03  0.16037920196370E-01 -0.18516889063081E-04  0.67540828662690E-02 -0.45529010886605E-02  0.11744712644875E-01 -0.30893565985628E-03 -0.21199403531111E-03  0.26131761972836E-01  0.13568219011194E+00 -0.15191034212820E-02  0.34498882032190E-01  0.17168705856933E-01 -0.71501508873585E-03 -0.43678856889495E-01 -0.60307322863099E-02  0.22988977342617E-02 -0.41951741649754E-07  0.10268097269220E-01 -0.48577043508857E-02 -0.15947662896226E-02 -0.26071979766154E-04 -0.12808272967236E-04 -0.15108784693760E-02  0.11801211380659E-03 -0.39515741113373E-04 -0.62134202393334E-04  0.28801605726343E-03  0.27188335516756E-03 -0.55049262189148E-04  0.81595755511011E-05 -0.75537540367094E-04  0.55941952693583E-03  0.35458882819518E-03 -0.38743355322800E-05 -0.22810164349990E-04 -0.43817064407771E-04 -0.12507578217667E-04
  -0.11106929084475E-01  0.35185030700610E-02  0.20386991617829E+00 -0.61512664498363E-02  0.26809020805386E-01 -0.38582269518907E-01  0.97151462776862E-01 -0.45977974120720E-02 -0.33482154140907E-02  0.13568219011194E+00  0.13257166728627E+01 -0.92202836546008E-02  0.22764876610486E+00  0.71277352603839E+00 -0.27501718846791E-02 -0.17262810092665E+00 -0.25128524748677E-01  0.12786466555099E-03 -0.16928925876251E-03  0.60301098986969E-01 -0.32373874900095E-01 -0.67072990971436E-02 -0.23927934330566E-03  0.38699659097042E-03  0.41362756540353E-02  0.10125422696601E-02 -0.12466378389530E-03  0.31570026906719E-03  0.84287108414761E-02  0.84227317618572E-02 -0.18640438766685E-02  0.14771824715479E-03  0.14907502295566E-03  0.29065558806567E-03 -0.63998757208832E-03 -0.72619906865715E-05 -0.32189173698346E-04  0.15215084050119E-03  0.90407442166836E-03
  -0.69781469045756E-05  0.11377591064925E-03  0.82763044376294E-03  0.43794533124918E-03  0.15601787823412E-02  0.10706067539517E-03 -0.13007517637520E-02  0.19335491834364E-04  0.11277826569908E-04 -0.15191034212820E-02 -0.92202836546006E-02  0.22395797106081E-02 -0.24284871604975E-01 -0.17610281879412E-01  0.31064172004389E-03  0.36034454399489E-02 -0.80649425953201E-03  0.15279378597492E-02  0.11869145960144E-04 -0.59270807922421E-03  0.40255136631240E-03  0.57923165475486E-04  0.52890258637970E-05  0.52976984817822E-05  0.16409117427351E-04  0.32249370947775E-05  0.12570834824590E-04  0.10652735428114E-04  0.95421778884892E-04 -0.53843489385409E-04  0.89852639843365E-05  0.14898546212416E-04  0.10057604302385E-04 -0.83640214765137E-07 -0.30665551176007E-05  0.69234316783387E-06  0.42596768249867E-05  0.94049012879963E-06  0.15199814940811E-05
  -0.25477400858738E-02 -0.70146782635999E-04  0.44719228030107E-01 -0.56637534622105E-02 -0.13085531581739E-01 -0.28051390663786E-02  0.24698920912706E-01 -0.43652021593633E-03 -0.28582948081484E-03  0.34498882032189E-01  0.22764876610485E+00 -0.24284871604975E-01  0.40717577811905E+00  0.26107887513491E+00 -0.46872069989044E-02 -0.59586481161484E-01  0.13942088773773E-01 -0.29260303769026E-01 -0.15328504996123E-03  0.12499900189197E-01 -0.75220214205018E-02 -0.74688414798919E-03  0.18517430102450E-03  0.41376501875963E-04  0.45682196937708E-03  0.21524774119266E-03  0.17033104617710E-03  0.93703887449456E-05  0.19411519265077E-02  0.21563885423508E-02 -0.15765799948280E-03  0.19241506274263E-03  0.59319782159319E-09 -0.38600997446137E-03 -0.37910682742989E-03  0.36311059966906E-05  0.26913427572716E-04  0.92238595612088E-04 -0.20043248089421E-03
   0.17772211278663E-01  0.90028695166229E-02 -0.17520895712807E+00  0.35417737549494E-01  0.30820863445669E+00 -0.16746636393371E+00  0.19004873123294E+00 -0.50921827462366E-02 -0.37611314462983E-02  0.17168705856943E-01  0.71277352603849E+00 -0.17610281879413E-01  0.26107887513493E+00  0.10330410811077E+03  0.10896853010017E-01  0.13806200253995E+01 -0.21125796066086E+00  0.62721257026829E+00  0.16984781555320E-02 -0.86773681518414E-01  0.46270899701409E-01  0.13364663983409E-01  0.71349803334751E-02  0.22423733576642E-02  0.91578592000400E-02  0.14038877477376E-01  0.67628916832943E-02  0.22570613952092E-02  0.14177302009568E-01  0.40592855802186E-02  0.73826469520518E-02  0.60342847276435E-02  0.16968392662110E-02  0.15489437570978E-02  0.20365821292442E-02  0.39087834413231E-03  0.11301071178974E-02 -0.72675397762385E-03 -0.72738201888421E-02
   0.11825130596414E-03  0.13525470424137E-05 -0.16464968368453E-02  0.49417839315237E-03  0.16938319268489E-02 -0.23271811643136E-03 -0.71874618877000E-03 -0.17267386008489E-04 -0.27464967461110E-04 -0.71501508873576E-03 -0.27501718846785E-02  0.31064172004388E-03 -0.46872069989043E-02  0.10896853010018E-01  0.15610630014964E-02  0.26684519171396E-01 -0.42136201669007E-02  0.99905141760567E-02  0.15050027422488E-04 -0.23344976961810E-03  0.28052052080840E-03  0.11453116079012E-03  0.23972528239476E-04  0.19281040584254E-04 -0.35552131622949E-04 -0.30897551049427E-04  0.29568142753956E-04  0.28349939372582E-04 -0.49146073820101E-04 -0.55123715913805E-04  0.19239579954326E-04  0.22799649980687E-04  0.21233331765717E-04 -0.29508507350794E-04 -0.12314953503948E-04  0.13923136205955E-05  0.53895434874419E-05  0.23280833982613E-04 -0.51946456452056E-05
   0.63910923934629E-03  0.17001117117554E-02  0.10278273930022E-01  0.76576629970033E-02  0.26582763760118E-01 -0.52070847117275E-02 -0.64423235898384E-02  0.17237138033408E-04 -0.20415418358579E-03 -0.43678856889493E-01 -0.17262810092664E+00  0.36034454399487E-02 -0.59586481161481E-01  0.13806200253995E+01  0.26684519171396E-01  0.88569825369358E+00 -0.49192631229579E-01  0.22346997118580E+00  0.22839225674368E-03 -0.55791601016887E-01  0.37559961549525E-01  0.11424666229878E-01  0.74088706455683E-03  0.69395731912717E-03  0.29838919185815E-03 -0.16669581401964E-03  0.11885539366571E-02  0.12971528927701E-02  0.59743970723291E-03  0.47545187854849E-03  0.53242187890311E-03  0.95417161165192E-03  0.10844927318603E-02 -0.39180301608473E-02 -0.21673842055660E-02  0.42431182327311E-04  0.19948787122087E-03  0.50842584931831E-03  0.18098809145419E-03
   0.94963299661647E-04  0.82533766546375E-04 -0.63399060135375E-03 -0.14705237135737E-02 -0.83372663786164E-02  0.31977138301776E-02 -0.23771686407996E-02  0.13798477777088E-03  0.12475086587145E-03 -0.60307322863102E-02 -0.25128524748679E-01 -0.80649425953198E-03  0.13942088773772E-01 -0.21125796066085E+00 -0.42136201669007E-02 -0.49192631229579E-01  0.23084805031059E-01 -0.43939898156857E-01 -0.50307336536222E-04 -0.86253833519726E-02  0.24655956810145E-02  0.15372529082613E-02  0.63404369196761E-04  0.76244186502009E-04  0.46733311774106E-03  0.16744239323555E-03  0.92109147254220E-04  0.11947181889525E-03  0.49233130543763E-03  0.50668339908604E-03 -0.44542626948576E-04  0.97054034482405E-04  0.14384677645898E-03 -0.89676470501162E-03 -0.75404316326164E-03  0.81925301032385E-05  0.33853403600931E-04  0.19923445330305E-03  0.67591882668617E-04
  -0.49153439686662E-03  0.21998962445221E-03  0.94838616677866E-02  0.28868630897682E-02  0.15974769534798E-01 -0.61353210491296E-02  0.44940873029374E-02 -0.19744691166989E-03 -0.20100445207044E-03  0.22988977342624E-02  0.12786466555624E-03  0.15279378597492E-02 -0.29260303769024E-01  0.62721257026829E+00  0.99905141760566E-02  0.22346997118580E+00 -0.43939898156857E-01  0.10881553602128E+00  0.98592730328692E-04  0.33729760981394E-02  0.43797080231608E-02 -0.73644804209509E-03 -0.10260526560809E-03 -0.13827311700464E-03 -0.10559444084556E-02 -0.36972648336761E-03 -0.74989433410947E-04 -0.11481773033500E-03 -0.10018405859538E-02 -0.10421295762818E-02  0.17832135207318E-03 -0.11520363502785E-03 -0.17887640356271E-03  0.10579513212050E-02  0.11630451107851E-02 -0.14996441875524E-04 -0.59121204999956E-04 -0.46057364034054E-03 -0.10296217504414E-03
   0.78632493662680E-05  0.43517526682644E-06 -0.11219592251938E-03  0.34823106656979E-04  0.14270723205195E-03 -0.38065634561960E-04 -0.72419747420360E-05  0.77464865110482E-06  0.43252307263118E-06 -0.41951741645374E-07 -0.16928925876246E-03  0.11869145960144E-04 -0.15328504996122E-03  0.16984781555320E-02  0.15050027422488E-04  0.22839225674368E-03 -0.50307336536224E-04  0.98592730328696E-04  0.11797970557517E-05 -0.36133296254007E-04  0.37358168284360E-05  0.54983789344257E-05  0.15825491929289E-05  0.12088887928542E-05 -0.31539234484034E-05  0.87140414297241E-06  0.14427089172671E-05  0.98467476826909E-06 -0.75233740759080E-06 -0.13982227954987E-05  0.10142174043857E-05  0.15058607093894E-05  0.52731488249783E-06 -0.69301735667161E-06 -0.95660265770172E-06  0.70226338220447E-07  0.28686586543457E-06  0.16971286854512E-05 -0.34178047550528E-06
  -0.21920411904254E-05 -0.10229849693536E-02 -0.52701204356224E-02 -0.81403396369164E-03  0.10838181110493E-02 -0.62742503455226E-03  0.39188678990517E-02 -0.88371232613213E-04 -0.59540497944342E-04  0.10268097269220E-01  0.60301098986968E-01 -0.59270807922421E-03  0.12499900189197E-01 -0.86773681518414E-01 -0.23344976961812E-03 -0.55791601016888E-01 -0.86253833519725E-02  0.33729760981392E-02 -0.36133296254007E-04  0.39898663671379E-01 -0.17353465034461E-01 -0.38234318446237E-02 -0.67369028863056E-04 -0.57827498167369E-04  0.33356317040174E-03  0.45001251877778E-04 -0.97357728219194E-04 -0.10306148962924E-03  0.32364004913911E-03  0.35466372024395E-03 -0.44544568836836E-04 -0.24419477675682E-03 -0.25755438620803E-03  0.79612333433892E-03  0.49448362472419E-03 -0.20788928129645E-05 -0.61227011248412E-05  0.21074368870920E-04 -0.69749768999686E-04
  -0.39454528441927E-03  0.42182218458383E-03  0.85768418108129E-02 -0.59365020284913E-04 -0.27785267508489E-02  0.82596928388961E-03 -0.24068157450670E-02  0.10706910929631E-04  0.80583580608750E-05 -0.48577043508857E-02 -0.32373874900095E-01  0.40255136631240E-03 -0.75220214205019E-02  0.46270899701407E-01  0.28052052080840E-03  0.37559961549525E-01  0.24655956810146E-02  0.43797080231608E-02  0.37358168284354E-05 -0.17353465034461E-01  0.10893158389681E-01  0.12222625679228E-02 -0.58905436594333E-04 -0.62516480170188E-04 -0.47730568990819E-03 -0.11763573500325E-03  0.31938578758592E-04  0.33123103240745E-04 -0.36243413230550E-03 -0.39749144747656E-03  0.20342800997257E-04  0.62354545414708E-04  0.82412517564666E-04 -0.17121351384793E-03 -0.95006533879517E-05 -0.56260770789157E-05 -0.25573996502918E-04 -0.18603467427328E-03  0.11544908319014E-04
   0.66042050163516E-04  0.96021308424705E-04 -0.17040053016009E-03  0.17809086040316E-03  0.12470295357501E-03  0.85380329736663E-04 -0.52487801655203E-03  0.18533021101657E-04  0.11186519102929E-04 -0.15947662896226E-02 -0.67072990971434E-02  0.57923165475486E-04 -0.74688414798917E-03  0.13364663983410E-01  0.11453116079012E-03  0.11424666229878E-01  0.15372529082613E-02 -0.73644804209504E-03  0.54983789344258E-05 -0.38234318446237E-02  0.12222625679228E-02  0.10317527806247E-02  0.41534354929243E-04  0.43414987888771E-04  0.75876656280242E-04  0.20938546780925E-04  0.19148225405061E-04  0.24524043203748E-04  0.80069346578184E-04  0.76931951591883E-04  0.10265143907143E-04  0.78272618518427E-05  0.15314968279422E-04 -0.18493836294504E-03 -0.14084310338481E-03  0.22635602778842E-05  0.93698555859763E-05  0.48988638994282E-04  0.18230272020283E-04
   0.43048745821839E-04  0.70519354147023E-05 -0.48892885749801E-03  0.60324210009046E-04  0.16485873257667E-03  0.84520821122616E-05 -0.93699017508253E-04  0.87310165512988E-05  0.57058264409565E-05 -0.26071979766145E-04 -0.23927934330558E-03  0.52890258637970E-05  0.18517430102450E-03  0.71349803334754E-02  0.23972528239477E-04  0.74088706455685E-03  0.63404369196755E-04 -0.10260526560808E-03  0.15825491929290E-05 -0.67369028863057E-04 -0.58905436594333E-04  0.41534354929243E-04  0.28634340576347E-04  0.19781159728465E-04  0.42840937349155E-04  0.16631019779619E-04  0.21232951009645E-04  0.21503798985893E-04  0.45993427670612E-04  0.44955470509519E-04  0.83613427032644E-05  0.20235020870861E-04  0.19948496395203E-04 -0.15879633723848E-04 -0.17754364087477E-04  0.80270494701803E-06  0.32045047525418E-05  0.23138991657527E-04  0.90181751033218E-06
   0.34842250380674E-04  0.44118225972073E-05 -0.37625022702904E-03  0.49762523384179E-04  0.12144758058891E-03 -0.20704747858079E-04 -0.21731045185266E-04  0.74863252212171E-05  0.48237055870769E-05 -0.12808272967228E-04  0.38699659097049E-03  0.52976984817821E-05  0.41376501875972E-04  0.22423733576644E-02  0.19281040584255E-04  0.69395731912718E-03  0.76244186502005E-04 -0.13827311700463E-03  0.12088887928542E-05 -0.57827498167370E-04 -0.62516480170189E-04  0.43414987888771E-04  0.19781159728465E-04  0.37579247619614E-04  0.60151852332098E-04  0.18455742210442E-04  0.21379434328032E-04  0.24204882572878E-04  0.55716745505081E-04  0.57271286591361E-04  0.59456856598487E-05  0.20121129225855E-04  0.22278545428587E-04 -0.16879358182124E-04 -0.19278219803003E-04  0.81468609010712E-06  0.34010813829925E-05  0.25304910600500E-04  0.51811847847825E-05
  -0.67921229675810E-04 -0.28340189957099E-04  0.12121867207022E-02 -0.95059064768481E-04 -0.42996104381197E-03 -0.13329445285214E-03  0.25611509792125E-03  0.11610630126578E-05 -0.30815325565974E-06 -0.15108784693760E-02  0.41362756540353E-02  0.16409117427351E-04  0.45682196937708E-03  0.91578592000396E-02 -0.35552131622949E-04  0.29838919185815E-03  0.46733311774106E-03 -0.10559444084556E-02 -0.31539234484036E-05  0.33356317040174E-03 -0.47730568990819E-03  0.75876656280241E-04  0.42840937349155E-04  0.60151852332098E-04  0.77664998942927E-03  0.58096550630059E-04  0.46843360420354E-04  0.65538942507016E-04  0.30176288056044E-03  0.30593757389863E-03 -0.13896201949999E-04  0.42291080364972E-04  0.59464971032641E-04 -0.58641700008874E-04 -0.65632858018133E-04  0.21118761554591E-05  0.10279018146668E-04  0.73057907710234E-04  0.30581174815861E-04
   0.25498780114129E-04  0.33519167858683E-05 -0.25935163678044E-03  0.32780996301093E-04  0.14931534082415E-03 -0.76718051344854E-04  0.11077026910369E-03  0.79280025453605E-05  0.55399690556097E-05  0.11801211380659E-03  0.10125422696601E-02  0.32249370947774E-05  0.21524774119268E-03  0.14038877477376E-01 -0.30897551049428E-04 -0.16669581401964E-03  0.16744239323555E-03 -0.36972648336760E-03  0.87140414297241E-06  0.45001251877777E-04 -0.11763573500325E-03  0.20938546780925E-04  0.16631019779618E-04  0.18455742210442E-04  0.58096550630059E-04  0.56737514731576E-04  0.17872751708061E-04  0.19852272489864E-04  0.63073302567548E-04  0.62195733532294E-04  0.53981807534289E-05  0.17007667249265E-04  0.18117232559878E-04 -0.14098961679153E-04 -0.16809730366132E-04  0.84225892135214E-06  0.36286249850512E-05  0.24810066713088E-04  0.40452167453551E-05
   0.38476108534995E-04  0.25385418393470E-05 -0.39834661074183E-03  0.52628233699199E-04  0.81681398199267E-04  0.34873510644608E-04 -0.13476015388439E-03  0.84890782154601E-05  0.54553428931491E-05 -0.39515741113366E-04 -0.12466378389524E-03  0.12570834824590E-04  0.17033104617710E-03  0.67628916832945E-02  0.29568142753957E-04  0.11885539366571E-02  0.92109147254215E-04 -0.74989433410936E-04  0.14427089172672E-05 -0.97357728219195E-04  0.31938578758591E-04  0.19148225405062E-04  0.21232951009645E-04  0.21379434328033E-04  0.46843360420355E-04  0.17872751708061E-04  0.28678033096085E-04  0.27369442364131E-04  0.53930949342242E-04  0.52190701369202E-04  0.82574446140735E-05  0.26283394515214E-04  0.25868697185963E-04 -0.20110835273754E-04 -0.21044967560331E-04  0.85032120227580E-06  0.34517801675721E-05  0.24204352401215E-04  0.15653532502869E-05
   0.33608097784908E-04  0.46228978451482E-05 -0.32511794319252E-03  0.47766807428219E-04  0.61313746575702E-04  0.75012482581860E-05 -0.80271716312255E-04  0.77190171702279E-05  0.48726585807573E-05 -0.62134202393327E-04  0.31570026906726E-03  0.10652735428114E-04  0.93703887449525E-05  0.22570613952094E-02  0.28349939372583E-04  0.12971528927701E-02  0.11947181889525E-03 -0.11481773033499E-03  0.98467476826914E-06 -0.10306148962924E-03  0.33123103240745E-04  0.24524043203748E-04  0.21503798985893E-04  0.24204882572878E-04  0.65538942507017E-04  0.19852272489864E-04  0.27369442364131E-04  0.32291387192446E-04  0.62946980376355E-04  0.64114938512830E-04  0.59200584159122E-05  0.25856498463995E-04  0.29774761127933E-04 -0.23442444072333E-04 -0.24528071550324E-04  0.90087644016589E-06  0.38071810477838E-05  0.27224407979579E-04  0.59387811683338E-05
  -0.71518305271106E-04  0.41446211037526E-04  0.18575626555710E-02 -0.79938514264979E-05  0.20782615832006E-03 -0.24373000519744E-03  0.62778229973921E-03 -0.17800885048375E-05 -0.23724293879766E-05  0.28801605726342E-03  0.84287108414761E-02  0.95421778884891E-04  0.19411519265077E-02  0.14177302009568E-01 -0.49146073820105E-04  0.59743970723284E-03  0.49233130543764E-03 -0.10018405859539E-02 -0.75233740759112E-06  0.32364004913912E-03 -0.36243413230549E-03  0.80069346578183E-04  0.45993427670611E-04  0.55716745505080E-04  0.30176288056044E-03  0.63073302567548E-04  0.53930949342241E-04  0.62946980376355E-04  0.35047926121056E-03  0.26007430840234E-03 -0.34410903281877E-05  0.52307078294228E-04  0.56269862767662E-04 -0.62310422351145E-04 -0.68062727957171E-04  0.23019348305288E-05  0.10971757934520E-04  0.68942890668834E-04  0.19012083303698E-04
  -0.49000129307432E-04  0.23328930795297E-04  0.13601250716228E-02 -0.28768777345159E-04  0.67598427372961E-04 -0.23951982955576E-03  0.63745976422428E-03 -0.11990970801616E-05 -0.18419915350556E-05  0.27188335516756E-03  0.84227317618573E-02 -0.53843489385410E-04  0.21563885423509E-02  0.40592855802180E-02 -0.55123715913808E-04  0.47545187854842E-03  0.50668339908605E-03 -0.10421295762818E-02 -0.13982227954990E-05  0.35466372024395E-03 -0.39749144747655E-03  0.76931951591882E-04  0.44955470509519E-04  0.57271286591361E-04  0.30593757389863E-03  0.62195733532293E-04  0.52190701369201E-04  0.64114938512830E-04  0.26007430840234E-03  0.29282655984765E-03 -0.46489993131719E-05  0.50057932861372E-04  0.57199896433086E-04 -0.61278432862425E-04 -0.67350811400559E-04  0.22261780064674E-05  0.10398749104191E-04  0.71914906488522E-04  0.22599389307313E-04
   0.38200068327481E-04 -0.20731734648051E-05 -0.55869760748528E-03  0.33352780168046E-04  0.66255639951853E-04  0.42143286492680E-04 -0.13257300205584E-03  0.97492192235547E-05  0.67259054404962E-05 -0.55049262189141E-04 -0.18640438766685E-02  0.89852639843367E-05 -0.15765799948280E-03  0.73826469520520E-02  0.19239579954327E-04  0.53242187890313E-03 -0.44542626948581E-04  0.17832135207319E-03  0.10142174043858E-05 -0.44544568836836E-04  0.20342800997256E-04  0.10265143907144E-04  0.83613427032645E-05  0.59456856598488E-05 -0.13896201949999E-04  0.53981807534291E-05  0.82574446140736E-05  0.59200584159123E-05 -0.34410903281874E-05 -0.46489993131716E-05  0.27562864603641E-03  0.75423428256222E-05  0.54401987733179E-05  0.79499372607754E-05  0.75497804701896E-05  0.15848173616571E-06  0.13080700318282E-06  0.52115423981956E-05 -0.37121138925842E-05
   0.31622482326347E-04  0.85869412600732E-05 -0.26476197961961E-03  0.47985567153141E-04  0.84910520831137E-04  0.26872327703055E-04 -0.99527499246847E-04  0.73769262840630E-05  0.47253875781255E-05  0.81595755511062E-05  0.14771824715484E-03  0.14898546212416E-04  0.19241506274263E-03  0.60342847276437E-02  0.22799649980688E-04  0.95417161165193E-03  0.97054034482401E-04 -0.11520363502784E-03  0.15058607093894E-05 -0.24419477675682E-03  0.62354545414708E-04  0.78272618518430E-05  0.20235020870862E-04  0.20121129225855E-04  0.42291080364972E-04  0.17007667249265E-04  0.26283394515214E-04  0.25856498463995E-04  0.52307078294229E-04  0.50057932861373E-04  0.75423428256221E-05  0.38462190281584E-04  0.26847845024452E-04 -0.19445665560190E-04 -0.20169918401083E-04  0.79616402247425E-06  0.32493642628202E-05  0.22717430716012E-04  0.13028684764446E-05
