# fitpack15: fit parameters                                                                         
# CJ15_AV18                                                                                         
# Created on 07/02/2015 at 07:38:02                                                                 

 # QCD setup
  INS	                    0
  NVL                          11
  IORD                          1
  Q02                   1.6899999999999999     
  IPARAMC                       7
  FLAVOR                4.0000000000000000     
  xmc                   1.3000000000000000     
  xmb                   4.5000000000000000     
  ncb                          12

 # Theory corrections
  inuke                         0
  itmc                          1
  iht                           1

 # fit parameters
 LAMBDA       0.22680        0.0000    
 a0uv          2.6188        0.0000    
 a1uv         0.63264       0.17642E-01
 a2uv          3.5016       0.11736E-01
 a3uv          0.0000        0.0000    
 a4uv          2.9148       0.32575    
 a5uv          0.0000        0.0000    
 a0dv          36.321        0.0000    
 a1dv          1.2320       0.31956E-01
 a2dv          7.4501       0.15314    
 a3dv         -3.8059       0.71446E-01
 a4dv          5.1897       0.12672    
 a5dv          0.0000        0.0000    
 a0ud         0.14175       0.49593E-02
 a1ud        -0.21753       0.38720E-02
 a2ud          8.3575       0.14987    
 a3ud          0.0000        0.0000    
 a4ud          14.929        1.0742    
 a5ud          0.0000        0.0000    
 a0du          35712.        0.0000    
 a1du          3.9626       0.48894E-01
 a2du          20.803       0.68157    
 a3du          17.000        0.0000    
 a4du          68.799        10.965    
 a0g           57.546        0.0000    
 a1g          0.65066       0.39839E-01
 a2g           6.8424       0.98296    
 a3g          -3.5254       0.15895    
 a4g           3.5824       0.36161    
 a5g           0.0000        0.0000    
 kappa        0.40000        0.0000    
 a6dv        -0.74246E-02   0.90508E-03
 a7dv          2.0000        0.0000    
 x0_KP        0.32900        0.0000    
 C_KP         0.97630E-01    0.0000    
 ht1          -2.6229       0.21827    
 ht2           1.6567       0.10653    
 ht3          -2.1376       0.31056E-01
 ht4           0.0000        0.0000    
 dummy40       0.0000        0.0000    
 dummy41       0.0000        0.0000    
 dummy42       0.0000        0.0000    
 dummy43       0.0000        0.0000    
 dummy44       0.0000        0.0000    
 dummy45       0.0000        0.0000    
 dummy46       0.0000        0.0000    
 dummy47       0.0000        0.0000    
 dummy48       0.0000        0.0000    
 dummy49       0.0000        0.0000    
 bcdmsh2      0.96800       0.53210E-02
 bcdmsd2      0.99696       0.61015E-02
 ccfr          1.0000        0.0000    
 nutev         1.0000        0.0000    
 zeus         0.97998        0.0000    
 h1            1.0162        0.0000    
 e605          1.0096       0.27048E-01
 NmcH2         1.0140       0.75163E-02
 ntv_nu        1.0000        0.0000    
 ntv_nubar     1.0000        0.0000    
 cdf_jet      0.98910        0.0000    
 d0_jet       0.83504        0.0000    
 slac_p        1.0040       0.53205E-02
 slac_d        1.0025       0.55734E-02
 e866pp       0.96201       0.18225E-01
 e866pd       0.96718       0.16515E-01
 d0_gamjet     1.0407       0.16566E-01
 h1b          0.97608        0.0000    
 jlab_p       0.99649       0.61452E-02
 jlab_d       0.97382       0.60784E-02
 blank         1.0000        0.0000    
 d0run2       0.95232       0.15394E-01
 cdfrun2      0.93386       0.18040E-01
 HERA_el      0.99970       0.34133E-02
 HERA_ps      0.99468       0.31382E-02
 CDF_Z        0.96797       0.66506E-02
 NmcRat        1.0000        0.0000    
 BNS_F2nd     0.96999       0.53877E-02
 END 0. 0.

 # Hessian matrix (Bevington alpha)
   0.48093762678655E+07 -0.13300762645105E+07  0.26506472183241E+06  0.50320788669672E+06 -0.83861008323741E+05 -0.10602326273424E+06  0.61416854201525E+04  0.79797821679097E+06 -0.16662109003180E+06 -0.41546590534478E+05  0.57392320116611E+04  0.11835940435628E+05  0.13386222350954E+04 -0.74881281573345E+02 -0.22068056909346E+05  0.22416733487818E+04 -0.19805983602248E+05 -0.10556106482683E+05 -0.11399501649103E+08
  -0.13300762645105E+07  0.43997071005159E+06 -0.75697264625097E+05 -0.15549555939400E+06  0.21745341183767E+05  0.31673685403699E+05  0.14434547556098E+04 -0.12702907338552E+06  0.29753410449525E+05  0.69539235159911E+04 -0.85083773176076E+03 -0.11379777505218E+04 -0.11895719888865E+03  0.91707456067737E+01  0.38888182628285E+04 -0.50215088306440E+03  0.31181339734484E+04  0.19071747802474E+04  0.40096010033080E+07
   0.26506472183241E+06 -0.75697264625097E+05  0.14756874244983E+05  0.28564017980865E+05 -0.47018764505770E+04 -0.60602707219226E+04  0.24633234854350E+03  0.34251214875893E+05 -0.73024361202062E+04 -0.20037676560673E+04  0.24380298979819E+03  0.41511024660573E+03  0.53851325234154E+02 -0.36495966596944E+01 -0.15272518787927E+04  0.16338344516889E+03 -0.13392126442983E+04 -0.73639684440187E+03 -0.65729803199518E+06
   0.50320788669672E+06 -0.15549555939400E+06  0.28564017980865E+05  0.40540522174353E+06 -0.50936183260881E+05  0.55241202565870E+05  0.52717280886885E+05  0.32669706552083E+06 -0.22369058654700E+05 -0.16866516179586E+05  0.29710913411905E+04 -0.17342116999346E+04 -0.21288043024915E+03  0.44305431050019E+02  0.24459683241542E+05 -0.29273689912464E+04  0.20409539973369E+05  0.11874483003575E+05 -0.35057027647439E+07
  -0.83861008323741E+05  0.21745341183767E+05 -0.47018764505770E+04 -0.50936183260881E+05  0.72664246600319E+04 -0.45351056880177E+04 -0.62395120384557E+04 -0.29746622910814E+05  0.87327738760140E+03  0.19923370004237E+04 -0.28383280564789E+03  0.39236449834546E+01  0.10788884212503E+02 -0.37133955319136E+01 -0.16876375808037E+04  0.20730155832663E+03 -0.13304433701690E+04 -0.79099317846792E+03  0.45950710589560E+06
  -0.10602326273424E+06  0.31673685403699E+05 -0.60602707219226E+04  0.55241202565870E+05 -0.45351056880177E+04  0.27167369657310E+05  0.14111883826432E+05  0.10211171710157E+06 -0.10118710614887E+05 -0.38108106417968E+04  0.90047156493220E+03 -0.10740736345212E+04 -0.10553436501192E+03  0.15739526887255E+02  0.87030282434818E+04 -0.10667550814565E+04  0.74020070037500E+04  0.43650300804906E+04  0.26363045185890E+06
   0.61416854201525E+04  0.14434547556098E+04  0.24633234854350E+03  0.52717280886885E+05 -0.62395120384557E+04  0.14111883826432E+05  0.98497670882070E+04  0.57795119570430E+05 -0.39758092417333E+04 -0.28356480873004E+04  0.52934281660526E+03 -0.35697129509298E+03 -0.44621288623514E+02  0.81476953117917E+01  0.41180265202874E+04 -0.51511458312463E+03  0.33506042648737E+04  0.20128699094806E+04 -0.13879720174616E+06
   0.79797821679097E+06 -0.12702907338552E+06  0.34251214875893E+05  0.32669706552083E+06 -0.29746622910814E+05  0.10211171710157E+06  0.57795119570430E+05  0.49707088776750E+07 -0.24996485636114E+07 -0.82898745357283E+05  0.23093600727488E+05  0.21330204225011E+05  0.15256249374551E+04  0.60960912660742E+02  0.54671216810007E+05 -0.72580328228884E+04  0.54432695697389E+05  0.30881301612477E+05 -0.83660679474293E+06
  -0.16662109003180E+06  0.29753410449525E+05 -0.73024361202062E+04 -0.22369058654700E+05  0.87327738760140E+03 -0.10118710614887E+05 -0.39758092417333E+04 -0.24996485636114E+07  0.22112120935274E+07  0.17827485444145E+05 -0.56043776702713E+04 -0.49229336020727E+04 -0.31930954591260E+03 -0.62373094365444E+01  0.46500810003876E+05 -0.26069912405953E+04  0.18567078009991E+05  0.96860377008435E+04 -0.20353580873490E+05
  -0.41546590534478E+05  0.69539235159911E+04 -0.20037676560673E+04 -0.16866516179586E+05  0.19923370004237E+04 -0.38108106417968E+04 -0.28356480873004E+04 -0.82898745357283E+05  0.17827485444145E+05  0.26571798992788E+04 -0.58829820817999E+03 -0.55082176778202E+03 -0.50582848439459E+02 -0.13728833934350E+01 -0.27436778789747E+04  0.34258884086291E+03 -0.22216701528304E+04 -0.13457948456072E+04  0.76438996820850E+05
   0.57392320116611E+04 -0.85083773176076E+03  0.24380298979819E+03  0.29710913411905E+04 -0.28383280564789E+03  0.90047156493220E+03  0.52934281660526E+03  0.23093600727488E+05 -0.56043776702713E+04 -0.58829820817999E+03  0.15333598179498E+03  0.14880020594263E+03  0.11202701287721E+02  0.45396842654549E+00  0.86094746754852E+03 -0.95485877667904E+02  0.69488252320491E+03  0.39654715287513E+03 -0.83521601907590E+04
   0.11835940435628E+05 -0.11379777505218E+04  0.41511024660573E+03 -0.17342116999346E+04  0.39236449834546E+01 -0.10740736345212E+04 -0.35697129509298E+03  0.21330204225011E+05 -0.49229336020727E+04 -0.55082176778202E+03  0.14880020594263E+03  0.26410649947738E+04  0.16683107637527E+03 -0.10777487918099E+01  0.66502010340473E+03 -0.99192102490798E+02  0.72876388367358E+03  0.45009105742947E+03 -0.10165513591723E+05
   0.13386222350954E+04 -0.11895719888865E+03  0.53851325234154E+02 -0.21288043024915E+03  0.10788884212503E+02 -0.10553436501192E+03 -0.44621288623514E+02  0.15256249374551E+04 -0.31930954591260E+03 -0.50582848439459E+02  0.11202701287721E+02  0.16683107637527E+03  0.13882964175930E+02 -0.12665039894668E+00  0.26914490129902E+02 -0.58181149910767E+01  0.31618019017092E+02  0.23782019633529E+02 -0.35143686178941E+03
  -0.74881281573345E+02  0.91707456067737E+01 -0.36495966596944E+01  0.44305431050019E+02 -0.37133955319136E+01  0.15739526887255E+02  0.81476953117917E+01  0.60960912660742E+02 -0.62373094365444E+01 -0.13728833934350E+01  0.45396842654549E+00 -0.10777487918099E+01 -0.12665039894668E+00  0.24514513668312E-01  0.91622316437150E+01 -0.83956154172816E+00  0.66564655210812E+01  0.34998749409032E+01 -0.96077382778126E+02
  -0.22068056909346E+05  0.38888182628285E+04 -0.15272518787927E+04  0.24459683241542E+05 -0.16876375808037E+04  0.87030282434818E+04  0.41180265202874E+04  0.54671216810007E+05  0.46500810003876E+05 -0.27436778789747E+04  0.86094746754852E+03  0.66502010340473E+03  0.26914490129902E+02  0.91622316437150E+01  0.28717576681324E+05 -0.27014034680457E+04  0.20571933540182E+05  0.11231322029983E+05 -0.42908148501445E+05
   0.22416733487818E+04 -0.50215088306440E+03  0.16338344516889E+03 -0.29273689912464E+04  0.20730155832663E+03 -0.10667550814565E+04 -0.51511458312463E+03 -0.72580328228884E+04 -0.26069912405953E+04  0.34258884086291E+03 -0.95485877667904E+02 -0.99192102490798E+02 -0.58181149910767E+01 -0.83956154172816E+00 -0.27014034680457E+04  0.29426616126684E+03 -0.21593144567687E+04 -0.12310748440594E+04  0.48018241367437E+04
  -0.19805983602248E+05  0.31181339734484E+04 -0.13392126442983E+04  0.20409539973369E+05 -0.13304433701690E+04  0.74020070037500E+04  0.33506042648737E+04  0.54432695697389E+05  0.18567078009991E+05 -0.22216701528304E+04  0.69488252320491E+03  0.72876388367358E+03  0.31618019017092E+02  0.66564655210812E+01  0.20571933540182E+05 -0.21593144567687E+04  0.16571859619855E+05  0.92436260181993E+04 -0.36867328482192E+05
  -0.10556106482683E+05  0.19071747802474E+04 -0.73639684440187E+03  0.11874483003575E+05 -0.79099317846792E+03  0.43650300804906E+04  0.20128699094806E+04  0.30881301612477E+05  0.96860377008435E+04 -0.13457948456072E+04  0.39654715287513E+03  0.45009105742947E+03  0.23782019633529E+02  0.34998749409032E+01  0.11231322029983E+05 -0.12310748440594E+04  0.92436260181993E+04  0.52491882932642E+04 -0.21224662397346E+05
  -0.11399501649103E+08  0.40096010033080E+07 -0.65729803199518E+06 -0.35057027647439E+07  0.45950710589560E+06  0.26363045185890E+06 -0.13879720174616E+06 -0.83660679474293E+06 -0.20353580873490E+05  0.76438996820850E+05 -0.83521601907590E+04 -0.10165513591723E+05 -0.35143686178941E+03 -0.96077382778126E+02 -0.42908148501445E+05  0.48018241367437E+04 -0.36867328482192E+05 -0.21224662397346E+05  0.69605279182063E+08

 # Covariance matrix (Bevington epsilon)
   0.31124844052960E-03 -0.76192275485648E-04 -0.55702091591092E-02  0.19255077508929E-03  0.10699723917252E-03  0.33433608399647E-03 -0.10011444763738E-02  0.41900136102664E-04  0.28907679371951E-04 -0.44021342497155E-03 -0.84217273233938E-02 -0.51127221705050E-04 -0.14634516415803E-02  0.14550750001535E-01  0.87166532893435E-04  0.93350070677754E-03  0.12457930264445E-03 -0.45020394414725E-03  0.46968834634561E-05  0.24580499772909E-03 -0.47130864184819E-03  0.55392675175238E-04  0.42018172632062E-04  0.38995108826127E-04 -0.48673451420385E-04  0.28621483429439E-04  0.39759714244130E-04  0.39173857332274E-04 -0.39994388025400E-04 -0.18697290956665E-04  0.31889964122606E-04  0.33817791738018E-04  0.36152306477113E-04 -0.37131203965562E-04 -0.43080716858268E-04  0.21375846898152E-05  0.78598424450167E-05  0.55618609147782E-04 -0.17153355828779E-08
  -0.76192275485648E-04  0.13772788027782E-03  0.20969824356282E-02  0.79270635614671E-04  0.65286519943509E-03 -0.24202375318640E-03  0.38231434598360E-03 -0.69953889699439E-05 -0.50794395139420E-05  0.47228298785656E-03  0.28383391298974E-02  0.92560364659489E-04 -0.11627274454504E-03  0.89353116015495E-02  0.26559051769835E-05  0.12207695188008E-02  0.45019897433187E-04  0.20736283624111E-03  0.81671658567568E-06 -0.12796413339009E-02  0.44586021306800E-03  0.93807301559191E-04  0.62843496291986E-05  0.37094079502228E-05 -0.32983439400992E-04  0.29025707572556E-05  0.15556261507550E-05  0.20536316184792E-05  0.27607905217229E-04  0.13238223021154E-04 -0.16775971944069E-06  0.86261279808175E-05  0.83011917140417E-05 -0.85780772278718E-05 -0.36086434114484E-05 -0.59793572064023E-07 -0.18192486095202E-06 -0.17166964024847E-05 -0.26178949788622E-05
  -0.55702091591092E-02  0.20969824356282E-02  0.10611218537324E+00 -0.24603268711367E-02  0.28246202310441E-02 -0.72263153772848E-02  0.19105866113093E-01 -0.71387457037703E-03 -0.49733425257872E-03  0.11012317669662E-01  0.16791351881389E+00  0.14502702407256E-02  0.27625840755566E-01 -0.15123172276834E+00 -0.12418131048888E-02  0.12384843462643E-02 -0.14494904541268E-02  0.90833244789743E-02 -0.65376665580035E-04 -0.10984120241620E-01  0.10348675773606E-01 -0.62140806768337E-04 -0.51575590268506E-03 -0.47174252945474E-03  0.10121600816619E-02 -0.32564823574473E-03 -0.46627465194353E-03 -0.45108301651456E-03  0.13474724365981E-02  0.88378648887299E-03 -0.48613410398275E-03 -0.34181794532966E-03 -0.39432900080321E-03  0.46003888848037E-03  0.57346843103579E-03 -0.30644572138794E-04 -0.11064701887091E-03 -0.77453761327861E-03  0.51209914875917E-05
   0.19255077508930E-03  0.79270635614669E-04 -0.24603268711368E-02  0.10211711401401E-02  0.40694074771916E-02 -0.11865267241058E-02 -0.32819823469889E-03  0.24998900315681E-04  0.14291529661076E-04  0.11607913806297E-03 -0.36814832805263E-02  0.42340461712871E-03 -0.48189939816768E-02  0.24563898906202E-01  0.44182839770934E-03  0.76796373989363E-02 -0.14027436449478E-02  0.29004796864457E-02  0.27026505183489E-04 -0.11087764005039E-02  0.10322469897465E-03  0.19383353515763E-03  0.55559189861918E-04  0.52974947597167E-04 -0.53442547684681E-04  0.32317410386099E-04  0.52768813813623E-04  0.53767806515318E-04  0.31134875454827E-04  0.58887059835614E-05  0.22959611337718E-04  0.50155955484617E-04  0.41367811179513E-04 -0.35749752647069E-04 -0.45503836058286E-04  0.23680640864132E-05  0.11110999608009E-04  0.65464545273050E-04  0.29234537634583E-05
   0.10699723917256E-03  0.65286519943507E-03  0.28246202310433E-02  0.40694074771917E-02  0.23450493380610E-01 -0.91044574990450E-02  0.85469394574695E-02 -0.32176017722926E-04 -0.33489991477777E-04  0.55253472447875E-02  0.26463004545950E-01  0.12702823925163E-02 -0.90678710568101E-02  0.27636840926471E+00  0.13332085372817E-02  0.21933220184471E-01 -0.67624997960155E-02  0.12959382805613E-01  0.99120218049584E-04 -0.11001346484897E-02 -0.15385710517071E-02  0.32375905402838E-03  0.14645220207732E-03  0.13236371159406E-03 -0.24810204763854E-03  0.13835759848036E-03  0.93420738080790E-04  0.89857438802737E-04  0.27054882487476E-03  0.14354507813572E-03  0.35320852683380E-04  0.10537220676021E-03  0.18723796838430E-04  0.27817561566170E-05 -0.48863508410432E-04  0.59432957696890E-05  0.29516109242630E-04  0.16821321970895E-03  0.10803757129063E-04
   0.33433608399645E-03 -0.24202375318639E-03 -0.72263153772843E-02 -0.11865267241058E-02 -0.91044574990450E-02  0.51045389561837E-02 -0.69423270473383E-02  0.96013160756225E-04  0.70758034116005E-04 -0.34221287409675E-02 -0.31577085398737E-01 -0.70139063924425E-04 -0.12078224889904E-02 -0.22928505793208E+00 -0.27247499774574E-03 -0.84122651888316E-02  0.27868635835515E-02 -0.60961811127907E-02 -0.32930658103901E-04  0.70325298999893E-03  0.15073033357434E-03 -0.70841028153701E-04 -0.49467454500392E-05 -0.18845262840090E-04 -0.98822881263094E-04 -0.68376733657484E-04  0.11684423054375E-04  0.22808236175571E-05 -0.22724862906078E-03 -0.20205133416899E-03  0.27585530418995E-04  0.25912149951027E-06  0.35308915924304E-04 -0.50506146777247E-04 -0.38875721193756E-04 -0.14441664896776E-06 -0.12413695233128E-05 -0.10451020203539E-04 -0.35488989241100E-04
  -0.10011444763738E-02  0.38231434598359E-03  0.19105866113092E-01 -0.32819823469885E-03  0.85469394574697E-02 -0.69423270473383E-02  0.16056746522294E-01 -0.21740106582143E-03 -0.15037930821035E-03  0.87489219947862E-02  0.75710706663151E-01 -0.12852820143448E-02  0.22015975225657E-01  0.29056066513168E+00 -0.74056769488975E-03 -0.65842249912647E-02 -0.77411652862947E-03  0.17710729264978E-02 -0.12521962180826E-04  0.26145805958812E-02 -0.17816286032615E-02 -0.33339897032609E-03 -0.72462425667136E-04 -0.43125399858713E-04  0.12999601232782E-03  0.92404738661919E-04 -0.10751879879962E-03 -0.94972979140262E-04  0.44447746197363E-03  0.46491038308793E-03 -0.83645768680027E-04 -0.73001009323571E-04 -0.13516751045849E-03  0.13336972938582E-03  0.12729194803280E-03 -0.33779222684301E-05 -0.16048424306208E-04 -0.72936529067100E-04  0.66531739358793E-04
   0.41900136102663E-04 -0.69953889699435E-05 -0.71387457037701E-03  0.24998900315679E-04 -0.32176017722935E-04  0.96013160756229E-04 -0.21740106582143E-03  0.24594681094474E-04  0.18673871040860E-04 -0.25279178189106E-03 -0.42133364986755E-02  0.11621364736117E-04 -0.29783427754765E-03 -0.69690742694444E-02 -0.22079700686212E-04 -0.65217730631306E-05  0.13372658980200E-03 -0.18240938023088E-03  0.48554303586929E-06 -0.71026470704148E-04  0.15666893734350E-05  0.15656627493961E-04  0.81918885920647E-05  0.79346600871021E-05  0.50168786577175E-05  0.84185638783109E-05  0.80832950948112E-05  0.81646822042419E-05  0.22528707204443E-05  0.30577588479699E-05  0.86031385351078E-05  0.70830721973046E-05  0.77923084961498E-05  0.12887421454052E-05  0.97991743377350E-06  0.35730171989695E-06  0.14614201552037E-05  0.11878850767342E-04  0.63175662735944E-07
   0.28907679371950E-04 -0.50794395139417E-05 -0.49733425257871E-03  0.14291529661075E-04 -0.33489991477784E-04  0.70758034116008E-04 -0.15037930821035E-03  0.18673871040860E-04  0.14992161309979E-04 -0.17414305922206E-03 -0.31181806828425E-02  0.59824035884892E-05 -0.18991140370448E-03 -0.50889242932418E-02 -0.31328485373776E-04 -0.23349749077667E-03  0.12540148814306E-03 -0.19952772271785E-03  0.25367027982916E-06 -0.46335138932724E-04  0.10813361871146E-05  0.92292570713291E-05  0.54006774973125E-05  0.51823660723957E-05  0.23594017849830E-05  0.59467198811558E-05  0.52295038003010E-05  0.52237347294459E-05  0.41622632861710E-06  0.11023357130786E-05  0.60024262848373E-05  0.45677049701729E-05  0.50326509563284E-05  0.19965530057956E-05  0.16182793363137E-05  0.22001741183137E-06  0.15903562471745E-06  0.76760811224105E-05 -0.75025372978047E-07
  -0.44021342497152E-03  0.47228298785655E-03  0.11012317669662E-01  0.11607913806300E-03  0.55253472447875E-02 -0.34221287409675E-02  0.87489219947862E-02 -0.25279178189105E-03 -0.17414305922205E-03  0.22461699167605E-01  0.11060826538423E+00 -0.14602757139152E-02  0.29963166761527E-01  0.36656138986590E-01 -0.63294385361995E-03 -0.43738021360619E-01 -0.48616390988198E-02 -0.38746092737021E-03 -0.18323249487544E-05  0.86382251144346E-02 -0.33593637544290E-02 -0.13479969699511E-02 -0.25010223073743E-04 -0.36664500454591E-04 -0.16348174540913E-02  0.82390405145736E-04 -0.30980432611048E-04 -0.65948321514467E-04  0.18266997564957E-04  0.28280515959766E-04 -0.18100175863047E-04  0.80955319863433E-05 -0.66502014728449E-04  0.48437247255756E-03  0.31150397575901E-03 -0.37405106086421E-05 -0.26545722256433E-04 -0.60785729780578E-04 -0.50796354043722E-04
  -0.84217273233936E-02  0.28383391298974E-02  0.16791351881389E+00 -0.36814832805259E-02  0.26463004545952E-01 -0.31577085398737E-01  0.75710706663152E-01 -0.42133364986755E-02 -0.31181806828425E-02  0.11060826538423E+00  0.11538583102256E+01 -0.74032763663645E-02  0.18506207565978E+00  0.12250639015582E+01 -0.14308075960828E-02 -0.15995887541159E+00 -0.17552949200299E-01 -0.15319245465704E-01 -0.96256673102850E-04  0.51998975864179E-01 -0.26184683974012E-01 -0.54016796655810E-02 -0.12234828459770E-03  0.13208419681507E-03  0.24292086259515E-02  0.74519698190566E-03  0.26551683651585E-04  0.11810407883954E-03  0.65035585504979E-02  0.64742301386590E-02 -0.14521177119987E-02  0.29711268215239E-03  0.47975343642525E-05 -0.35404174694935E-03 -0.10444494708599E-02 -0.10983068026606E-05 -0.46774380274230E-04  0.33046249802800E-04  0.29981054946381E-03
  -0.51127221705051E-04  0.92560364659489E-04  0.14502702407257E-02  0.42340461712871E-03  0.12702823925163E-02 -0.70139063924423E-04 -0.12852820143448E-02  0.11621364736117E-04  0.59824035884892E-05 -0.14602757139151E-02 -0.74032763663644E-02  0.23906294532994E-02 -0.27380082779566E-01 -0.24395306809322E-01  0.30976148931700E-03  0.36611244170856E-02 -0.10251966939564E-02  0.19484583121465E-02  0.10882272633449E-04 -0.10845325982322E-02  0.63599153456118E-03  0.71103205871773E-04 -0.13095639396007E-05  0.54281259166951E-05  0.60840527855376E-04  0.62083976216752E-05  0.70232177640185E-05  0.10633855902608E-04  0.11588106666986E-03 -0.34793932384560E-04  0.96958544039335E-06  0.10208839044116E-04  0.94938931560257E-05  0.11230571477642E-04  0.69643755870487E-05  0.38782146579458E-06  0.34334602304753E-05 -0.32198125085496E-05  0.10339648598764E-04
  -0.14634516415803E-02 -0.11627274454504E-03  0.27625840755566E-01 -0.48189939816767E-02 -0.90678710568097E-02 -0.12078224889907E-02  0.22015975225657E-01 -0.29783427754766E-03 -0.18991140370448E-03  0.29963166761527E-01  0.18506207565978E+00 -0.27380082779566E-01  0.46453534889288E+00  0.29648151117745E+00 -0.48451284733787E-02 -0.80666866820216E-01  0.18072170921946E-01 -0.41571922886537E-01 -0.13110741335728E-03  0.18606328724626E-01 -0.10818465037514E-01 -0.10245220132967E-02  0.23564460365734E-03  0.16139684092133E-04  0.45368147966582E-04  0.17280004551588E-03  0.16825485461431E-03 -0.97669491667520E-05  0.14009691261889E-02  0.16787636438143E-02 -0.51690235984605E-04  0.13622498874955E-03  0.12225482597541E-04 -0.46667478073180E-03 -0.48613979541783E-03  0.77686056913562E-05  0.30993882222015E-04  0.16088427186986E-03 -0.28577384710387E-03
   0.14550750001536E-01  0.89353116015488E-02 -0.15123172276837E+00  0.24563898906203E-01  0.27636840926471E+00 -0.22928505793208E+00  0.29056066513168E+00 -0.69690742694442E-02 -0.50889242932416E-02  0.36656138986590E-01  0.12250639015581E+01 -0.24395306809322E-01  0.29648151117743E+00  0.12022127937359E+03  0.45357013578210E-02  0.13761787026836E+01 -0.24151493913251E+00  0.71213185975587E+00  0.11463481024480E-02 -0.12578030713668E+00  0.64433122710432E-01  0.13376920890809E-01  0.65319678931335E-02  0.27011185606523E-02  0.16653634185390E-01  0.15148382356136E-01  0.60459648627963E-02  0.29426692118372E-02  0.16815850330365E-01  0.80833277331163E-02  0.65983068571671E-02  0.49472679046440E-02  0.24949412871961E-02  0.38110408750264E-02  0.37327711529421E-02  0.37229250243537E-03  0.10058492801760E-02 -0.11571596770632E-02 -0.54036601295117E-02
   0.87166532893444E-04  0.26559051769779E-05 -0.12418131048890E-02  0.44182839770934E-03  0.13332085372816E-02 -0.27247499774570E-03 -0.74056769488981E-03 -0.22079700686210E-04 -0.31328485373775E-04 -0.63294385361994E-03 -0.14308075960833E-02  0.30976148931700E-03 -0.48451284733788E-02  0.45357013578202E-02  0.15871357755510E-02  0.28373965919917E-01 -0.46318975479519E-02  0.11244857539610E-01  0.11998127460463E-04 -0.55323529523697E-03  0.46732016326667E-03  0.13015950891342E-03  0.20495478569350E-04  0.20667570726145E-04 -0.20565024042277E-04 -0.31114666419118E-04  0.27851093904905E-04  0.31230691973303E-04 -0.37516913995092E-04 -0.42184541915109E-04  0.14766106823823E-04  0.21065154452459E-04  0.24405527708201E-04 -0.23921097386913E-04 -0.67048959370605E-05  0.11943470283820E-05  0.50352703876051E-05  0.20783272689084E-04  0.22442071561673E-05
   0.93350070677763E-03  0.12207695188007E-02  0.12384843462619E-02  0.76796373989363E-02  0.21933220184471E-01 -0.84122651888311E-02 -0.65842249912656E-02 -0.65217730631173E-05 -0.23349749077667E-03 -0.43738021360618E-01 -0.15995887541160E+00  0.36611244170857E-02 -0.80666866820219E-01  0.13761787026836E+01  0.28373965919917E-01  0.96620337416698E+00 -0.61875686212720E-01  0.27067266200792E+00  0.21518576024161E-03 -0.72349079855630E-01  0.41505632822500E-01  0.11978300115858E-01  0.70597953786669E-03  0.78249500652074E-03  0.83868782591799E-03 -0.81481382849196E-04  0.11246436293592E-02  0.13654584918945E-02  0.71461600739911E-03  0.78953178220270E-03  0.50126606732284E-03  0.85200754713655E-03  0.11448443678710E-02 -0.37443291607481E-02 -0.20361586041707E-02  0.44373902898988E-04  0.21285755580603E-03  0.62270015529113E-03  0.38544804785077E-03
   0.12457930264439E-03  0.45019897433220E-04 -0.14494904541256E-02 -0.14027436449477E-02 -0.67624997960152E-02  0.27868635835513E-02 -0.77411652862913E-03  0.13372658980198E-03  0.12540148814305E-03 -0.48616390988199E-02 -0.17552949200297E-01 -0.10251966939564E-02  0.18072170921946E-01 -0.24151493913250E+00 -0.46318975479518E-02 -0.61875686212717E-01  0.25263878444628E-01 -0.50218952542394E-01 -0.41086348633241E-04 -0.68009366040532E-02  0.50160866207484E-03  0.12968632270571E-02  0.70858476539636E-04  0.85955879324902E-04  0.54579998619576E-03  0.19951251468005E-03  0.82496400845592E-04  0.10782032114680E-03  0.57898876010660E-03  0.59876970231488E-03 -0.54372059633367E-04  0.90607396836554E-04  0.12549286365889E-03 -0.87640950718785E-03 -0.76423118366162E-03  0.91822160214199E-05  0.37646999067909E-04  0.23301306254492E-03  0.74893276392393E-04
  -0.45020394414714E-03  0.20736283624104E-03  0.90833244789719E-02  0.29004796864457E-02  0.12959382805613E-01 -0.60961811127903E-02  0.17710729264971E-02 -0.18240938023086E-03 -0.19952772271784E-03 -0.38746092736995E-03 -0.15319245465708E-01  0.19484583121464E-02 -0.41571922886538E-01  0.71213185975586E+00  0.11244857539610E-01  0.27067266200791E+00 -0.50218952542394E-01  0.13076062424337E+00  0.87169609584107E-04 -0.41282072474640E-02  0.91863860350840E-02 -0.49383269769121E-04 -0.11648538227069E-03 -0.13596195881312E-03 -0.10957401742854E-02 -0.41003557421405E-03 -0.65526908862915E-04 -0.74630507653706E-04 -0.11474221375356E-02 -0.11541926705880E-02  0.20171763944631E-03 -0.12503789236685E-03 -0.12968814646522E-03  0.10137930789450E-02  0.11879195109210E-02 -0.15891984053314E-04 -0.61508218342754E-04 -0.49386865268361E-03 -0.79196082368372E-04
   0.46968834634562E-05  0.81671658567561E-06 -0.65376665580038E-04  0.27026505183489E-04  0.99120218049583E-04 -0.32930658103900E-04 -0.12521962180827E-04  0.48554303586934E-06  0.25367027982920E-06 -0.18323249487550E-05 -0.96256673102862E-04  0.10882272633449E-04 -0.13110741335728E-03  0.11463481024480E-02  0.11998127460463E-04  0.21518576024161E-03 -0.41086348633242E-04  0.87169609584107E-04  0.81917182988518E-06 -0.43995762708282E-04  0.10811192690841E-04  0.57395796219844E-05  0.12624985435825E-05  0.12348655123216E-05 -0.99576972392861E-06  0.75618085146404E-06  0.12901083002645E-05  0.12167845445092E-05  0.54273807999279E-06 -0.96376912349791E-07  0.53800970034611E-06  0.13163689148146E-05  0.86689919684312E-06 -0.75411869886591E-06 -0.95259500888161E-06  0.53779805048826E-07  0.25136486558037E-06  0.14523965341900E-05  0.14643898030769E-06
   0.24580499772913E-03 -0.12796413339009E-02 -0.10984120241620E-01 -0.11087764005039E-02 -0.11001346484898E-02  0.70325298999907E-03  0.26145805958810E-02 -0.71026470704140E-04 -0.46335138932717E-04  0.86382251144345E-02  0.51998975864177E-01 -0.10845325982322E-02  0.18606328724626E-01 -0.12578030713669E+00 -0.55323529523706E-03 -0.72349079855632E-01 -0.68009366040527E-02 -0.41282072474653E-02 -0.43995762708282E-04  0.47641372420327E-01 -0.19174241693738E-01 -0.39679695088184E-02 -0.54695042149828E-04 -0.55076855429204E-04  0.39429885906711E-03  0.53102169727321E-04 -0.72121113807284E-04 -0.96468171536642E-04  0.26003440028327E-03  0.31759567846655E-03 -0.37508925585121E-04 -0.21676150616566E-03 -0.25585674733330E-03  0.72833002836066E-03  0.42102372593528E-03 -0.11800271222086E-05 -0.49571953856630E-05  0.37047086500568E-04 -0.79014433649221E-04
  -0.47130864184820E-03  0.44586021306800E-03  0.10348675773606E-01  0.10322469897465E-03 -0.15385710517070E-02  0.15073033357429E-03 -0.17816286032614E-02  0.15666893734309E-05  0.10813361871114E-05 -0.33593637544289E-02 -0.26184683974011E-01  0.63599153456118E-03 -0.10818465037514E-01  0.64433122710436E-01  0.46732016326671E-03  0.41505632822500E-01  0.50160866207459E-03  0.91863860350845E-02  0.10811192690841E-04 -0.19174241693738E-01  0.11348612751870E-01  0.10585883014289E-02 -0.74822343171795E-04 -0.76406908296505E-04 -0.53238547138541E-03 -0.12532570378994E-03  0.78711547298110E-05  0.13103072799048E-04 -0.36085782171602E-03 -0.40243571320272E-03  0.20084916294486E-04  0.29984854387317E-04  0.57708417239559E-04 -0.64191790623539E-04  0.79092173344235E-04 -0.64520881093018E-05 -0.28272064586070E-04 -0.20015664412742E-03  0.54290660690518E-05
   0.55392675175234E-04  0.93807301559192E-04 -0.62140806768248E-04  0.19383353515763E-03  0.32375905402839E-03 -0.70841028153714E-04 -0.33339897032607E-03  0.15656627493960E-04  0.92292570713283E-05 -0.13479969699511E-02 -0.54016796655808E-02  0.71103205871776E-04 -0.10245220132967E-02  0.13376920890810E-01  0.13015950891343E-03  0.11978300115859E-01  0.12968632270570E-02 -0.49383269768926E-04  0.57395796219844E-05 -0.39679695088184E-02  0.10585883014289E-02  0.96450016980835E-03  0.38665271324430E-04  0.41792863712162E-04  0.73163329686955E-04  0.21393035017782E-04  0.14944503343441E-04  0.21351827668765E-04  0.82472933728138E-04  0.79859518340931E-04  0.92927136417911E-05  0.27385441619769E-05  0.11106610394553E-04 -0.16448465003857E-03 -0.12545331006703E-03  0.21296655600297E-05  0.89143541636033E-05  0.47468609996121E-04  0.18996362976344E-04
   0.42018172632062E-04  0.62843496291987E-05 -0.51575590268506E-03  0.55559189861918E-04  0.14645220207731E-03 -0.49467454500376E-05 -0.72462425667138E-04  0.81918885920648E-05  0.54006774973126E-05 -0.25010223073747E-04 -0.12234828459773E-03 -0.13095639396005E-05  0.23564460365733E-03  0.65319678931334E-02  0.20495478569351E-04  0.70597953786672E-03  0.70858476539637E-04 -0.11648538227069E-03  0.12624985435825E-05 -0.54695042149831E-04 -0.74822343171794E-04  0.38665271324431E-04  0.28312850289566E-04  0.20089426660435E-04  0.45264220676328E-04  0.17022184473824E-04  0.21044156579489E-04  0.21799721832673E-04  0.46759814978183E-04  0.46422369764801E-04  0.79149148205524E-05  0.20125654345379E-04  0.20158788346028E-04 -0.15081206529350E-04 -0.17280831090524E-04  0.78998744157832E-06  0.31520530953720E-05  0.23216616688237E-04  0.20422487889013E-05
   0.38995108826127E-04  0.37094079502229E-05 -0.47174252945473E-03  0.52974947597167E-04  0.13236371159406E-03 -0.18845262840089E-04 -0.43125399858715E-04  0.79346600871022E-05  0.51823660723957E-05 -0.36664500454593E-04  0.13208419681505E-03  0.54281259166954E-05  0.16139684092130E-04  0.27011185606522E-02  0.20667570726146E-04  0.78249500652077E-03  0.85955879324901E-04 -0.13596195881311E-03  0.12348655123216E-05 -0.55076855429207E-04 -0.76406908296503E-04  0.41792863712163E-04  0.20089426660435E-04  0.37228624599111E-04  0.56103897443904E-04  0.18356870403252E-04  0.21847167072014E-04  0.23657055070166E-04  0.53161713641961E-04  0.54535155253692E-04  0.68142336917070E-05  0.20883698066108E-04  0.21603839153677E-04 -0.17237252693018E-04 -0.19409961027373E-04  0.82634178250563E-06  0.33895256805706E-05  0.25177687941220E-04  0.41383637474085E-05
  -0.48673451420387E-04 -0.32983439400991E-04  0.10121600816619E-02 -0.53442547684679E-04 -0.24810204763852E-03 -0.98822881263106E-04  0.12999601232783E-03  0.50168786577167E-05  0.23594017849824E-05 -0.16348174540912E-02  0.24292086259517E-02  0.60840527855377E-04  0.45368147966576E-04  0.16653634185391E-01 -0.20565024042269E-04  0.83868782591816E-03  0.54579998619573E-03 -0.10957401742854E-02 -0.99576972392854E-06  0.39429885906711E-03 -0.53238547138540E-03  0.73163329686955E-04  0.45264220676328E-04  0.56103897443904E-04  0.73157087948312E-03  0.55297552341175E-04  0.49994043995188E-04  0.60059338590235E-04  0.28670089057225E-03  0.28416130997701E-03 -0.74039196033376E-05  0.47533014477617E-04  0.53310610060613E-04 -0.64151471418546E-04 -0.68129737237268E-04  0.21839820446558E-05  0.10244138581394E-04  0.70181348936238E-04  0.20002455708886E-04
   0.28621483429439E-04  0.29025707572557E-05 -0.32564823574472E-03  0.32317410386100E-04  0.13835759848036E-03 -0.68376733657484E-04  0.92404738661919E-04  0.84185638783110E-05  0.59467198811558E-05  0.82390405145733E-04  0.74519698190564E-03  0.62083976216755E-05  0.17280004551587E-03  0.15148382356136E-01 -0.31114666419117E-04 -0.81481382849156E-04  0.19951251468005E-03 -0.41003557421404E-03  0.75618085146404E-06  0.53102169727317E-04 -0.12532570378994E-03  0.21393035017783E-04  0.17022184473824E-04  0.18356870403252E-04  0.55297552341175E-04  0.56495514439542E-04  0.18600226662261E-04  0.19826071129056E-04  0.61475313398358E-04  0.60317333195569E-04  0.60807858962819E-05  0.17975192154269E-04  0.18006402162830E-04 -0.15353085891921E-04 -0.17646015096155E-04  0.85499718544329E-06  0.36407116732613E-05  0.24731407636913E-04  0.33354952333433E-05
   0.39759714244130E-04  0.15556261507551E-05 -0.46627465194352E-03  0.52768813813623E-04  0.93420738080788E-04  0.11684423054376E-04 -0.10751879879962E-03  0.80832950948113E-05  0.52295038003011E-05 -0.30980432611050E-04  0.26551683651572E-04  0.70232177640188E-05  0.16825485461431E-03  0.60459648627963E-02  0.27851093904906E-04  0.11246436293592E-02  0.82496400845590E-04 -0.65526908862906E-04  0.12901083002645E-05 -0.72121113807287E-04  0.78711547298131E-05  0.14944503343441E-04  0.21044156579489E-04  0.21847167072014E-04  0.49994043995188E-04  0.18600226662261E-04  0.28307284334427E-04  0.27628015587015E-04  0.54664054072423E-04  0.53957159534708E-04  0.79046258717662E-05  0.25806955048035E-04  0.26055030112558E-04 -0.18449012192576E-04 -0.20154113421266E-04  0.85264019530645E-06  0.34522390375066E-05  0.24817123752125E-04  0.26983401213045E-05
   0.39173857332274E-04  0.20536316184793E-05 -0.45108301651455E-03  0.53767806515318E-04  0.89857438802736E-04  0.22808236175577E-05 -0.94972979140264E-04  0.81646822042419E-05  0.52237347294459E-05 -0.65948321514469E-04  0.11810407883953E-03  0.10633855902608E-04 -0.97669491667564E-05  0.29426692118372E-02  0.31230691973304E-04  0.13654584918946E-02  0.10782032114680E-03 -0.74630507653693E-04  0.12167845445092E-05 -0.96468171536645E-04  0.13103072799050E-04  0.21351827668765E-04  0.21799721832673E-04  0.23657055070166E-04  0.60059338590235E-04  0.19826071129056E-04  0.27628015587015E-04  0.31063012632908E-04  0.60005105487127E-04  0.60958326207235E-04  0.70411949551751E-05  0.26602107501044E-04  0.28235979371834E-04 -0.22567946367936E-04 -0.23762472915072E-04  0.91535603690290E-06  0.37938639324207E-05  0.27154825345052E-04  0.46011767299151E-05
  -0.39994388025401E-04  0.27607905217230E-04  0.13474724365981E-02  0.31134875454830E-04  0.27054882487478E-03 -0.22724862906079E-03  0.44447746197365E-03  0.22528707204438E-05  0.41622632861668E-06  0.18266997564965E-04  0.65035585504980E-02  0.11588106666986E-03  0.14009691261889E-02  0.16815850330366E-01 -0.37516913995083E-04  0.71461600739932E-03  0.57898876010657E-03 -0.11474221375355E-02  0.54273807999288E-06  0.26003440028327E-03 -0.36085782171602E-03  0.82472933728138E-04  0.46759814978183E-04  0.53161713641961E-04  0.28670089057225E-03  0.61475313398358E-04  0.54664054072423E-04  0.60005105487127E-04  0.33216238777336E-03  0.24049086658703E-03  0.91680694539120E-06  0.53286419202414E-04  0.53495876029581E-04 -0.65234459351678E-04 -0.69749584220521E-04  0.23641806544500E-05  0.10763294898023E-04  0.68199845304956E-04  0.13780738979993E-04
  -0.18697290956666E-04  0.13238223021155E-04  0.88378648887302E-03  0.58887059835643E-05  0.14354507813574E-03 -0.20205133416900E-03  0.46491038308795E-03  0.30577588479694E-05  0.11023357130782E-05  0.28280515959773E-04  0.64742301386591E-02 -0.34793932384560E-04  0.16787636438142E-02  0.80833277331170E-02 -0.42184541915101E-04  0.78953178220289E-03  0.59876970231485E-03 -0.11541926705879E-02 -0.96376912349712E-07  0.31759567846655E-03 -0.40243571320272E-03  0.79859518340931E-04  0.46422369764801E-04  0.54535155253692E-04  0.28416130997701E-03  0.60317333195569E-04  0.53957159534708E-04  0.60958326207235E-04  0.24049086658703E-03  0.27275930950449E-03  0.48771428803920E-06  0.52464734934526E-04  0.54057039782379E-04 -0.65583351178610E-04 -0.69757642952569E-04  0.23019718544647E-05  0.10270272283686E-04  0.70833568422434E-04  0.15945876882902E-04
   0.31889964122606E-04 -0.16775971944075E-06 -0.48613410398275E-03  0.22959611337717E-04  0.35320852683374E-04  0.27585530418998E-04 -0.83645768680031E-04  0.86031385351079E-05  0.60024262848374E-05 -0.18100175863050E-04 -0.14521177119988E-02  0.96958544039337E-06 -0.51690235984604E-04  0.65983068571669E-02  0.14766106823822E-04  0.50126606732281E-03 -0.54372059633361E-04  0.20171763944630E-03  0.53800970034609E-06 -0.37508925585122E-04  0.20084916294487E-04  0.92927136417912E-05  0.79149148205523E-05  0.68142336917069E-05 -0.74039196033375E-05  0.60807858962819E-05  0.79046258717662E-05  0.70411949551750E-05  0.91680694539117E-06  0.48771428803919E-06  0.27443111603537E-03  0.70071719714279E-05  0.65918847302771E-05  0.89762656789103E-05  0.80783287146610E-05  0.13865880066618E-06  0.12933520306155E-06  0.55340106090482E-05 -0.15052906806141E-05
   0.33817791738018E-04  0.86261279808177E-05 -0.34181794532965E-03  0.50155955484617E-04  0.10537220676021E-03  0.25912149951056E-06 -0.73001009323571E-04  0.70830721973046E-05  0.45677049701729E-05  0.80955319863419E-05  0.29711268215238E-03  0.10208839044117E-04  0.13622498874955E-03  0.49472679046440E-02  0.21065154452460E-04  0.85200754713658E-03  0.90607396836552E-04 -0.12503789236684E-03  0.13163689148146E-05 -0.21676150616566E-03  0.29984854387318E-04  0.27385441619772E-05  0.20125654345379E-04  0.20883698066108E-04  0.47533014477617E-04  0.17975192154269E-04  0.25806955048035E-04  0.26602107501044E-04  0.53286419202414E-04  0.52464734934526E-04  0.70071719714280E-05  0.37763076506844E-04  0.27682394050138E-04 -0.17913667903473E-04 -0.19588728222397E-04  0.80915224223603E-06  0.32970576592389E-05  0.23791235046737E-04  0.27263465061559E-05
