# fitpack15: fit parameters                                                                         
# CJ15_AV18                                                                                         
# Created on 07/02/2015 at 06:01:18                                                                 

 # QCD setup
  INS	                    0
  NVL                          11
  IORD                          1
  Q02                   1.6899999999999999     
  IPARAMC                       7
  FLAVOR                4.0000000000000000     
  xmc                   1.3000000000000000     
  xmb                   4.5000000000000000     
  ncb                          12

 # Theory corrections
  inuke                     10314
  itmc                          1
  iht                           1

 # fit parameters
 LAMBDA       0.22680        0.0000    
 a0uv          2.5861        0.0000    
 a1uv         0.63069       0.20569E-01
 a2uv          3.5310       0.13837E-01
 a3uv          0.0000        0.0000    
 a4uv          3.0630       0.39790    
 a5uv          0.0000        0.0000    
 a0dv          27.291        0.0000    
 a1dv          1.1725       0.36592E-01
 a2dv          6.7669       0.17539    
 a3dv         -3.6373       0.90103E-01
 a4dv          4.9002       0.15964    
 a5dv          0.0000        0.0000    
 a0ud         0.14292       0.51926E-02
 a1ud        -0.21672       0.39935E-02
 a2ud          8.3502       0.16142    
 a3ud          0.0000        0.0000    
 a4ud          15.297        1.2128    
 a5ud          0.0000        0.0000    
 a0du          35712.        0.0000    
 a1du          3.9907       0.49660E-01
 a2du          19.974       0.66083    
 a3du          17.000        0.0000    
 a4du          46.503        6.3794    
 a0g           49.509        0.0000    
 a1g          0.63058       0.39017E-01
 a2g           6.2383        1.0999    
 a3g          -3.3034       0.16277    
 a4g           3.0842       0.30878    
 a5g           0.0000        0.0000    
 kappa        0.40000        0.0000    
 a6dv        -0.38049E-02   0.10273E-02
 a7dv          2.0000        0.0000    
 x0_KP        0.28028       0.96580E-01
 C_KP         0.96973E-01   0.44121E-01
 ht1          -3.0093       0.24338    
 ht2           1.7301       0.10412    
 ht3          -2.0924       0.28299E-01
 ht4           0.0000        0.0000    
 dummy40       0.0000        0.0000    
 dummy41       0.0000        0.0000    
 dummy42       0.0000        0.0000    
 dummy43       0.0000        0.0000    
 dummy44       0.0000        0.0000    
 dummy45       0.0000        0.0000    
 dummy46       0.0000        0.0000    
 dummy47       0.0000        0.0000    
 dummy48       0.0000        0.0000    
 dummy49       0.0000        0.0000    
 bcdmsh2      0.97119       0.54546E-02
 bcdmsd2      0.99352       0.61573E-02
 ccfr          1.0000        0.0000    
 nutev         1.0000        0.0000    
 zeus         0.97998        0.0000    
 h1            1.0162        0.0000    
 e605          1.0260       0.28527E-01
 NmcH2         1.0152       0.76109E-02
 ntv_nu        1.0000        0.0000    
 ntv_nubar     1.0000        0.0000    
 cdf_jet      0.98910        0.0000    
 d0_jet       0.83504        0.0000    
 slac_p        1.0010       0.55027E-02
 slac_d        1.0032       0.58221E-02
 e866pp       0.96618       0.19115E-01
 e866pd       0.98106       0.17680E-01
 d0_gamjet     1.0392       0.16584E-01
 h1b          0.97608        0.0000    
 jlab_p       0.99167       0.63267E-02
 jlab_d       0.97582       0.64291E-02
 blank         1.0000        0.0000    
 d0run2       0.93922       0.15780E-01
 cdfrun2      0.92480       0.18181E-01
 HERA_el      0.99979       0.34133E-02
 HERA_ps      0.99500       0.31433E-02
 CDF_Z        0.97411       0.68159E-02
 NmcRat        1.0000        0.0000    
 BNS_F2nd     0.98003       0.67217E-02
 END 0. 0.

 # Hessian matrix (Bevington alpha)
   0.44798207867701E+07 -0.12325587063436E+07  0.23826047988203E+06  0.51774680401048E+06 -0.12521079410190E+06 -0.27800972676835E+05  0.53197209963728E+05  0.84040604170059E+06 -0.17167652259207E+06 -0.44016422178943E+05  0.60554170750566E+04  0.12166374228989E+05  0.14157179012283E+04 -0.85473303590162E+02 -0.17978455596966E+05  0.15087950525513E+04 -0.16485605370574E+05 -0.82177199014088E+04 -0.84954093472752E+07 -0.41350559766228E+05  0.13015300451807E+06
  -0.12325587063436E+07  0.40253668392077E+06 -0.67463312041608E+05 -0.14110035152616E+06  0.34115374523907E+05  0.11693986521937E+05 -0.10705036529761E+05 -0.13231967594568E+06  0.30039171442433E+05  0.74073696516765E+04 -0.89412775902343E+03 -0.11672696933159E+04 -0.12672437126840E+03  0.10525094704360E+02  0.33902962765155E+04 -0.40167976443379E+03  0.32026467159942E+04  0.19116419346670E+04  0.29042383999544E+07  0.10575185925574E+05 -0.42591250746474E+05
   0.23826047988203E+06 -0.67463312041608E+05  0.12786629461118E+05  0.27431167475066E+05 -0.67335153366172E+04 -0.18106313794509E+04  0.26773758090321E+04  0.35110478281135E+05 -0.72864733950334E+04 -0.20581185387183E+04  0.25089865037257E+03  0.42225274319398E+03  0.56351154380019E+02 -0.43864979131281E+01 -0.12845087418166E+04  0.12186611817777E+03 -0.12081407867431E+04 -0.64116394884638E+03 -0.46830453257506E+06 -0.21902200323604E+04  0.71477909839186E+04
   0.51774680401048E+06 -0.14110035152616E+06  0.27431167475066E+05  0.30068675354710E+06 -0.47002610892103E+05  0.52404387227528E+05  0.46962687462473E+05  0.30953847458587E+06 -0.25667075112165E+05 -0.15716275513768E+05  0.27243285861882E+04 -0.15053231800268E+04 -0.14965139713363E+03  0.47602812464874E+02  0.20714939753618E+05 -0.23126196733871E+04  0.19061091015071E+05  0.10953844046053E+05 -0.19190545410973E+07 -0.13379847176396E+05  0.29850169751720E+05
  -0.12521079410190E+06  0.34115374523907E+05 -0.67335153366172E+04 -0.47002610892103E+05  0.87089277400988E+04 -0.48264984330212E+04 -0.66370409223378E+04 -0.30609221786738E+05  0.14598894030800E+04  0.20846166917523E+04 -0.28026462531636E+03 -0.37483706743768E+02  0.34780020573824E+01 -0.40884390796107E+01 -0.13946271942741E+04  0.15267465214590E+03 -0.12109452125791E+04 -0.69525213474606E+03  0.41044456023444E+06  0.26135410973354E+04 -0.68294526122443E+04
  -0.27800972676835E+05  0.11693986521937E+05 -0.18106313794509E+04  0.52404387227528E+05 -0.48264984330212E+04  0.18412900082424E+05  0.10605351118644E+05  0.93878929352929E+05 -0.91374490301319E+04 -0.37956417543538E+04  0.81838544243877E+03 -0.79343808303982E+03 -0.71097790729098E+02  0.16921224939909E+02  0.71417462513065E+04 -0.82827349730800E+03  0.67438276760037E+04  0.39616898751925E+04  0.40841941943948E+04 -0.10787197416092E+04 -0.12688548831996E+04
   0.53197209963728E+05 -0.10705036529761E+05  0.26773758090321E+04  0.46962687462473E+05 -0.66370409223378E+04  0.10605351118644E+05  0.83238529771712E+04  0.54094949523231E+05 -0.39431150414698E+04 -0.28087135660836E+04  0.48506092197217E+03 -0.23972052650313E+03 -0.26999940062967E+02  0.86715059714705E+01  0.32974617842348E+04 -0.38465778803692E+03  0.29845235796325E+04  0.17744948982243E+04 -0.18538714144725E+06 -0.18661164791573E+04  0.25471835070968E+04
   0.84040604170059E+06 -0.13231967594568E+06  0.35110478281135E+05  0.30953847458587E+06 -0.30609221786738E+05  0.93878929352929E+05  0.54094949523231E+05  0.49619490403423E+07 -0.25004850569566E+07 -0.84194655370720E+05  0.22995400785824E+05  0.22644606083829E+05  0.17363737555830E+04  0.11100102029740E+03  0.51227662106413E+05 -0.67237407367776E+04  0.57518404255906E+05  0.32886498482208E+05 -0.64812714778816E+06 -0.95403586044673E+04  0.24793830346071E+04
  -0.17167652259207E+06  0.30039171442433E+05 -0.72864733950334E+04 -0.25667075112165E+05  0.14598894030800E+04 -0.91374490301319E+04 -0.39431150414698E+04 -0.25004850569566E+07  0.22187255979819E+07  0.18367178623355E+05 -0.56450215148108E+04 -0.52378453349177E+04 -0.35740908357852E+03 -0.14647804014273E+02  0.45803971104947E+05 -0.24743289925653E+04  0.19993758293437E+05  0.10611293822401E+05  0.16563830806257E+05  0.10079944702424E+04  0.89971360860542E+03
  -0.44016422178943E+05  0.74073696516765E+04 -0.20581185387183E+04 -0.15716275513768E+05  0.20846166917523E+04 -0.37956417543538E+04 -0.28087135660836E+04 -0.84194655370720E+05  0.18367178623355E+05  0.27187456207911E+04 -0.59060162137552E+03 -0.60233956464013E+03 -0.59565595956578E+02 -0.22258510946910E+01 -0.26086551722631E+04  0.31866587642694E+03 -0.24905922332247E+04 -0.15124926870194E+04  0.56221776565198E+05  0.64583993409346E+03 -0.67041522858489E+03
   0.60554170750566E+04 -0.89412775902343E+03  0.25089865037257E+03  0.27243285861882E+04 -0.28026462531636E+03  0.81838544243877E+03  0.48506092197217E+03  0.22995400785824E+05 -0.56450215148108E+04 -0.59060162137552E+03  0.15123137300935E+03  0.15749470849359E+03  0.12752966580242E+02  0.79685533805217E+00  0.81320773639691E+03 -0.87919073423545E+02  0.74017885372747E+03  0.42500649959333E+03 -0.59862302302590E+04 -0.80969943888903E+02  0.32923632066484E+02
   0.12166374228989E+05 -0.11672696933159E+04  0.42225274319398E+03 -0.15053231800268E+04 -0.37483706743768E+02 -0.79343808303982E+03 -0.23972052650313E+03  0.22644606083829E+05 -0.52378453349177E+04 -0.60233956464013E+03  0.15749470849359E+03  0.28141366250989E+04  0.18587691815092E+03  0.12057253304095E+01  0.66461669106219E+03 -0.10151439558154E+03  0.90227072044457E+03  0.55568983300266E+03 -0.71012583448646E+04 -0.23712253659928E+02  0.25745207767787E+03
   0.14157179012283E+04 -0.12672437126840E+03  0.56351154380019E+02 -0.14965139713363E+03  0.34780020573824E+01 -0.71097790729098E+02 -0.26999940062967E+02  0.17363737555830E+04 -0.35740908357852E+03 -0.59565595956578E+02  0.12752966580242E+02  0.18587691815092E+03  0.16224841311446E+02 -0.90506031287300E-01  0.31397050093519E+02 -0.66820775303235E+01  0.51783193994125E+02  0.36391154888550E+02 -0.33628213724854E+03  0.28116818279414E+01  0.17496485541416E+02
  -0.85473303590162E+02  0.10525094704360E+02 -0.43864979131281E+01  0.47602812464874E+02 -0.40884390796107E+01  0.16921224939909E+02  0.86715059714705E+01  0.11100102029740E+03 -0.14647804014273E+02 -0.22258510946910E+01  0.79685533805217E+00  0.12057253304095E+01 -0.90506031287300E-01  0.71712958968597E-01  0.15064080044039E+02 -0.13148179341518E+01  0.11582650966441E+02  0.60291063548007E+01 -0.72090546451318E+02 -0.16109244412539E+01  0.30244670405439E+00
  -0.17978455596966E+05  0.33902962765155E+04 -0.12845087418166E+04  0.20714939753618E+05 -0.13946271942741E+04  0.71417462513065E+04  0.32974617842348E+04  0.51227662106413E+05  0.45803971104947E+05 -0.26086551722631E+04  0.81320773639691E+03  0.66461669106219E+03  0.31397050093519E+02  0.15064080044039E+02  0.26745510174699E+05 -0.24396438934816E+04  0.20962592762089E+05  0.11545501715663E+05 -0.22629345391699E+05  0.14818074365730E+03 -0.29120123006561E+03
   0.15087950525513E+04 -0.40167976443379E+03  0.12186611817777E+03 -0.23126196733871E+04  0.15267465214590E+03 -0.82827349730800E+03 -0.38465778803692E+03 -0.67237407367776E+04 -0.24743289925653E+04  0.31866587642694E+03 -0.87919073423545E+02 -0.10151439558154E+03 -0.66820775303235E+01 -0.13148179341518E+01 -0.24396438934816E+04  0.25894773752213E+03 -0.22012939612667E+04 -0.12619135215729E+04  0.20027629789789E+04 -0.21355753783961E+02  0.66611166843707E+02
  -0.16485605370574E+05  0.32026467159942E+04 -0.12081407867431E+04  0.19061091015071E+05 -0.12109452125791E+04  0.67438276760037E+04  0.29845235796325E+04  0.57518404255906E+05  0.19993758293437E+05 -0.24905922332247E+04  0.74017885372747E+03  0.90227072044457E+03  0.51783193994125E+02  0.11582650966441E+02  0.20962592762089E+05 -0.22012939612667E+04  0.19108715957532E+05  0.10847808652152E+05 -0.21979040141287E+05  0.20166889348987E+03 -0.29830732797834E+03
  -0.82177199014088E+04  0.19116419346670E+04 -0.64116394884638E+03  0.10953844046053E+05 -0.69525213474606E+03  0.39616898751925E+04  0.17744948982243E+04  0.32886498482208E+05  0.10611293822401E+05 -0.15124926870194E+04  0.42500649959333E+03  0.55568983300266E+03  0.36391154888550E+02  0.60291063548007E+01  0.11545501715663E+05 -0.12619135215729E+04  0.10847808652152E+05  0.62522677245254E+04 -0.11588086890007E+05  0.12670595256127E+03 -0.26207381465842E+03
  -0.84954093472752E+07  0.29042383999544E+07 -0.46830453257506E+06 -0.19190545410973E+07  0.41044456023444E+06  0.40841941943948E+04 -0.18538714144725E+06 -0.64812714778816E+06  0.16563830806257E+05  0.56221776565198E+05 -0.59862302302590E+04 -0.71012583448646E+04 -0.33628213724854E+03 -0.72090546451318E+02 -0.22629345391699E+05  0.20027629789789E+04 -0.21979040141287E+05 -0.11588086890007E+05  0.32099698338729E+08  0.12787318911191E+06 -0.52804372423226E+06
  -0.41350559766228E+05  0.10575185925574E+05 -0.21902200323604E+04 -0.13379847176396E+05  0.26135410973354E+04 -0.10787197416092E+04 -0.18661164791573E+04 -0.95403586044673E+04  0.10079944702424E+04  0.64583993409346E+03 -0.80969943888903E+02 -0.23712253659928E+02  0.28116818279414E+01 -0.16109244412539E+01  0.14818074365730E+03 -0.21355753783961E+02  0.20166889348987E+03  0.12670595256127E+03  0.12787318911191E+06  0.12111785576745E+04 -0.25925953407739E+04
   0.13015300451807E+06 -0.42591250746474E+05  0.71477909839186E+04  0.29850169751720E+05 -0.68294526122443E+04 -0.12688548831996E+04  0.25471835070968E+04  0.24793830346071E+04  0.89971360860542E+03 -0.67041522858489E+03  0.32923632066484E+02  0.25745207767787E+03  0.17496485541416E+02  0.30244670405439E+00 -0.29120123006561E+03  0.66611166843707E+02 -0.29830732797834E+03 -0.26207381465842E+03 -0.52804372423226E+06 -0.25925953407739E+04  0.10376889054428E+05

 # Covariance matrix (Bevington epsilon)
   0.42307680947440E-03 -0.98828335683566E-04 -0.79641693688153E-02  0.30534391951270E-03  0.18615735943544E-03  0.38633460543280E-03 -0.16347681785576E-02  0.55129011691003E-04  0.37690816476408E-04 -0.10240369427627E-02 -0.13851234126941E-01 -0.48601602735017E-04 -0.22711015883493E-02  0.10131738376615E-01  0.13603840713188E-03  0.11666172348732E-02  0.96367600135556E-04 -0.44276993697251E-03  0.36786101970998E-05  0.12805735844509E-03 -0.11896231580149E-03  0.37942889583519E-03 -0.51670635244102E-03  0.21352106275226E-04  0.46017239234808E-04  0.35776869107326E-04 -0.72540029185743E-04  0.27508519461472E-04  0.45164102946808E-04  0.33774771981813E-04 -0.88350765099430E-04 -0.65364930864169E-04  0.41295346519621E-04  0.40349092761727E-04  0.30724045751905E-04 -0.43826954730444E-04 -0.49849634042532E-04  0.24428526959126E-05  0.82673756741275E-05  0.60476790308232E-04  0.19184075016982E-05
  -0.98828335683566E-04  0.19147271471998E-03  0.28341765728600E-02  0.10922176714954E-03  0.94098594618828E-03 -0.24322153195870E-03  0.35487616743537E-03 -0.58962321238466E-05 -0.41811813774606E-05  0.59877697159005E-03  0.29602475418479E-02  0.13547243788885E-03 -0.17732182060659E-03  0.29736576611468E-02 -0.62585197762850E-05  0.13584939597214E-02  0.19565693340145E-03 -0.38037984496563E-04 -0.64993238532964E-05 -0.23855146822198E-03 -0.13818081267335E-03 -0.14361229902495E-02  0.40257199046157E-03  0.64733041316055E-04  0.63429200758958E-05  0.48556486867879E-05 -0.58392214100910E-04  0.97082117130509E-06 -0.34949634035803E-07  0.19870584316993E-05  0.28701149200568E-04  0.60261315438368E-05  0.72965675407646E-08  0.88401933614424E-05  0.69039269872007E-05 -0.56987848806947E-05 -0.13985558237386E-05 -0.11904026191163E-06 -0.24163475829778E-06 -0.34745160633634E-05 -0.11284163856911E-04
  -0.79641693688153E-02  0.28341765728601E-02  0.15832440022569E+00 -0.44844690788357E-02  0.26776610547327E-02 -0.83618845342917E-02  0.31302039780459E-01 -0.97739982912747E-03 -0.67312251148909E-03  0.22698052086129E-01  0.27479500351607E+00  0.16375228236879E-02  0.43561960493729E-01 -0.10951318244744E+00 -0.22221400698493E-02  0.12533921819047E-02  0.66272076107730E-03  0.68827464847628E-02 -0.82891479812869E-04 -0.25073159762224E-02  0.19819868385453E-02 -0.14871977772374E-01  0.11562648813941E-01  0.47936871988338E-03 -0.58880520793539E-03 -0.42866925458839E-03  0.13954015419565E-02 -0.31693579962786E-03 -0.56865526908720E-03 -0.36384163929923E-03  0.23448462902300E-02  0.17862434936470E-02 -0.67142195688559E-03 -0.45628225414486E-03 -0.30859739799347E-03  0.55324249076050E-03  0.68906554420021E-03 -0.36995847347418E-04 -0.11919137282962E-03 -0.88559859101456E-03 -0.61730861147950E-04
   0.30534391951270E-03  0.10922176714954E-03 -0.44844690788358E-02  0.13389507461086E-02  0.52269425428724E-02 -0.17860960740785E-02 -0.53922772619407E-03  0.40302067217876E-04  0.24355157464071E-04 -0.63238403192702E-03 -0.10547585232223E-01  0.40740353490482E-03 -0.54592448020902E-02  0.43166257585147E-01  0.53648460691935E-03  0.12306226120175E-01 -0.10956620719886E-02  0.29919932223743E-02  0.50455333310124E-05 -0.96411026704819E-04 -0.27327752671419E-03 -0.18453250991038E-02  0.29905652972551E-03  0.18095249430808E-03  0.63424076479910E-04  0.52122036285692E-04 -0.95963011504249E-04  0.35101644956925E-04  0.61448936479263E-04  0.51145754252603E-04 -0.23946306423177E-04 -0.59771617233878E-04  0.37238631946972E-04  0.60533323346288E-04  0.36125237261311E-04 -0.47023800909147E-04 -0.52580821085540E-04  0.28419245395300E-05  0.12163128647611E-04  0.70196156440204E-04 -0.60505231376865E-05
   0.18615735943550E-03  0.94098594618827E-03  0.26776610547317E-02  0.52269425428725E-02  0.30761390260678E-01 -0.12919583993419E-01  0.11992329909510E-01 -0.20137124965916E-04 -0.26596811296651E-04  0.55126696810438E-02  0.21289108922728E-01  0.97440211672808E-03 -0.63189027595386E-02  0.20554860452819E+00  0.16424110221231E-02  0.36449413342222E-01 -0.67978344528075E-02  0.15044937457419E-01 -0.22005026437834E-04 -0.19531273527962E-02 -0.71062074830164E-03 -0.37704489994591E-02 -0.97973287086674E-03  0.26703983846101E-03  0.15450022558553E-03  0.14863613840299E-03 -0.43668201360757E-03  0.15493321863176E-03  0.85397448749841E-04  0.97703192039056E-04  0.17184205851657E-03  0.53072051846309E-05  0.55163961133124E-04  0.10543733523169E-03  0.16503813296057E-05  0.13032669404300E-04 -0.36211493320776E-04  0.65684195934540E-05  0.31278093894163E-04  0.17501203475739E-03 -0.66008486957908E-04
   0.38633460543276E-03 -0.24322153195870E-03 -0.83618845342910E-02 -0.17860960740785E-02 -0.12919583993419E-01  0.81185267988129E-02 -0.10729102757371E-01  0.12185340238365E-03  0.89966131335238E-04 -0.34694841912917E-02 -0.38614951256470E-01  0.24611400175546E-03 -0.22565366442444E-02 -0.18038507705892E+00 -0.46505553197692E-03 -0.17218238825272E-01  0.31122849011645E-02 -0.76711667966228E-02 -0.43311418827722E-05 -0.10380869018935E-02 -0.41467607873271E-03  0.27288442717998E-02 -0.45560066168296E-03 -0.22723946707617E-03 -0.13972092738374E-04 -0.31562356669159E-04 -0.25761274997617E-03 -0.10538858931956E-03  0.96966240462475E-05 -0.16015110316795E-04 -0.30567501098176E-03 -0.28122564508655E-03  0.43890171627754E-04  0.96540975114170E-05  0.25476042556073E-04 -0.44388077823152E-04 -0.31797888311111E-04 -0.69857168053871E-06 -0.42917408558674E-05 -0.33239037507966E-04 -0.97668646317341E-04
  -0.16347681785576E-02  0.35487616743536E-03  0.31302039780458E-01 -0.53922772619402E-03  0.11992329909510E-01 -0.10729102757371E-01  0.25484793788170E-01 -0.33757980294399E-03 -0.23389628580384E-03  0.12649934416952E-01  0.12122158852579E+00 -0.18707706922586E-02  0.28378401532819E-01  0.15949059916145E+00 -0.84407361981431E-03 -0.82863968400966E-02 -0.23698806676111E-02  0.41257101621192E-02 -0.16289648446768E-04  0.18461310887963E-02  0.20291687688418E-02  0.16024844115943E-02 -0.14028423033756E-02 -0.43171988449858E-04 -0.86773956996721E-04 -0.14734485184520E-04  0.54387143891452E-03  0.15616669694274E-03 -0.14411854554494E-03 -0.47203427616103E-04  0.83547221408479E-03  0.89518622384823E-03 -0.17174586072516E-03 -0.13605034085188E-03 -0.97470140439368E-04  0.15914330048114E-03  0.14125915901000E-03 -0.43225287545408E-05 -0.14751606195899E-04 -0.52787541103867E-04  0.18696895026461E-03
   0.55129011691003E-04 -0.58962321238466E-05 -0.97739982912747E-03  0.40302067217875E-04 -0.20137124965923E-04  0.12185340238365E-03 -0.33757980294399E-03  0.26963017047151E-04  0.20196405303147E-04 -0.31968116772120E-03 -0.50518557603195E-02  0.23086274019465E-04 -0.46333136219768E-03 -0.29609467644010E-02 -0.20077990718300E-04  0.22573918149565E-04  0.18054557124536E-03 -0.26470834388000E-03  0.14832902622049E-06 -0.30314822166511E-04 -0.32558423675445E-04 -0.81648112747610E-04  0.23660125919537E-05  0.11146366161444E-04  0.87083481278990E-05  0.77999941623957E-05 -0.14455484320589E-05  0.78769483744493E-05  0.88575492404526E-05  0.77200492251611E-05 -0.47002954289104E-05 -0.41641424452993E-05  0.10197252724967E-04  0.82263328491628E-05  0.72507313509838E-05  0.15259670832462E-06  0.22755165384086E-06  0.39234281820389E-06  0.14992336588693E-05  0.12227207961851E-04 -0.15736044826558E-05
   0.37690816476408E-04 -0.41811813774606E-05 -0.67312251148909E-03  0.24355157464071E-04 -0.26596811296656E-04  0.89966131335241E-04 -0.23389628580385E-03  0.20196405303147E-04  0.15947868642639E-04 -0.21860651411938E-03 -0.36781125752609E-02  0.14194254018656E-04 -0.30491270445456E-03 -0.23245384541328E-02 -0.29642280370128E-04 -0.23536812576693E-03  0.15022124596800E-03 -0.24466055930907E-03  0.63629323218307E-07 -0.23643092553210E-04 -0.23056732683132E-04 -0.56395026912862E-04  0.26802551323678E-05  0.64098945909473E-05  0.56698288583286E-05  0.50582548290940E-05 -0.23427077857778E-05  0.54624132727423E-05  0.56791874942970E-05  0.48769459424617E-05 -0.44843972287475E-05 -0.39584067030562E-05  0.70410794274847E-05  0.52916936040640E-05  0.46098148820992E-05  0.12215852132567E-05  0.11109412068707E-05  0.24032372137229E-06  0.17127633843343E-06  0.78103220787135E-05 -0.12562485492792E-05
  -0.10240369427627E-02  0.59877697159004E-03  0.22698052086129E-01 -0.63238403192700E-03  0.55126696810439E-02 -0.34694841912918E-02  0.12649934416952E-01 -0.31968116772120E-03 -0.21860651411938E-03  0.26056598248169E-01  0.13985189868392E+00 -0.16583503948561E-02  0.37029947848617E-01 -0.86632847264216E-01 -0.66468409149748E-03 -0.50294019638554E-01 -0.93813097574701E-02  0.77245809545605E-02 -0.18996090465659E-04 -0.27775804365729E-02  0.91355823476564E-03  0.88592047743447E-02 -0.30739805693868E-02 -0.11622262054679E-02 -0.69058346700981E-04 -0.15627111655971E-04 -0.16885683426310E-02  0.65713927324387E-04 -0.94646516340051E-04 -0.36727364985421E-04  0.17796403829651E-03  0.20448687827093E-03 -0.68754577988918E-04 -0.56647907888137E-04 -0.43618166234104E-04  0.57698223679924E-03  0.38892578618733E-03 -0.63076993628265E-05 -0.32237877578590E-04 -0.10407572490560E-03 -0.15820156926402E-03
  -0.13851234126941E-01  0.29602475418479E-02  0.27479500351607E+00 -0.10547585232223E-01  0.21289108922730E-01 -0.38614951256471E-01  0.12122158852579E+00 -0.50518557603195E-02 -0.36781125752609E-02  0.13985189868392E+00  0.14709471383315E+01 -0.10909467359959E-01  0.24492250560367E+00  0.24212538595082E+00 -0.24098978866757E-02 -0.20087887298889E+00 -0.42380409754458E-01  0.27353925453841E-01 -0.62992314101319E-04 -0.20410044673001E-03  0.13606141145445E-01  0.55513136338508E-01 -0.22826662752622E-01 -0.34940111965639E-02 -0.37244626443772E-03  0.28833517193786E-03  0.43270328843073E-02  0.87479383708204E-03 -0.35407156420526E-03  0.47595241992480E-03  0.89508030342618E-02  0.92251939980008E-02 -0.20687014850382E-02 -0.26230228537338E-03  0.39490198041841E-03 -0.53025939648684E-04 -0.79091252716675E-03 -0.17318239572796E-04 -0.70052864035493E-04 -0.11221996817614E-03  0.41591550833998E-03
  -0.48601602735019E-04  0.13547243788885E-03  0.16375228236879E-02  0.40740353490482E-03  0.97440211672810E-03  0.24611400175544E-03 -0.18707706922586E-02  0.23086274019465E-04  0.14194254018656E-04 -0.16583503948561E-02 -0.10909467359959E-01  0.24660982136332E-02 -0.26694735292166E-01 -0.66303624255903E-01  0.29294593529113E-03  0.43887540765733E-02 -0.37664056180835E-03  0.99622916622232E-03 -0.19775742984330E-05 -0.70130128589380E-04 -0.21446521646455E-03 -0.12546275541497E-02  0.62383977636129E-03  0.54027012528649E-04 -0.48150983516603E-05  0.44681074006237E-06 -0.51090460282334E-05 -0.17340733528009E-04  0.56077374898995E-05  0.45171331123633E-05  0.77017095408383E-04 -0.69662741911854E-04  0.16185009053937E-05  0.12712625105309E-04  0.33327752499319E-05 -0.34985746691354E-05 -0.23337928857098E-05  0.78506671502946E-07  0.20873028229843E-05 -0.53065131442471E-05  0.13884701310995E-04
  -0.22711015883493E-02 -0.17732182060660E-03  0.43561960493729E-01 -0.54592448020903E-02 -0.63189027595386E-02 -0.22565366442445E-02  0.28378401532819E-01 -0.46333136219768E-03 -0.30491270445457E-03  0.37029947848617E-01  0.24492250560367E+00 -0.26694735292166E-01  0.43669917527923E+00  0.58074230059934E+00 -0.46355900663813E-02 -0.95885014188949E-01  0.68939888534764E-02 -0.23664351837219E-01 -0.46295856915318E-04 -0.56837506397433E-02  0.45256669075540E-03  0.21518180650487E-01 -0.10779795536571E-01 -0.12262610827105E-02  0.20526527413853E-03  0.87573753895963E-04  0.24201409520028E-03  0.34110235161598E-03  0.12099867241101E-03  0.34285689619348E-04  0.18526272135069E-02  0.20300350152208E-02 -0.92261558098045E-04  0.11827425742524E-03  0.12265843337144E-04 -0.14901602276492E-03 -0.23735939246567E-03  0.60709978009249E-05  0.31161522615621E-04  0.69615860282403E-04 -0.53929850344773E-03
   0.10131738376615E-01  0.29736576611467E-02 -0.10951318244745E+00  0.43166257585147E-01  0.20554860452819E+00 -0.18038507705892E+00  0.15949059916145E+00 -0.29609467644009E-02 -0.23245384541328E-02 -0.86632847264218E-01  0.24212538595078E+00 -0.66303624255904E-01  0.58074230059934E+00  0.40697302144920E+02  0.22776186066012E-01  0.15670573218569E+01 -0.71393665497981E-01  0.36429115674442E+00  0.99040508083141E-03  0.27616375224658E+00  0.21223017547518E-01 -0.13369074869891E+00  0.56743022896759E-01  0.12705005807171E-01  0.61701560872403E-02 -0.48403756867115E-03  0.21902759380618E-01  0.10976675757226E-01  0.67016068690818E-02 -0.18649855450841E-03  0.18006428380319E-01  0.77658914479655E-02  0.37278774197860E-02  0.61921329365771E-02 -0.24673172885402E-03 -0.28103444405653E-02 -0.20588892845442E-02  0.30952808467272E-03  0.10678834358951E-02  0.13847140239417E-02  0.65952271888593E-02
   0.13603840713189E-03 -0.62585197762848E-05 -0.22221400698495E-02  0.53648460691936E-03  0.16424110221231E-02 -0.46505553197691E-03 -0.84407361981437E-03 -0.20077990718298E-04 -0.29642280370126E-04 -0.66468409149750E-03 -0.24098978866763E-02  0.29294593529114E-03 -0.46355900663814E-02  0.22776186066012E-01  0.15223038776594E-02  0.29666107820675E-01 -0.34797221562968E-02  0.90379052706801E-02  0.43937421761054E-05  0.10318707948098E-03 -0.78983466566465E-04 -0.19318017927285E-04  0.19762983644571E-03  0.49918678648633E-04  0.24326786761345E-04  0.17575135133061E-04 -0.23404243449190E-04 -0.26597922499245E-04  0.31305965242909E-04  0.25347646092584E-04 -0.50876723505941E-04 -0.63492128141936E-04  0.19271629371419E-04  0.25965917280117E-04  0.19367722650683E-04 -0.11567243572609E-04 -0.45146668347035E-06  0.14009463966432E-05  0.53411462741154E-05  0.22915326256578E-04 -0.13694126191555E-05
   0.11666172348734E-02  0.13584939597214E-02  0.12533921819015E-02  0.12306226120175E-01  0.36449413342222E-01 -0.17218238825272E-01 -0.82863968400977E-02  0.22573918149593E-04 -0.23536812576691E-03 -0.50294019638554E-01 -0.20087887298890E+00  0.43887540765734E-02 -0.95885014188951E-01  0.15670573218569E+01  0.29666107820675E-01  0.12096970035672E+01 -0.21386865385397E-02  0.18765311270662E+00  0.10382856145871E-03  0.16464522726504E-01 -0.29438190680092E-02 -0.71914425180138E-01  0.41729760089268E-01  0.10605232224422E-01  0.94273439489025E-03  0.65129591661731E-03  0.13641470652485E-02 -0.39894451530285E-04  0.14970919162895E-02  0.12730821972561E-02  0.90515787009523E-03  0.53925370500487E-03  0.66287107272298E-03  0.12102713778596E-02  0.10468966055366E-02 -0.40041018136769E-02 -0.20094447607166E-02  0.50027485360823E-04  0.23487221270380E-03  0.66298167252041E-03  0.87084632391269E-03
   0.96367600135515E-04  0.19565693340144E-03  0.66272076107808E-03 -0.10956620719887E-02 -0.67978344528077E-02  0.31122849011645E-02 -0.23698806676108E-02  0.18054557124535E-03  0.15022124596799E-03 -0.93813097574699E-02 -0.42380409754454E-01 -0.37664056180837E-03  0.68939888534769E-02 -0.71393665497982E-01 -0.34797221562967E-02 -0.21386865385394E-02  0.26495287828818E-01 -0.41180339601722E-01 -0.99995365283647E-05  0.16673258993957E-02 -0.44648507834940E-03 -0.14158371316985E-01  0.43501094360275E-02  0.20473847956288E-02  0.11202765384442E-03  0.10149316608660E-03  0.58757464498727E-03  0.18245639664472E-03  0.16624095585990E-03  0.16617178201255E-03  0.60548988313769E-03  0.62584700610523E-03 -0.29056261210334E-05  0.15531680860949E-03  0.17186102166372E-03 -0.12166403997110E-02 -0.92478619405670E-03  0.10806422466577E-04  0.46113575612079E-04  0.24597138582005E-03  0.17270834335087E-03
  -0.44276993697241E-03 -0.38037984496563E-04  0.68827464847609E-02  0.29919932223745E-02  0.15044937457419E-01 -0.76711667966228E-02  0.41257101621187E-02 -0.26470834387996E-03 -0.24466055930905E-03  0.77245809545601E-02  0.27353925453833E-01  0.99622916622236E-03 -0.23664351837220E-01  0.36429115674442E+00  0.90379052706800E-02  0.18765311270662E+00 -0.41180339601722E-01  0.95344485497798E-01  0.24213374930232E-04 -0.41076978745089E-03  0.13158419158767E-03  0.99392122037197E-02  0.15313258602476E-02 -0.18035456804649E-02 -0.16304959471392E-03 -0.19284926915301E-03 -0.11048403288651E-02 -0.38384446048545E-03 -0.16999158288991E-03 -0.21378451095836E-03 -0.11469528262009E-02 -0.12361017324517E-02  0.12203922238149E-03 -0.18958157569050E-03 -0.24791569535833E-03  0.16403282436998E-02  0.15128669236328E-02 -0.18712556098425E-04 -0.76058758184068E-04 -0.51889260180973E-03 -0.17526077128435E-03
   0.36786101970997E-05 -0.64993238532963E-05 -0.82891479812867E-04  0.50455333310124E-05 -0.22005026437833E-04 -0.43311418827723E-05 -0.16289648446768E-04  0.14832902622048E-06  0.63629323218297E-07 -0.18996090465658E-04 -0.62992314101315E-04 -0.19775742984330E-05 -0.46295856915318E-04  0.99040508083141E-03  0.43937421761054E-05  0.10382856145871E-03 -0.99995365283648E-05  0.24213374930232E-04  0.10552901827271E-05  0.39923980230961E-04  0.30821584575763E-04 -0.51693327501292E-04  0.22430348419625E-04  0.80164530353637E-05  0.81844393913065E-06  0.37064754060271E-06  0.30110926103902E-05  0.65237646614698E-06  0.10255705364869E-05  0.83380759944146E-06  0.77770762329781E-06  0.14526668793867E-05  0.30172205938125E-06  0.68326374407866E-06  0.10752095671694E-05 -0.16163651003823E-05 -0.12595658854948E-05  0.38160010351458E-07  0.16043071882159E-06  0.97643617618831E-06  0.70301773655981E-06
   0.12805735844509E-03 -0.23855146822198E-03 -0.25073159762224E-02 -0.96411026704817E-04 -0.19531273527962E-02 -0.10380869018935E-02  0.18461310887963E-02 -0.30314822166512E-04 -0.23643092553211E-04 -0.27775804365728E-02 -0.20410044672969E-03 -0.70130128589379E-04 -0.56837506397433E-02  0.27616375224658E+00  0.10318707948099E-03  0.16464522726504E-01  0.16673258993956E-02 -0.41076978745080E-03  0.39923980230961E-04  0.93277385445681E-02  0.18027354348443E-02 -0.19846566738030E-02  0.10852481431757E-02  0.58856206751359E-03  0.81048565289201E-04 -0.48435525504090E-04  0.47490900435462E-03  0.89048586572623E-04  0.95153646810531E-04 -0.30096499384071E-04  0.25877239784249E-03  0.22830699652183E-03  0.93065455447272E-05  0.58002812433194E-04 -0.20596478170862E-04 -0.18209843628191E-03 -0.14118348861856E-03  0.33775591884592E-05  0.11488353139947E-04  0.57524632694334E-04  0.33478544545067E-03
  -0.11896231580150E-03 -0.13818081267335E-03  0.19819868385453E-02 -0.27327752671419E-03 -0.71062074830161E-03 -0.41467607873273E-03  0.20291687688418E-02 -0.32558423675445E-04 -0.23056732683133E-04  0.91355823476567E-03  0.13606141145445E-01 -0.21446521646455E-03  0.45256669075541E-03  0.21223017547519E-01 -0.78983466566457E-04 -0.29438190680091E-02 -0.44648507834946E-03  0.13158419158778E-03  0.30821584575763E-04  0.18027354348443E-02  0.19467005105559E-02  0.25622453545303E-04  0.95467718844875E-04  0.20942621839792E-03  0.15419591941117E-04  0.58231660862623E-05  0.22272262786131E-03  0.33819311656912E-04  0.55633560829745E-05  0.35857099828104E-04  0.14314165306957E-03  0.19075342257764E-03 -0.19330946256763E-04 -0.23240789042918E-04  0.54824787778095E-04 -0.48283104462912E-04 -0.38990517700377E-04  0.76733841081590E-06  0.46812649529829E-05  0.31374772237087E-04  0.24981503655726E-04
   0.37942889583520E-03 -0.14361229902495E-02 -0.14871977772375E-01 -0.18453250991038E-02 -0.37704489994592E-02  0.27288442718000E-02  0.16024844115940E-02 -0.81648112747603E-04 -0.56395026912857E-04  0.88592047743446E-02  0.55513136338506E-01 -0.12546275541497E-02  0.21518180650487E-01 -0.13369074869891E+00 -0.19318017927282E-04 -0.71914425180138E-01 -0.14158371316985E-01  0.99392122037200E-02 -0.51693327501292E-04 -0.19846566738031E-02  0.25622453545290E-04  0.59233336732544E-01 -0.21076270642830E-01 -0.38631297553221E-02 -0.68838196261984E-04 -0.30817882633543E-04  0.39977428357853E-03  0.47649837194177E-04 -0.96033570214414E-04 -0.81997523047666E-04  0.23928569048068E-03  0.34160066384056E-03 -0.39189039565906E-04 -0.26012734374063E-03 -0.26417191045826E-03  0.77998377176710E-03  0.44110172646004E-03 -0.79810974378248E-06 -0.35969451975938E-05  0.39489423421821E-04 -0.12974356302845E-03
  -0.51670635244103E-03  0.40257199046157E-03  0.11562648813941E-01  0.29905652972552E-03 -0.97973287086661E-03 -0.45560066168304E-03 -0.14028423033755E-02  0.23660125919526E-05  0.26802551323670E-05 -0.30739805693868E-02 -0.22826662752621E-01  0.62383977636129E-03 -0.10779795536571E-01  0.56743022896760E-01  0.19762983644570E-03  0.41729760089268E-01  0.43501094360275E-02  0.15313258602476E-02  0.22430348419625E-04  0.10852481431757E-02  0.95467718844873E-04 -0.21076270642830E-01  0.10840401369397E-01  0.10346889381451E-02 -0.60295697146495E-04 -0.76108325513414E-04 -0.42138915288300E-03 -0.10713862880451E-03  0.24775927683326E-04  0.16462549620629E-04 -0.26984689018965E-03 -0.32248398832198E-03  0.15014724713391E-04  0.42344797445030E-04  0.65581216759236E-04 -0.81034410560159E-04  0.63841725700032E-04 -0.58481389416132E-05 -0.24704478220702E-04 -0.17717079502470E-03  0.38720590542918E-04
   0.21352106275224E-04  0.64733041316056E-04  0.47936871988344E-03  0.18095249430808E-03  0.26703983846101E-03 -0.22723946707618E-03 -0.43171988449837E-04  0.11146366161442E-04  0.64098945909463E-05 -0.11622262054679E-02 -0.34940111965635E-02  0.54027012528649E-04 -0.12262610827105E-02  0.12705005807171E-01  0.49918678648637E-04  0.10605232224422E-01  0.20473847956288E-02 -0.18035456804649E-02  0.80164530353637E-05  0.58856206751359E-03  0.20942621839792E-03 -0.38631297553221E-02  0.10346889381451E-02  0.80083619727850E-03  0.38477141948651E-04  0.33801252000538E-04  0.10822100797721E-03  0.23842112712189E-04  0.19535320990358E-04  0.22249795553410E-04  0.10012802037146E-03  0.10276602464700E-03  0.53893539281515E-05  0.31689371645437E-05  0.15414568140361E-04 -0.16217603926453E-03 -0.12161797937369E-03  0.19636121224616E-05  0.84473642198090E-05  0.47836579455189E-04  0.32199588726789E-04
   0.46017239234808E-04  0.63429200758957E-05 -0.58880520793538E-03  0.63424076479909E-04  0.15450022558553E-03 -0.13972092738371E-04 -0.86773956996725E-04  0.87083481278989E-05  0.56698288583284E-05 -0.69058346700978E-04 -0.37244626443769E-03 -0.48150983516601E-05  0.20526527413853E-03  0.61701560872402E-02  0.24326786761345E-04  0.94273439489024E-03  0.11202765384442E-03 -0.16304959471392E-03  0.81844393913066E-06  0.81048565289200E-04  0.15419591941118E-04 -0.68838196261979E-04 -0.60295697146496E-04  0.38477141948651E-04  0.29752202529424E-04  0.19713624099044E-04  0.48395802296436E-04  0.17881064461532E-04  0.22584681789547E-04  0.21922573736899E-04  0.48219478469135E-04  0.47438195985376E-04  0.83834496166734E-05  0.21318329178084E-04  0.20412774868055E-04 -0.19135286911513E-04 -0.20242556899515E-04  0.84712171970357E-06  0.33718538002188E-05  0.24502484485931E-04  0.40383702314535E-05
   0.35776869107326E-04  0.48556486867878E-05 -0.42866925458838E-03  0.52122036285691E-04  0.14863613840298E-03 -0.31562356669157E-04 -0.14734485184523E-04  0.77999941623955E-05  0.50582548290938E-05 -0.15627111655968E-04  0.28833517193790E-03  0.44681074006249E-06  0.87573753895966E-04 -0.48403756867123E-03  0.17575135133061E-04  0.65129591661730E-03  0.10149316608660E-03 -0.19284926915301E-03  0.37064754060271E-06 -0.48435525504090E-04  0.58231660862628E-05 -0.30817882633537E-04 -0.76108325513416E-04  0.33801252000538E-04  0.19713624099044E-04  0.37912024684571E-04  0.58482432299512E-04  0.18266770014870E-04  0.21365154211746E-04  0.25083850734511E-04  0.53937008878938E-04  0.56768944522275E-04  0.59727649250776E-05  0.20165262897890E-04  0.23241283655369E-04 -0.18297062755314E-04 -0.20127866548905E-04  0.81387346815897E-06  0.34114754995481E-05  0.25794931554033E-04  0.26912496455372E-05
  -0.72540029185743E-04 -0.58392214100911E-04  0.13954015419565E-02 -0.95963011504248E-04 -0.43668201360757E-03 -0.25761274997618E-03  0.54387143891453E-03 -0.14455484320594E-05 -0.23427077857783E-05 -0.16885683426310E-02  0.43270328843074E-02 -0.51090460282339E-05  0.24201409520028E-03  0.21902759380618E-01 -0.23404243449182E-04  0.13641470652485E-02  0.58757464498722E-03 -0.11048403288650E-02  0.30110926103902E-05  0.47490900435462E-03  0.22272262786131E-03  0.39977428357856E-03 -0.42138915288301E-03  0.10822100797721E-03  0.48395802296436E-04  0.58482432299512E-04  0.81381665131404E-03  0.63298538557022E-04  0.53293353377255E-04  0.67813063955879E-04  0.32188845757440E-03  0.32728276386836E-03 -0.13323533844100E-04  0.44972929759250E-04  0.63274299434557E-04 -0.79568815817775E-04 -0.79914813380520E-04  0.23336131334189E-05  0.11127659410219E-04  0.77027016313658E-04  0.41479095173939E-04
   0.27508519461472E-04  0.97082117130486E-06 -0.31693579962786E-03  0.35101644956924E-04  0.15493321863175E-03 -0.10538858931956E-03  0.15616669694274E-03  0.78769483744492E-05  0.54624132727422E-05  0.65713927324390E-04  0.87479383708207E-03 -0.17340733528009E-04  0.34110235161598E-03  0.10976675757226E-01 -0.26597922499244E-04 -0.39894451530288E-04  0.18245639664472E-03 -0.38384446048545E-03  0.65237646614699E-06  0.89048586572623E-04  0.33819311656912E-04  0.47649837194184E-04 -0.10713862880451E-03  0.23842112712189E-04  0.17881064461532E-04  0.18266770014870E-04  0.63298538557022E-04  0.57925487679800E-04  0.19400780602861E-04  0.20467333843085E-04  0.65639389459898E-04  0.64793542626421E-04  0.55302896472080E-05  0.18043968188320E-04  0.18872017075886E-04 -0.18376929832128E-04 -0.20008308716324E-04  0.89370695111952E-06  0.38346292174893E-05  0.26013512672530E-04  0.64106235018299E-05
   0.45164102946807E-04 -0.34949634035784E-07 -0.56865526908719E-03  0.61448936479262E-04  0.85397448749835E-04  0.96966240462505E-05 -0.14411854554494E-03  0.88575492404524E-05  0.56791874942969E-05 -0.94646516340047E-04 -0.35407156420522E-03  0.56077374898999E-05  0.12099867241102E-03  0.67016068690817E-02  0.31305965242909E-04  0.14970919162895E-02  0.16624095585990E-03 -0.16999158288991E-03  0.10255705364869E-05  0.95153646810530E-04  0.55633560829751E-05 -0.96033570214409E-04  0.24775927683325E-04  0.19535320990358E-04  0.22584681789547E-04  0.21365154211746E-04  0.53293353377255E-04  0.19400780602861E-04  0.30279553264116E-04  0.27486790736457E-04  0.56135311212256E-04  0.54509791865593E-04  0.85607524141533E-05  0.27556454279596E-04  0.25955078097323E-04 -0.23313937176358E-04 -0.23592253561670E-04  0.91859799975384E-06  0.37045202003467E-05  0.26135612815617E-04  0.55790633296292E-05
