# fitpack15: fit parameters                                                                         
# CJ15_AV18                                                                                         
# Created on 07/02/2015 at 05:10:24                                                                 

 # QCD setup
  INS	                    0
  NVL                          11
  IORD                          1
  Q02                   1.6899999999999999     
  IPARAMC                       7
  FLAVOR                4.0000000000000000     
  xmc                   1.3000000000000000     
  xmb                   4.5000000000000000     
  ncb                          12

 # Theory corrections
  inuke                     10314
  itmc                          1
  iht                           1

 # fit parameters
 LAMBDA       0.22680        0.0000    
 a0uv          2.5335        0.0000    
 a1uv         0.62621       0.22260E-01
 a2uv          3.5292       0.13904E-01
 a3uv          0.0000        0.0000    
 a4uv          3.1597       0.44200    
 a5uv          0.0000        0.0000    
 a0dv          26.454        0.0000    
 a1dv          1.1660       0.38204E-01
 a2dv          6.7440       0.17802    
 a3dv         -3.6300       0.93869E-01
 a4dv          4.9241       0.17150    
 a5dv          0.0000        0.0000    
 a0ud         0.14236       0.52800E-02
 a1ud        -0.21710       0.40620E-02
 a2ud          8.3852       0.16495    
 a3ud          0.0000        0.0000    
 a4ud          15.597        1.2821    
 a5ud          0.0000        0.0000    
 a0du          35712.        0.0000    
 a1du          3.9853       0.49649E-01
 a2du          20.099       0.67320    
 a3du          17.000        0.0000    
 a4du          47.791        6.6905    
 a0g           49.052        0.0000    
 a1g          0.62525       0.37828E-01
 a2g           6.0674        1.0097    
 a3g          -3.3252       0.15464    
 a4g           3.0916       0.28971    
 a5g           0.0000        0.0000    
 kappa        0.40000        0.0000    
 a6dv        -0.31640E-02   0.12097E-02
 a7dv          2.0000        0.0000    
 x0_KP        0.29669       0.77260E-01
 C_KP         0.12884       0.52945E-01
 ht1          -3.0062       0.24120    
 ht2           1.7299       0.10319    
 ht3          -2.0905       0.28195E-01
 ht4           0.0000        0.0000    
 dummy40       0.0000        0.0000    
 dummy41       0.0000        0.0000    
 dummy42       0.0000        0.0000    
 dummy43       0.0000        0.0000    
 dummy44       0.0000        0.0000    
 dummy45       0.0000        0.0000    
 dummy46       0.0000        0.0000    
 dummy47       0.0000        0.0000    
 dummy48       0.0000        0.0000    
 dummy49       0.0000        0.0000    
 bcdmsh2      0.97182       0.54851E-02
 bcdmsd2      0.99378       0.61533E-02
 ccfr          1.0000        0.0000    
 nutev         1.0000        0.0000    
 zeus         0.97998        0.0000    
 h1            1.0162        0.0000    
 e605          1.0280       0.28896E-01
 NmcH2         1.0160       0.76352E-02
 ntv_nu        1.0000        0.0000    
 ntv_nubar     1.0000        0.0000    
 cdf_jet      0.98910        0.0000    
 d0_jet       0.83504        0.0000    
 slac_p        1.0018       0.55489E-02
 slac_d        1.0039       0.58318E-02
 e866pp       0.97048       0.19836E-01
 e866pd       0.98489       0.18430E-01
 d0_gamjet     1.0390       0.16610E-01
 h1b          0.97608        0.0000    
 jlab_p       0.99238       0.63505E-02
 jlab_d       0.97674       0.64563E-02
 blank         1.0000        0.0000    
 d0run2       0.93739       0.15896E-01
 cdfrun2      0.92330       0.18217E-01
 HERA_el      0.99982       0.34133E-02
 HERA_ps      0.99515       0.31450E-02
 CDF_Z        0.97469       0.68500E-02
 NmcRat        1.0000        0.0000    
 BNS_F2nd     0.97999       0.70812E-02
 END 0. 0.

 # Hessian matrix (Bevington alpha)
   0.44763973829808E+07 -0.12324300984258E+07  0.23244279174440E+06  0.52299366151966E+06 -0.12971795514217E+06 -0.19504917496396E+05  0.57159664782243E+05  0.84979654029578E+06 -0.17067785027156E+06 -0.44268221878493E+05  0.60317163713218E+04  0.11883793965456E+05  0.13738053957331E+04 -0.77412986236734E+02 -0.16909941083567E+05  0.13475131232310E+04 -0.16168753686802E+05 -0.79135049057791E+04 -0.83634273286831E+07 -0.54467708839557E+05  0.12344196890630E+06
  -0.12324300984258E+07  0.40222597581214E+06 -0.65746698640371E+05 -0.13879049966313E+06  0.35164984957316E+05  0.98522884694200E+04 -0.11514465244349E+05 -0.13274587631462E+06  0.29778412052169E+05  0.73892336458857E+04 -0.88251404908902E+03 -0.11509174491764E+04 -0.12281598940156E+03  0.98035645067953E+01  0.33092730331005E+04 -0.39255311614789E+03  0.32888998803433E+04  0.19640606416826E+04  0.28496775397514E+07  0.13962560360997E+05 -0.40880940929492E+05
   0.23244279174440E+06 -0.65746698640371E+05  0.12171805911126E+05  0.26837991001900E+05 -0.67905680215971E+04 -0.13741894826054E+04  0.27983667265159E+04  0.34660631037492E+05 -0.70633797515407E+04 -0.20214069402651E+04  0.24407050354147E+03  0.40459834541083E+03  0.53690894619602E+02 -0.39619407267794E+01 -0.12198968295199E+04  0.11315220078012E+03 -0.12037059940000E+04 -0.63384838856541E+03 -0.44878815335161E+06 -0.28162971982492E+04  0.66180796636886E+04
   0.52299366151966E+06 -0.13879049966313E+06  0.26837991001900E+05  0.28201762781704E+06 -0.45121406003365E+05  0.48291372830030E+05  0.43807233341674E+05  0.30683946492329E+06 -0.26566585713989E+05 -0.15370990738619E+05  0.26311412906677E+04 -0.13210522961047E+04 -0.13005396538619E+03  0.41099857784061E+02  0.20392514946811E+05 -0.22701995275395E+04  0.19498812971817E+05  0.11201246131974E+05 -0.17645068826727E+07 -0.17319964075963E+05  0.26809468678457E+05
  -0.12971795514217E+06  0.35164984957316E+05 -0.67905680215971E+04 -0.45121406003365E+05  0.86406158089674E+04 -0.45046811966635E+04 -0.63531866071935E+04 -0.30478234494135E+05  0.15578451548138E+04  0.20608188453255E+04 -0.27176113619620E+03 -0.51858617962497E+02  0.18615711096255E+01 -0.34979972376790E+01 -0.13673519591556E+04  0.14776689222144E+03 -0.12219248385650E+04 -0.69763044551224E+03  0.39636490133943E+06  0.34787810083635E+04 -0.65183287801849E+04
  -0.19504917496396E+05  0.98522884694200E+04 -0.13741894826054E+04  0.48291372830030E+05 -0.45046811966635E+04  0.16245397463777E+05  0.94763236990539E+04  0.91143500440005E+05 -0.91748194454295E+04 -0.36442476100393E+04  0.77444899991977E+03 -0.69168201681410E+03 -0.61323283653660E+02  0.14264657466906E+02  0.68955599318962E+04 -0.79881053756932E+03  0.67832551285781E+04  0.39881989596557E+04 -0.25436263403199E+04 -0.14178661293711E+04 -0.12338475005775E+04
   0.57159664782243E+05 -0.11514465244349E+05  0.27983667265159E+04  0.43807233341674E+05 -0.63531866071935E+04  0.94763236990539E+04  0.76126734940367E+04  0.52609753811903E+05 -0.39972355858885E+04 -0.27097325775101E+04  0.45979041810719E+03 -0.19657974784891E+03 -0.22480926497555E+02  0.72934568835088E+01  0.31847994369344E+04 -0.37052931279390E+03  0.29860942534029E+04  0.17761804865479E+04 -0.17622264908099E+06 -0.24273755943303E+04  0.22966582679151E+04
   0.84979654029578E+06 -0.13274587631462E+06  0.34660631037492E+05  0.30683946492329E+06 -0.30478234494135E+05  0.91143500440005E+05  0.52609753811903E+05  0.50215440778136E+07 -0.25149759335925E+07 -0.84753053584263E+05  0.22917236358747E+05  0.23040580852569E+05  0.17502774138246E+04  0.10460591554370E+03  0.52506219504897E+05 -0.69084585156536E+04  0.61851317110041E+05  0.35380665461182E+05 -0.62322636855340E+06 -0.12415656872843E+05  0.71992524240788E+03
  -0.17067785027156E+06  0.29778412052169E+05 -0.70633797515407E+04 -0.26566585713989E+05  0.15578451548138E+04 -0.91748194454295E+04 -0.39972355858885E+04 -0.25149759335925E+07  0.22177974154535E+07  0.18464700108020E+05 -0.56204028366272E+04 -0.53009473172153E+04 -0.35769288970820E+03 -0.14194482082931E+02  0.46213334818737E+05 -0.24874128645399E+04  0.20857839193336E+05  0.11136026796768E+05  0.19150452937986E+05  0.13020267809304E+04  0.10819260309679E+04
  -0.44268221878493E+05  0.73892336458857E+04 -0.20214069402651E+04 -0.15370990738619E+05  0.20608188453255E+04 -0.36442476100393E+04 -0.27097325775101E+04 -0.84753053584263E+05  0.18464700108020E+05  0.27149912306913E+04 -0.58316296260929E+03 -0.60746914473809E+03 -0.59531903990361E+02 -0.20109084526247E+01 -0.26422811518582E+04  0.32485827093382E+03 -0.26504639579426E+04 -0.16126978858026E+04  0.53437392498584E+05  0.83860547206582E+03 -0.54932267059626E+03
   0.60317163713218E+04 -0.88251404908902E+03  0.24407050354147E+03  0.26311412906677E+04 -0.27176113619620E+03  0.77444899991977E+03  0.45979041810719E+03  0.22917236358747E+05 -0.56204028366272E+04 -0.58316296260929E+03  0.14789096257134E+03  0.15761455905968E+03  0.12638899153330E+02  0.72834723994908E+00  0.81289620564565E+03 -0.88170488496868E+02  0.77648941284975E+03  0.44644605087870E+03 -0.55911935018532E+04 -0.10325252872226E+03  0.17450515184277E+02
   0.11883793965456E+05 -0.11509174491764E+04  0.40459834541083E+03 -0.13210522961047E+04 -0.51858617962497E+02 -0.69168201681410E+03 -0.19657974784891E+03  0.23040580852569E+05 -0.53009473172153E+04 -0.60746914473809E+03  0.15761455905968E+03  0.28164619853913E+04  0.18449042936001E+03  0.10993077602011E+01  0.68582534147217E+03 -0.10478695726651E+03  0.98464701282355E+03  0.60370912719988E+03 -0.69485980297054E+04 -0.32848177107936E+02  0.25394080295316E+03
   0.13738053957331E+04 -0.12281598940156E+03  0.53690894619602E+02 -0.13005396538619E+03  0.18615711096255E+01 -0.61323283653660E+02 -0.22480926497555E+02  0.17502774138246E+04 -0.35769288970820E+03 -0.59531903990361E+02  0.12638899153330E+02  0.18449042936001E+03  0.15966674972057E+02 -0.83403178988975E-01  0.32792631237403E+02 -0.69217225660284E+01  0.57295742154823E+02  0.39829188518568E+02 -0.33990296366288E+03  0.35523090561906E+01  0.17984704644760E+02
  -0.77412986236734E+02  0.98035645067953E+01 -0.39619407267794E+01  0.41099857784061E+02 -0.34979972376790E+01  0.14264657466906E+02  0.72934568835088E+01  0.10460591554370E+03 -0.14194482082931E+02 -0.20109084526247E+01  0.72834723994908E+00  0.10993077602011E+01 -0.83403178988975E-01  0.63097578023520E-01  0.14354118526060E+02 -0.12375098336710E+01  0.11338481433972E+02  0.58922598770508E+01 -0.59230205102529E+02 -0.20183831086420E+01 -0.14365435928182E-01
  -0.16909941083567E+05  0.33092730331005E+04 -0.12198968295199E+04  0.20392514946811E+05 -0.13673519591556E+04  0.68955599318962E+04  0.31847994369344E+04  0.52506219504897E+05  0.46213334818737E+05 -0.26422811518582E+04  0.81289620564565E+03  0.68582534147217E+03  0.32792631237403E+02  0.14354118526060E+02  0.27244614847259E+05 -0.24920641999469E+04  0.22335651772024E+05  0.12339535717195E+05 -0.21037276450275E+05  0.19308078596965E+03 -0.28000451675732E+03
   0.13475131232310E+04 -0.39255311614789E+03  0.11315220078012E+03 -0.22701995275395E+04  0.14776689222144E+03 -0.79881053756932E+03 -0.37052931279390E+03 -0.69084585156536E+04 -0.24874128645399E+04  0.32485827093382E+03 -0.88170488496868E+02 -0.10478695726651E+03 -0.69217225660284E+01 -0.12375098336710E+01 -0.24920641999469E+04  0.26610640264870E+03 -0.23615354437184E+04 -0.13578510342221E+04  0.17257189382232E+04 -0.27851977922442E+02  0.66445489252003E+02
  -0.16168753686802E+05  0.32888998803433E+04 -0.12037059940000E+04  0.19498812971817E+05 -0.12219248385650E+04  0.67832551285781E+04  0.29860942534029E+04  0.61851317110041E+05  0.20857839193336E+05 -0.26504639579426E+04  0.77648941284975E+03  0.98464701282355E+03  0.57295742154823E+02  0.11338481433972E+02  0.22335651772024E+05 -0.23615354437184E+04  0.21443671695811E+05  0.12210122918006E+05 -0.21529246353449E+05  0.28168321808106E+03 -0.29003256283406E+03
  -0.79135049057791E+04  0.19640606416826E+04 -0.63384838856541E+03  0.11201246131974E+05 -0.69763044551224E+03  0.39881989596557E+04  0.17761804865479E+04  0.35380665461182E+05  0.11136026796768E+05 -0.16126978858026E+04  0.44644605087870E+03  0.60370912719988E+03  0.39829188518568E+02  0.58922598770508E+01  0.12339535717195E+05 -0.13578510342221E+04  0.12210122918006E+05  0.70572247309971E+04 -0.11055646280981E+05  0.17666591885771E+03 -0.26344131429998E+03
  -0.83634273286831E+07  0.28496775397514E+07 -0.44878815335161E+06 -0.17645068826727E+07  0.39636490133943E+06 -0.25436263403199E+04 -0.17622264908099E+06 -0.62322636855340E+06  0.19150452937986E+05  0.53437392498584E+05 -0.55911935018532E+04 -0.69485980297054E+04 -0.33990296366288E+03 -0.59230205102529E+02 -0.21037276450275E+05  0.17257189382232E+04 -0.21529246353449E+05 -0.11055646280981E+05  0.30019065495984E+08  0.16488288277781E+06 -0.49636758789264E+06
  -0.54467708839557E+05  0.13962560360997E+05 -0.28162971982492E+04 -0.17319964075963E+05  0.34787810083635E+04 -0.14178661293711E+04 -0.24273755943303E+04 -0.12415656872843E+05  0.13020267809304E+04  0.83860547206582E+03 -0.10325252872226E+03 -0.32848177107936E+02  0.35523090561906E+01 -0.20183831086420E+01  0.19308078596965E+03 -0.27851977922442E+02  0.28168321808106E+03  0.17666591885771E+03  0.16488288277781E+06  0.20780367726407E+04 -0.31500771136336E+04
   0.12344196890630E+06 -0.40880940929492E+05  0.66180796636886E+04  0.26809468678457E+05 -0.65183287801849E+04 -0.12338475005775E+04  0.22966582679151E+04  0.71992524240788E+03  0.10819260309679E+04 -0.54932267059626E+03  0.17450515184277E+02  0.25394080295316E+03  0.17984704644760E+02 -0.14365435928182E-01 -0.28000451675732E+03  0.66445489252003E+02 -0.29003256283406E+03 -0.26344131429998E+03 -0.49636758789264E+06 -0.31500771136336E+04  0.95781212176704E+04

 # Covariance matrix (Bevington epsilon)
   0.49551374748655E-03 -0.95505597555400E-04 -0.96079758015532E-02  0.38139970575247E-03  0.38133483039341E-03  0.37687854916112E-03 -0.19918702021599E-02  0.62406059590509E-04  0.42871899036598E-04 -0.12663650734974E-02 -0.17043450188657E-01 -0.36174601881589E-04 -0.29700933006515E-02  0.93749593035658E-02  0.15878327013222E-03  0.76163829879614E-03 -0.19925724749021E-04 -0.33016287239763E-03  0.81545792721377E-06 -0.34324019947075E-04 -0.25348426877204E-03  0.46876072849088E-03 -0.59507190676295E-03 -0.18581435559089E-04  0.45178396015239E-04  0.35846956423051E-04 -0.10092312830479E-03  0.25743788107822E-04  0.43710963367732E-04  0.31444696519432E-04 -0.13068768413751E-03 -0.10536982229818E-03  0.47045256354023E-04  0.40354768608691E-04  0.28286560477429E-04 -0.36010217978226E-04 -0.45232208915292E-04  0.25213279212352E-05  0.79731501395758E-05  0.60591899869396E-04 -0.55086179123864E-05
  -0.95505597555395E-04  0.19331794813029E-03  0.28391737625993E-02  0.11025146168319E-03  0.88597952783963E-03 -0.19550000176757E-03  0.23860641635943E-03 -0.44628702101690E-05 -0.31512132080212E-05  0.54650350543829E-03  0.25226863673546E-02  0.14328344225189E-03 -0.24930978703245E-03  0.31668242770808E-02 -0.93089393535812E-05  0.12209729876817E-02  0.22858593977888E-03 -0.13212866400937E-03 -0.80210547365087E-05 -0.17342170276801E-03 -0.18578084585973E-03 -0.14145402495533E-02  0.39579119109222E-03  0.59761096219071E-04  0.66860822021419E-05  0.53027871642309E-05 -0.60397794256596E-04  0.62232839583552E-06  0.62278152093716E-06  0.22750788106417E-05  0.27328511065626E-04  0.32231021172267E-05  0.30269804177606E-06  0.96721518659980E-05  0.71169380166171E-05 -0.66187887427242E-05 -0.24642137688715E-05 -0.10293201759383E-06 -0.17781034823240E-06 -0.31951583960677E-05 -0.10740476397816E-04
  -0.96079758015532E-02  0.28391737625994E-02  0.19536304087063E+00 -0.61254655114896E-02 -0.13489458752614E-02 -0.80626442472883E-02  0.38707640935923E-01 -0.11415343909502E-02 -0.78917148508874E-03  0.28186503193304E-01  0.34491422965853E+00  0.14407657775387E-02  0.58898987416887E-01 -0.98305161349715E-01 -0.27565415206470E-02  0.68760617294775E-02  0.28724237606358E-02  0.44513495857644E-02 -0.29417400775580E-04  0.82797901158986E-03  0.48118879289786E-02 -0.16779882966945E-01  0.13330228774181E-01  0.12844023427464E-02 -0.57712891368793E-03 -0.44169315166279E-03  0.19845351177528E-02 -0.28757783847742E-03 -0.54283631713651E-03 -0.32378744463479E-03  0.32618647714141E-02  0.26426967312674E-02 -0.79846116883274E-03 -0.45623325553377E-03 -0.26340889741574E-03  0.38827046864112E-03  0.59608176313054E-03 -0.39127830732392E-04 -0.11447632624710E-03 -0.90036283238084E-03  0.73587458093234E-04
   0.38139970575249E-03  0.11025146168318E-03 -0.61254655114900E-02  0.14595098550447E-02  0.55276151282942E-02 -0.18735575325141E-02 -0.10249312650630E-02  0.48871083222332E-04  0.30359586811803E-04 -0.94332984715229E-03 -0.14152442329638E-01  0.44110352718449E-03 -0.65457662130639E-02  0.40417148547955E-01  0.55510353207795E-03  0.11585509519429E-01 -0.11374491110297E-02  0.28575169512007E-02 -0.11637515097703E-05 -0.16659152648725E-03 -0.43530403563644E-03 -0.18009675888590E-02  0.23598841042428E-03  0.14326086620279E-03  0.62962004393709E-04  0.51417307479035E-04 -0.12228200462685E-03  0.32970259053284E-04  0.60401542025996E-04  0.48066625251175E-04 -0.69269602383131E-04 -0.10148830746879E-03  0.43207447963930E-04  0.60982647962241E-04  0.32777452988365E-04 -0.42102588839355E-04 -0.49884006028448E-04  0.29497074169195E-05  0.11964989907960E-04  0.71861119358495E-04 -0.13267352934584E-04
   0.38133483039349E-03  0.88597952783961E-03 -0.13489458752629E-02  0.55276151282943E-02  0.31690686447633E-01 -0.13404904963061E-01  0.11315465537131E-01 -0.23935281363284E-05 -0.14430952365674E-04  0.50436672399715E-02  0.14155769946277E-01  0.10265317438137E-02 -0.84268254320847E-02  0.21220769021226E+00  0.16769262112989E-02  0.34120121621003E-01 -0.69331832691256E-02  0.14672379386279E-01 -0.38134890139558E-04 -0.19281667351946E-02 -0.72420906539393E-03 -0.35380857716886E-02 -0.12467638089441E-02  0.18327748185774E-03  0.15362844300457E-03  0.14913686222450E-03 -0.53652244089444E-03  0.15150884604435E-03  0.78791746514330E-04  0.92007279489135E-04  0.50609782149201E-04 -0.10708308402061E-03  0.75273411749474E-04  0.10100692414836E-03 -0.48267029048846E-05  0.30574280077101E-04 -0.22708864555789E-04  0.68860426094904E-05  0.30582620010880E-04  0.17645461144412E-03 -0.10711375074520E-03
   0.37687854916109E-03 -0.19550000176757E-03 -0.80626442472877E-02 -0.18735575325142E-02 -0.13404904963062E-01  0.88113075802729E-02 -0.11528158264828E-01  0.12770531442812E-03  0.94452791125969E-04 -0.34666821641739E-02 -0.40666141340139E-01  0.25763557463105E-03 -0.15780600368106E-02 -0.18971400346493E+00 -0.45581174593793E-03 -0.16597540329847E-01  0.31295052603799E-02 -0.74728511230007E-02  0.13920553959737E-06 -0.90842709385396E-03 -0.49355014555670E-03  0.28121168426970E-02 -0.43627533059137E-03 -0.24289241804223E-03 -0.11920397318272E-04 -0.33002233152690E-04 -0.29399469321798E-03 -0.11193518198295E-03  0.13868535493736E-04 -0.15474528577094E-04 -0.30959014342678E-03 -0.29745045534960E-03  0.47691571451213E-04  0.15981249994370E-04  0.28399949104957E-04 -0.50444530962354E-04 -0.36104444332633E-04 -0.69594422934907E-06 -0.39260120976041E-05 -0.37535273352973E-04 -0.11709298740097E-03
  -0.19918702021600E-02  0.23860641635947E-03  0.38707640935924E-01 -0.10249312650628E-02  0.11315465537132E-01 -0.11528158264829E-01  0.29412221466994E-01 -0.39198576977393E-03 -0.27236157564443E-03  0.14522991862122E-01  0.14387928987982E+00 -0.21112278946337E-02  0.33371143015047E-01  0.18549465825957E+00 -0.10023212430737E-02 -0.82319901021503E-02 -0.22457913353475E-02  0.41263315624632E-02  0.36734892914401E-05  0.19710719121815E-02  0.32883439884302E-02  0.14820192170594E-02 -0.12416089198415E-02  0.16771529794842E-03 -0.87193813203307E-04 -0.11377771577185E-04  0.70869112640388E-03  0.17847751182784E-03 -0.14790108305503E-03 -0.34296083335384E-04  0.10587337503362E-02  0.11292897887983E-02 -0.20349383344518E-03 -0.15125796075339E-03 -0.86010661256911E-04  0.14121108011172E-03  0.13489594949352E-03 -0.48047003644153E-05 -0.14423834854605E-04 -0.53182774947637E-04  0.23359308756910E-03
   0.62406059590512E-04 -0.44628702101703E-05 -0.11415343909502E-02  0.48871083222330E-04 -0.23935281363388E-05  0.12770531442813E-03 -0.39198576977394E-03  0.27878000730223E-04  0.20904889176985E-04 -0.34858887867511E-03 -0.54830902361543E-02  0.25401618812412E-04 -0.54849665010716E-03 -0.36030772592106E-02 -0.16787918456492E-04 -0.15314274798944E-04  0.16780202661117E-03 -0.25638028196635E-03 -0.24356100035198E-06 -0.34263915832338E-04 -0.51790314211323E-04 -0.76945221795430E-04 -0.24517529837532E-05  0.75582230732767E-05  0.86311854959321E-05  0.77000860942377E-05 -0.45042922549719E-05  0.75171308967311E-05  0.87642806431736E-05  0.73989928542344E-05 -0.92409852018930E-05 -0.84966323897240E-05  0.10807460337144E-04  0.82923729691986E-05  0.69135965123927E-05  0.53133087227066E-06  0.42359792321271E-06  0.39931923876108E-06  0.14741670478943E-05  0.12255427948574E-04 -0.24274558699359E-05
   0.42871899036600E-04 -0.31512132080221E-05 -0.78917148508878E-03  0.30359586811802E-04 -0.14430952365680E-04  0.94452791125974E-04 -0.27236157564443E-03  0.20904889176985E-04  0.16500022707902E-04 -0.23976420844759E-03 -0.39960403960525E-02  0.15778422922854E-04 -0.36392354743565E-03 -0.27529577508324E-02 -0.26911620579476E-04 -0.24351471290337E-03  0.14088504110080E-03 -0.23451595274307E-03 -0.20470860624767E-06 -0.26038840157029E-04 -0.36687642837471E-04 -0.54497096678619E-04 -0.19408542740668E-06  0.40172950671294E-05  0.56327304953087E-05  0.50132731581664E-05 -0.44963082878604E-05  0.52267883343441E-05  0.56323547106593E-05  0.46768955314293E-05 -0.76637036377655E-05 -0.70119290690234E-05  0.74966726199210E-05  0.53537614828797E-05  0.43949344928299E-05  0.15015520279933E-05  0.12674885601589E-05  0.24584584901011E-06  0.15649557217648E-06  0.78429628902844E-05 -0.18517026245935E-05
  -0.12663650734975E-02  0.54650350543833E-03  0.28186503193306E-01 -0.94332984715225E-03  0.50436672399720E-02 -0.34666821641743E-02  0.14522991862122E-01 -0.34858887867512E-03 -0.23976420844760E-03  0.27209267851090E-01  0.15231050036096E+00 -0.17988779014801E-02  0.41418547008309E-01 -0.57387947769424E-01 -0.67352473905416E-03 -0.42574221827629E-01 -0.88523493146433E-02  0.86835114685796E-02  0.19591873265950E-05 -0.21006854068950E-02  0.20689637677692E-02  0.81463215399530E-02 -0.26643163752191E-02 -0.93044379429921E-03 -0.63379305572605E-04 -0.12113581046340E-04 -0.16718335062106E-02  0.72445687889913E-04 -0.92162477449512E-04 -0.22954349747531E-04  0.30611084493386E-03  0.31448756943072E-03 -0.74811226303764E-04 -0.62838929766085E-04 -0.29371798945488E-04  0.55887816536365E-03  0.38773956865740E-03 -0.64948956651928E-05 -0.31177441648255E-04 -0.11508180114552E-03 -0.17651656095235E-03
  -0.17043450188658E-01  0.25226863673550E-02  0.34491422965855E+00 -0.14152442329637E-01  0.14155769946281E-01 -0.40666141340142E-01  0.14387928987982E+00 -0.54830902361544E-02 -0.39960403960525E-02  0.15231050036096E+00  0.16437031416635E+01 -0.12116961557397E-01  0.28406676723932E+00  0.48500039140770E+00 -0.30976564370153E-02 -0.15717881948247E+00 -0.38547173555613E-01  0.31899121186981E-01  0.11758603582986E-03  0.39638149131457E-02  0.22978265016356E-01  0.49352064838040E-01 -0.18381396143994E-01 -0.10620453513682E-02 -0.32925000615094E-03  0.32062609543691E-03  0.54143418844201E-02  0.99545659851508E-03 -0.30737917949408E-03  0.62089767694220E-03  0.10850694621242E-01  0.11028925605899E-01 -0.22988034174212E-02 -0.31876057444543E-03  0.53165309861917E-03 -0.36761166809654E-03 -0.94863666759632E-03 -0.20411378982193E-04 -0.59680127575851E-04 -0.15314855237839E-03  0.67084741422577E-03
  -0.36174601881570E-04  0.14328344225188E-03  0.14407657775383E-02  0.44110352718450E-03  0.10265317438136E-02  0.25763557463109E-03 -0.21112278946338E-02  0.25401618812414E-04  0.15778422922856E-04 -0.17988779014802E-02 -0.12116961557398E-01  0.24650115995971E-02 -0.27045345711549E-01 -0.65405571133827E-01  0.30337769936969E-03  0.47759364042394E-02 -0.34729233413784E-03  0.98863595236588E-03 -0.50231699109700E-05 -0.33391775282418E-04 -0.31807073941214E-03 -0.12560664160136E-02  0.62301747805752E-03  0.35832362242580E-04 -0.48115372093830E-05 -0.59889623158167E-06 -0.39850802397945E-05 -0.17428167708167E-04  0.61730443913711E-05  0.30652837488356E-05  0.70031837913272E-04 -0.79183485506490E-04  0.27516362654613E-05  0.14326961231520E-04  0.21432576259889E-05 -0.37272720469935E-05 -0.23248438227126E-05  0.11448295926612E-06  0.21601254944756E-05 -0.55030080461932E-05  0.13412095603782E-04
  -0.29700933006518E-02 -0.24930978703233E-03  0.58898987416892E-01 -0.65457662130639E-02 -0.84268254320838E-02 -0.15780600368113E-02  0.33371143015048E-01 -0.54849665010718E-03 -0.36392354743566E-03  0.41418547008309E-01  0.28406676723932E+00 -0.27045345711549E-01  0.45319468914632E+00  0.63518805744707E+00 -0.49169002220098E-02 -0.99209023069314E-01  0.62796345370055E-02 -0.22246417541985E-01  0.84803418143105E-05 -0.40580665414588E-02  0.30588538825521E-02  0.21969448797050E-01 -0.10740173326475E-01 -0.96474824844030E-03  0.21470642849163E-03  0.10057793539681E-03  0.28281446997920E-03  0.35279134361282E-03  0.12671748905885E-03  0.70874103209948E-04  0.22362172724674E-02  0.23677580379834E-02 -0.13144472985538E-03  0.11552540553841E-03  0.55658626111347E-04 -0.16772623643837E-03 -0.24407280774632E-03  0.51476891257158E-05  0.33026545021199E-04  0.49368003589303E-04 -0.56375646425574E-03
   0.93749593035662E-02  0.31668242770807E-02 -0.98305161349723E-01  0.40417148547955E-01  0.21220769021226E+00 -0.18971400346492E+00  0.18549465825957E+00 -0.36030772592106E-02 -0.27529577508324E-02 -0.57387947769426E-01  0.48500039140768E+00 -0.65405571133827E-01  0.63518805744707E+00  0.44762815507277E+02  0.17444220000361E-01  0.12391995217660E+01 -0.99462996879386E-01  0.34624493665617E+00  0.85464538366739E-03  0.21935691815170E+00  0.26673279662975E-01 -0.79558576445266E-01  0.28917052057250E-01 -0.13434546892630E-03  0.63170607420204E-02 -0.70395677796060E-03  0.23473480527884E-01  0.11679574438792E-01  0.69750360155785E-02 -0.37291904245793E-03  0.19673746313739E-01  0.87193878222784E-02  0.35864230846165E-02  0.71347323634228E-02 -0.13311088665227E-04 -0.13153846998744E-02 -0.12913045213343E-02  0.31891445484181E-03  0.11120863476479E-02  0.13223261610194E-02  0.66986007476976E-02
   0.15878327013222E-03 -0.93089393535858E-05 -0.27565415206471E-02  0.55510353207794E-03  0.16769262112988E-02 -0.45581174593789E-03 -0.10023212430737E-02 -0.16787918456492E-04 -0.26911620579476E-04 -0.67352473905412E-03 -0.30976564370151E-02  0.30337769936968E-03 -0.49169002220097E-02  0.17444220000360E-01  0.14309905834819E-02  0.26444476920524E-01 -0.32552395468538E-02  0.80560263901789E-02  0.24028052790226E-05  0.47085454895420E-04 -0.11751427025513E-03  0.18001023825110E-03  0.89211831536497E-04  0.19097086785481E-04  0.23748575022341E-04  0.16686673519791E-04 -0.29810322934332E-04 -0.26080205373339E-04  0.30135446204311E-04  0.23338432646407E-04 -0.62918130574423E-04 -0.72654640532682E-04  0.19959376413351E-04  0.25858477734616E-04  0.17869474264233E-04 -0.91653335403306E-05 -0.47320003176223E-06  0.14234513697772E-05  0.51812564087542E-05  0.24366731897631E-04 -0.48560717631376E-05
   0.76163829879644E-03  0.12209729876816E-02  0.68760617294714E-02  0.11585509519428E-01  0.34120121621001E-01 -0.16597540329846E-01 -0.82319901021525E-02 -0.15314274798911E-04 -0.24351471290335E-03 -0.42574221827629E-01 -0.15717881948248E+00  0.47759364042392E-02 -0.99209023069314E-01  0.12391995217660E+01  0.26444476920524E-01  0.10195832678641E+01 -0.61022844079843E-02  0.15542156295403E+00  0.55063306178524E-04  0.15893836297630E-01 -0.39342219096279E-02 -0.56752061999828E-01  0.35344239777342E-01  0.86217418783452E-02  0.87535119269415E-03  0.51901800574841E-03  0.16499002158412E-02 -0.48319429269224E-04  0.14112593512631E-02  0.11044136068697E-02  0.99965249441537E-03  0.80080324207223E-03  0.52514135604359E-03  0.11797447452114E-02  0.91720795646757E-03 -0.36325931173484E-02 -0.18389449489278E-02  0.44794674340714E-04  0.21592492028976E-03  0.69267640787404E-03  0.98588853503839E-03
  -0.19925724749004E-04  0.22858593977889E-03  0.28724237606355E-02 -0.11374491110297E-02 -0.69331832691256E-02  0.31295052603799E-02 -0.22457913353476E-02  0.16780202661117E-03  0.14088504110081E-03 -0.88523493146435E-02 -0.38547173555615E-01 -0.34729233413782E-03  0.62796345370051E-02 -0.99462996879385E-01 -0.32552395468538E-02 -0.61022844079844E-02  0.23914942871153E-01 -0.37951059382328E-01 -0.11468749536073E-04  0.18975891859865E-02 -0.75973089333502E-03 -0.13365557773164E-01  0.42818127770795E-02  0.19214262033801E-02  0.10084050931776E-03  0.80415523580998E-04  0.61816325028424E-03  0.16553418141217E-03  0.15760502735038E-03  0.14438181501689E-03  0.61131490119767E-03  0.64273001131524E-03 -0.18109976954857E-04  0.14857320979396E-03  0.15079877169040E-03 -0.11639502076422E-02 -0.88295282242007E-03  0.96261439686336E-05  0.42289519634439E-04  0.23270452925571E-03  0.20553317967264E-03
  -0.33016287239760E-03 -0.13212866400939E-03  0.44513495857637E-02  0.28575169512007E-02  0.14672379386278E-01 -0.74728511230005E-02  0.41263315624630E-02 -0.25638028196635E-03 -0.23451595274307E-03  0.86835114685796E-02  0.31899121186981E-01  0.98863595236584E-03 -0.22246417541985E-01  0.34624493665616E+00  0.80560263901789E-02  0.15542156295403E+00 -0.37951059382328E-01  0.83930868832439E-01  0.20721302775462E-04 -0.83910907407540E-03  0.54796108791324E-03  0.11859525875828E-01  0.12684910787283E-03 -0.20091326196185E-02 -0.15708277700482E-03 -0.17847834681463E-03 -0.10939612259374E-02 -0.35433835928579E-03 -0.17538555490844E-03 -0.20814041566892E-03 -0.11204931495379E-02 -0.12000521980490E-02  0.11611538560594E-03 -0.18680864048445E-03 -0.23569010747685E-03  0.16379923588112E-02  0.14761796023452E-02 -0.17642416840653E-04 -0.72812919871255E-04 -0.48769505735930E-03 -0.21317320678136E-03
   0.81545792721330E-06 -0.80210547365086E-05 -0.29417400775570E-04 -0.11637515097707E-05 -0.38134890139559E-04  0.13920553959700E-06  0.36734892914425E-05 -0.24356100035205E-06 -0.20470860624771E-06  0.19591873265968E-05  0.11758603582988E-03 -0.50231699109701E-05  0.84803418143151E-05  0.85464538366738E-03  0.24028052790223E-05  0.55063306178522E-04 -0.11468749536073E-04  0.20721302775461E-04  0.14634169021178E-05  0.34421644716203E-04  0.49499470082115E-04 -0.47292103755578E-04  0.22117375302599E-04  0.96743551605114E-05  0.87289320593508E-06  0.16585945941174E-06  0.39646440983607E-05  0.74423773892447E-06  0.10491503737830E-05  0.81312977989278E-06  0.23969869592446E-05  0.34318224370693E-05  0.15595745765745E-06  0.62055628509587E-06  0.11657898619867E-05 -0.20248463572695E-05 -0.14554557315829E-05  0.36229212452914E-07  0.17385976747933E-06  0.10013010895452E-05  0.44183435760265E-06
  -0.34324019947082E-04 -0.17342170276801E-03  0.82797901158999E-03 -0.16659152648726E-03 -0.19281667351946E-02 -0.90842709385397E-03  0.19710719121815E-02 -0.34263915832338E-04 -0.26038840157029E-04 -0.21006854068950E-02  0.39638149131458E-02 -0.33391775282414E-04 -0.40580665414588E-02  0.21935691815170E+00  0.47085454895420E-04  0.15893836297630E-01  0.18975891859865E-02 -0.83910907407539E-03  0.34421644716203E-04  0.59691061737113E-02  0.14271995130960E-02 -0.24586962334723E-02  0.14212272674054E-02  0.69155765074487E-03  0.68752847499159E-04 -0.37017721680276E-04  0.45100496858809E-03  0.73905410724211E-04  0.84396386414152E-04 -0.19243614013341E-04  0.29236675967354E-03  0.27210471177016E-03 -0.39855725922756E-05  0.47428190275216E-04 -0.18635326296900E-04 -0.18327811377657E-03 -0.13591391546322E-03  0.25648453439171E-05  0.97950993458042E-05  0.50274335804493E-04  0.30226083528658E-03
  -0.25348426877207E-03 -0.18578084585972E-03  0.48118879289791E-02 -0.43530403563644E-03 -0.72420906539386E-03 -0.49355014555676E-03  0.32883439884304E-02 -0.51790314211325E-04 -0.36687642837472E-04  0.20689637677692E-02  0.22978265016357E-01 -0.31807073941213E-03  0.30588538825522E-02  0.26673279662976E-01 -0.11751427025514E-03 -0.39342219096277E-02 -0.75973089333500E-03  0.54796108791326E-03  0.49499470082115E-04  0.14271995130960E-02  0.28031672094774E-02  0.21577406351484E-03  0.95975312333832E-05  0.26663765519816E-03  0.23534498607429E-04  0.27354312034507E-05  0.25423353151284E-03  0.43120817512723E-04  0.11426196260191E-04  0.40450579355485E-04  0.23187637285385E-03  0.28420951238318E-03 -0.24640169645093E-04 -0.19147583466614E-04  0.62873182361624E-04 -0.63108264342992E-04 -0.47392636592079E-04  0.89301493206516E-06  0.64983929700598E-05  0.36796351977197E-04  0.10666484162259E-04
   0.46876072849078E-03 -0.14145402495533E-02 -0.16779882966943E-01 -0.18009675888591E-02 -0.35380857716886E-02  0.28121168426969E-02  0.14820192170601E-02 -0.76945221795450E-04 -0.54497096678632E-04  0.81463215399535E-02  0.49352064838046E-01 -0.12560664160137E-02  0.21969448797051E-01 -0.79558576445266E-01  0.18001023825103E-03 -0.56752061999829E-01 -0.13365557773164E-01  0.11859525875828E-01 -0.47292103755578E-04 -0.24586962334723E-02  0.21577406351493E-03  0.58178705188072E-01 -0.20603818375821E-01 -0.37143010557472E-02 -0.70780851450394E-04 -0.14378587297516E-04  0.28461254087359E-03  0.41017474738565E-04 -0.10080763566621E-03 -0.67259816421009E-04  0.17127963740966E-03  0.23737942143406E-03 -0.16774732390325E-04 -0.27002343544974E-03 -0.25355994476580E-03  0.78619512199800E-03  0.45865047293380E-03 -0.66433077482529E-06 -0.42854627896863E-05  0.15185892034774E-04 -0.17945934421734E-03
  -0.59507190676290E-03  0.39579119109222E-03  0.13330228774180E-01  0.23598841042432E-03 -0.12467638089441E-02 -0.43627533059130E-03 -0.12416089198418E-02 -0.24517529837436E-05 -0.19408542739991E-06 -0.26643163752194E-02 -0.18381396143997E-01  0.62301747805754E-03 -0.10740173326475E-01  0.28917052057249E-01  0.89211831536521E-04  0.35344239777343E-01  0.42818127770795E-02  0.12684910787288E-03  0.22117375302598E-04  0.14212272674054E-02  0.95975312333283E-05 -0.20603818375821E-01  0.10648489066081E-01  0.98237577144112E-03 -0.57310925079717E-04 -0.83675978157251E-04 -0.33999299924541E-03 -0.10223814112631E-03  0.30869839744598E-04  0.11794621240037E-04 -0.20937380283129E-03 -0.24455026667892E-03  0.82322073036779E-06  0.50929513122086E-04  0.63364126204793E-04 -0.93909041402265E-04  0.48552264516436E-04 -0.58583427428440E-05 -0.23690994465955E-04 -0.16260675881432E-03  0.72673659855447E-04
  -0.18581435559087E-04  0.59761096219071E-04  0.12844023427464E-02  0.14326086620279E-03  0.18327748185774E-03 -0.24289241804222E-03  0.16771529794839E-03  0.75582230732775E-05  0.40172950671300E-05 -0.93044379429923E-03 -0.10620453513685E-02  0.35832362242584E-04 -0.96474824844037E-03 -0.13434546892636E-03  0.19097086785483E-04  0.86217418783453E-02  0.19214262033802E-02 -0.20091326196185E-02  0.96743551605113E-05  0.69155765074486E-03  0.26663765519815E-03 -0.37143010557472E-02  0.98237577144113E-03  0.79494693151560E-03  0.40261810613957E-04  0.29857745432295E-04  0.14157292592977E-03  0.26170925944069E-04  0.22254549325751E-04  0.20332147253365E-04  0.12914766566032E-03  0.14104605907656E-03 -0.10218734378377E-06  0.61671581447995E-05  0.14394446585511E-04 -0.16889012965419E-03 -0.12807993091726E-03  0.19635973416125E-05  0.89420737246276E-05  0.54014278438705E-04  0.43503643994273E-04
   0.45178396015238E-04  0.66860822021417E-05 -0.57712891368792E-03  0.62962004393708E-04  0.15362844300457E-03 -0.11920397318271E-04 -0.87193813203302E-04  0.86311854959318E-05  0.56327304953086E-05 -0.63379305572597E-04 -0.32925000615086E-03 -0.48115372093842E-05  0.21470642849165E-03  0.63170607420204E-02  0.23748575022341E-04  0.87535119269413E-03  0.10084050931776E-03 -0.15708277700482E-03  0.87289320593512E-06  0.68752847499159E-04  0.23534498607431E-04 -0.70780851450388E-04 -0.57310925079719E-04  0.40261810613957E-04  0.30086818766416E-04  0.19672330646924E-04  0.48958572071123E-04  0.18073120039820E-04  0.22971183961204E-04  0.22054743783758E-04  0.49352983905747E-04  0.48766252515702E-04  0.84367254806014E-05  0.21653834947054E-04  0.20582220573497E-04 -0.20057162393238E-04 -0.20902397643733E-04  0.85750919539861E-06  0.34271148748625E-05  0.24856094891955E-04  0.39567914950107E-05
   0.35846956423051E-04  0.53027871642308E-05 -0.44169315166278E-03  0.51417307479034E-04  0.14913686222450E-03 -0.33002233152691E-04 -0.11377771577180E-04  0.77000860942375E-05  0.50132731581663E-05 -0.12113581046334E-04  0.32062609543697E-03 -0.59889623158245E-06  0.10057793539683E-03 -0.70395677796060E-03  0.16686673519790E-04  0.51901800574839E-03  0.80415523580997E-04 -0.17847834681463E-03  0.16585945941176E-06 -0.37017721680275E-04  0.27354312034524E-05 -0.14378587297513E-04 -0.83675978157252E-04  0.29857745432295E-04  0.19672330646924E-04  0.37863434177355E-04  0.58931838605199E-04  0.18352482671941E-04  0.21387496082892E-04  0.25046804103226E-04  0.54119656950000E-04  0.57035475025186E-04  0.58575845606911E-05  0.20388645207156E-04  0.23302471478030E-04 -0.17971226506622E-04 -0.20001634162367E-04  0.81273726134718E-06  0.34105407120460E-05  0.25896160526326E-04  0.28721160977919E-05
  -0.10092312830479E-03 -0.60397794256595E-04  0.19845351177527E-02 -0.12228200462684E-03 -0.53652244089442E-03 -0.29399469321798E-03  0.70869112640387E-03 -0.45042922549711E-05 -0.44963082878598E-05 -0.16718335062107E-02  0.54143418844198E-02 -0.39850802397889E-05  0.28281446997911E-03  0.23473480527884E-01 -0.29810322934330E-04  0.16499002158413E-02  0.61816325028424E-03 -0.10939612259374E-02  0.39646440983606E-05  0.45100496858808E-03  0.25423353151284E-03  0.28461254087357E-03 -0.33999299924540E-03  0.14157292592977E-03  0.48958572071123E-04  0.58931838605199E-04  0.83497994437151E-03  0.64692735533093E-04  0.54491087196561E-04  0.69293961490147E-04  0.34182562086919E-03  0.34771767710460E-03 -0.16409994112608E-04  0.44550812509313E-04  0.64237632959906E-04 -0.85585102354902E-04 -0.83869721748907E-04  0.23090676797081E-05  0.11259904031245E-04  0.77975252848896E-04  0.50480492090370E-04
   0.25743788107821E-04  0.62232839583569E-06 -0.28757783847740E-03  0.32970259053283E-04  0.15150884604435E-03 -0.11193518198295E-03  0.17847751182785E-03  0.75171308967309E-05  0.52267883343440E-05  0.72445687889916E-04  0.99545659851513E-03 -0.17428167708168E-04  0.35279134361283E-03  0.11679574438792E-01 -0.26080205373339E-04 -0.48319429269224E-04  0.16553418141218E-03 -0.35433835928579E-03  0.74423773892448E-06  0.73905410724212E-04  0.43120817512724E-04  0.41017474738564E-04 -0.10223814112631E-03  0.26170925944069E-04  0.18073120039820E-04  0.18352482671941E-04  0.64692735533094E-04  0.58296568502491E-04  0.19640477739506E-04  0.20692201347666E-04  0.67386587339120E-04  0.66665002899522E-04  0.53888398724228E-05  0.18183030754971E-04  0.19094827410997E-04 -0.18940443442843E-04 -0.20406463464082E-04  0.89764215853783E-06  0.38651814028928E-05  0.26225127807050E-04  0.69052758907064E-05
   0.43710963367731E-04  0.62278152093699E-06 -0.54283631713649E-03  0.60401542025995E-04  0.78791746514325E-04  0.13868535493737E-04 -0.14790108305502E-03  0.87642806431734E-05  0.56323547106591E-05 -0.92162477449503E-04 -0.30737917949400E-03  0.61730443913698E-05  0.12671748905888E-03  0.69750360155785E-02  0.30135446204311E-04  0.14112593512631E-02  0.15760502735038E-03 -0.17538555490844E-03  0.10491503737830E-05  0.84396386414153E-04  0.11426196260193E-04 -0.10080763566621E-03  0.30869839744596E-04  0.22254549325751E-04  0.22971183961204E-04  0.21387496082892E-04  0.54491087196561E-04  0.19640477739506E-04  0.30790751005319E-04  0.27725171336811E-04  0.57864055664030E-04  0.56326176439459E-04  0.85321738965359E-05  0.27979543400498E-04  0.26218457284374E-04 -0.24629010224716E-04 -0.24536892282308E-04  0.93037192520520E-06  0.37732878815650E-05  0.26549441554504E-04  0.58557036431220E-05
