# fitpack15: fit parameters                                                                         
# CJ15_AV18                                                                                         
# Created on 07/02/2015 at 07:47:00                                                                 

 # QCD setup
  INS	                    0
  NVL                          11
  IORD                          1
  Q02                   1.6899999999999999     
  IPARAMC                       7
  FLAVOR                4.0000000000000000     
  xmc                   1.3000000000000000     
  xmb                   4.5000000000000000     
  ncb                          12

 # Theory corrections
  inuke                         0
  itmc                          1
  iht                           1

 # fit parameters
 LAMBDA       0.22680        0.0000    
 a0uv          2.7926        0.0000    
 a1uv         0.64827       0.18543E-01
 a2uv          3.5322       0.12972E-01
 a3uv          0.0000        0.0000    
 a4uv          2.7214       0.32924    
 a5uv          0.0000        0.0000    
 a0dv          48.700        0.0000    
 a1dv          1.2941       0.33288E-01
 a2dv          7.9220       0.17293    
 a3dv         -3.9237       0.71751E-01
 a4dv          5.2665       0.13400    
 a5dv          0.0000        0.0000    
 a0ud         0.14319       0.50573E-02
 a1ud        -0.21669       0.38951E-02
 a2ud          8.2724       0.16008    
 a3ud          0.0000        0.0000    
 a4ud          14.461        1.1305    
 a5ud          0.0000        0.0000    
 a0du          35712.        0.0000    
 a1du          4.0024       0.47602E-01
 a2du          19.768       0.64034    
 a3du          17.000        0.0000    
 a4du          65.529        10.132    
 a0g           62.115        0.0000    
 a1g          0.66749       0.39509E-01
 a2g           6.7891       0.93461    
 a3g          -3.5626       0.15210    
 a4g           3.6035       0.33258    
 a5g           0.0000        0.0000    
 kappa        0.40000        0.0000    
 a6dv        -0.79958E-02   0.10405E-02
 a7dv          2.0000        0.0000    
 x0_KP        0.32900        0.0000    
 C_KP         0.97630E-01    0.0000    
 ht1          -2.3541       0.19884    
 ht2           1.5185       0.10356    
 ht3          -2.1582       0.32001E-01
 ht4           0.0000        0.0000    
 dummy40       0.0000        0.0000    
 dummy41       0.0000        0.0000    
 dummy42       0.0000        0.0000    
 dummy43       0.0000        0.0000    
 dummy44       0.0000        0.0000    
 dummy45       0.0000        0.0000    
 dummy46       0.0000        0.0000    
 dummy47       0.0000        0.0000    
 dummy48       0.0000        0.0000    
 dummy49       0.0000        0.0000    
 bcdmsh2      0.96815       0.53362E-02
 bcdmsd2      0.99622       0.61166E-02
 ccfr          1.0000        0.0000    
 nutev         1.0000        0.0000    
 zeus         0.97998        0.0000    
 h1            1.0162        0.0000    
 e605          1.0152       0.27587E-01
 NmcH2         1.0151       0.75283E-02
 ntv_nu        1.0000        0.0000    
 ntv_nubar     1.0000        0.0000    
 cdf_jet      0.98910        0.0000    
 d0_jet       0.83504        0.0000    
 slac_p       0.99982       0.53250E-02
 slac_d        1.0027       0.56446E-02
 e866pp       0.95310       0.18535E-01
 e866pd       0.96140       0.16921E-01
 d0_gamjet     1.0407       0.16592E-01
 h1b          0.97608        0.0000    
 jlab_p       0.98797       0.61614E-02
 jlab_d       0.97555       0.61919E-02
 blank         1.0000        0.0000    
 d0run2       0.95411       0.15589E-01
 cdfrun2      0.93381       0.18100E-01
 HERA_el      0.99979       0.34131E-02
 HERA_ps      0.99488       0.31401E-02
 CDF_Z        0.97141       0.66893E-02
 NmcRat        1.0000        0.0000    
 BNS_F2nd     0.96798       0.56144E-02
 END 0. 0.

 # Hessian matrix (Bevington alpha)
   0.47077058726502E+07 -0.13289211730907E+07  0.27540089285280E+06  0.64901395063107E+06 -0.76101382516081E+05 -0.12877096980112E+06  0.16112372596825E+04  0.81312582365693E+06 -0.16250929704093E+06 -0.43793939252918E+05  0.61998106426738E+04  0.12128602539036E+05  0.14213400692066E+04 -0.61340731990982E+02 -0.18699919720872E+05  0.16814966072285E+04 -0.17641187175390E+05 -0.89483949306103E+04 -0.15750411322970E+08
  -0.13289211730907E+07  0.44534190980451E+06 -0.80307475547114E+05 -0.19236499489204E+06  0.17777696317626E+05  0.44028198390042E+05  0.60878943768904E+04 -0.13030106582644E+06  0.29227106270946E+05  0.74363675406683E+04 -0.92731838497206E+03 -0.12018887261088E+04 -0.13109913651594E+03  0.78484636998466E+01  0.35083416556731E+04 -0.44055694840364E+03  0.29579875406151E+04  0.17801221102116E+04  0.54770597660918E+07
   0.27540089285280E+06 -0.80307475547114E+05  0.16279098161272E+05  0.38293719016693E+05 -0.44111862871178E+04 -0.81116193292094E+04 -0.21759855660915E+03  0.36888384078621E+05 -0.74761513936716E+04 -0.22272377994949E+04  0.27915044389961E+03  0.45070568897391E+03  0.60503042626883E+02 -0.32133747332950E+01 -0.14244654246858E+04  0.14392997074350E+03 -0.13257794834537E+04 -0.71088141129774E+03 -0.95959703040768E+06
   0.64901395063107E+06 -0.19236499489204E+06  0.38293719016693E+05  0.33786012179221E+06 -0.36434509186232E+05  0.33004982080790E+05  0.37703647208188E+05  0.30449818209414E+06 -0.25109455489889E+05 -0.15733776037512E+05  0.28043737717282E+04 -0.14184502831747E+04 -0.14735004232119E+03  0.31972044473737E+02  0.21382463623678E+05 -0.24399806755095E+04  0.18788896143065E+05  0.10662318965659E+05 -0.40938108881812E+07
  -0.76101382516081E+05  0.17777696317626E+05 -0.44111862871178E+04 -0.36434509186232E+05  0.46606841462797E+04 -0.27761916715917E+04 -0.43245538474270E+04 -0.26644092531902E+05  0.13756401132397E+04  0.17378493657201E+04 -0.25547523745127E+03  0.11681335357010E+02  0.61459112702143E+01 -0.23775233669752E+01 -0.13301001923527E+04  0.15166471898507E+03 -0.10815052170647E+04 -0.61702152923866E+03  0.38762445291096E+06
  -0.12877096980112E+06  0.44028198390042E+05 -0.81116193292094E+04  0.33004982080790E+05 -0.27761916715917E+04  0.27300400432075E+05  0.13032174660210E+05  0.10172808416846E+06 -0.11232730386190E+05 -0.35792197718886E+04  0.91187687574786E+03 -0.10443654289706E+04 -0.92012537893460E+02  0.13182061993396E+02  0.87029962089067E+04 -0.10463661605595E+04  0.76898164642875E+04  0.44987719877832E+04  0.53825914549522E+06
   0.16112372596825E+04  0.60878943768904E+04 -0.21759855660915E+03  0.37703647208188E+05 -0.43245538474270E+04  0.13032174660210E+05  0.84679669745806E+04  0.57224219964949E+05 -0.48054820606673E+04 -0.26969015554757E+04  0.53070254371327E+03 -0.34659047898934E+03 -0.36051730612471E+02  0.63850907257614E+01  0.39307378162770E+04 -0.47603278262008E+03  0.32940925877656E+04  0.19507360732931E+04 -0.30771793861745E+05
   0.81312582365693E+06 -0.13030106582644E+06  0.36888384078621E+05  0.30449818209414E+06 -0.26644092531902E+05  0.10172808416846E+06  0.57224219964949E+05  0.48620490032630E+07 -0.24769394184546E+07 -0.82058597101731E+05  0.23233181924681E+05  0.21820193957386E+05  0.16710675301256E+04  0.59936280040598E+02  0.53393559386374E+05 -0.70819175322213E+04  0.56677172147887E+05  0.32014801442159E+05 -0.11114655996773E+07
  -0.16250929704093E+06  0.29227106270946E+05 -0.74761513936716E+04 -0.25109455489889E+05  0.13756401132397E+04 -0.11232730386190E+05 -0.48054820606673E+04 -0.24769394184546E+07  0.22170639116810E+07  0.17911312287476E+05 -0.57003132403707E+04 -0.50014297556774E+04 -0.33868663060466E+03 -0.69747334641389E+01  0.45608692893907E+05 -0.25771742710409E+04  0.19375393615608E+05  0.10160130844801E+05  0.27573131295174E+05
  -0.43793939252918E+05  0.74363675406683E+04 -0.22272377994949E+04 -0.15733776037512E+05  0.17378493657201E+04 -0.35792197718886E+04 -0.26969015554757E+04 -0.82058597101731E+05  0.17911312287476E+05  0.26624750197446E+04 -0.60041728890417E+03 -0.59022715002524E+03 -0.58508863028200E+02 -0.11975500641690E+01 -0.27064348415543E+04  0.33836799144817E+03 -0.23343498602840E+04 -0.14083761474618E+04  0.97053478524785E+05
   0.61998106426738E+04 -0.92731838497206E+03  0.27915044389961E+03  0.28043737717282E+04 -0.25547523745127E+03  0.91187687574786E+03  0.53070254371327E+03  0.23233181924681E+05 -0.57003132403707E+04 -0.60041728890417E+03  0.15911515088918E+03  0.15873189689212E+03  0.12904840529749E+02  0.43981368438143E+00  0.86652479152073E+03 -0.96407280442267E+02  0.74709519594736E+03  0.42538718389551E+03 -0.10794899161119E+05
   0.12128602539036E+05 -0.12018887261088E+04  0.45070568897391E+03 -0.14184502831747E+04  0.11681335357010E+02 -0.10443654289706E+04 -0.34659047898934E+03  0.21820193957386E+05 -0.50014297556774E+04 -0.59022715002524E+03  0.15873189689212E+03  0.27717628335117E+04  0.18398413645032E+03 -0.90115968491454E+00  0.68575395435961E+03 -0.10604357043277E+03  0.82721078169283E+03  0.51335880999643E+03 -0.12191193390709E+05
   0.14213400692066E+04 -0.13109913651594E+03  0.60503042626883E+02 -0.14735004232119E+03  0.61459112702143E+01 -0.92012537893460E+02 -0.36051730612471E+02  0.16710675301256E+04 -0.33868663060466E+03 -0.58508863028200E+02  0.12904840529749E+02  0.18398413645032E+03  0.16193925585911E+02 -0.11354192247014E+00  0.34267407046197E+02 -0.72404984480703E+01  0.42461849682006E+02  0.31290485722983E+02 -0.56683178196775E+03
  -0.61340731990982E+02  0.78484636998466E+01 -0.32133747332950E+01  0.31972044473737E+02 -0.23775233669752E+01  0.13182061993396E+02  0.63850907257614E+01  0.59936280040598E+02 -0.69747334641389E+01 -0.11975500641690E+01  0.43981368438143E+00 -0.90115968491454E+00 -0.11354192247014E+00  0.24147791790292E-01  0.91673346402020E+01 -0.79965217451737E+00  0.68568613451655E+01  0.35257908288710E+01 -0.70930524455320E+02
  -0.18699919720872E+05  0.35083416556731E+04 -0.14244654246858E+04  0.21382463623678E+05 -0.13301001923527E+04  0.87029962089067E+04  0.39307378162770E+04  0.53393559386374E+05  0.45608692893907E+05 -0.27064348415543E+04  0.86652479152073E+03  0.68575395435961E+03  0.34267407046197E+02  0.91673346402020E+01  0.28282588756872E+05 -0.26813250640813E+04  0.21694676738799E+05  0.11851214542128E+05 -0.40949086210703E+05
   0.16814966072285E+04 -0.44055694840364E+03  0.14392997074350E+03 -0.24399806755095E+04  0.15166471898507E+03 -0.10463661605595E+04 -0.47603278262008E+03 -0.70819175322213E+04 -0.25771742710409E+04  0.33836799144817E+03 -0.96407280442267E+02 -0.10604357043277E+03 -0.72404984480703E+01 -0.79965217451737E+00 -0.26813250640813E+04  0.29414706386029E+03 -0.22961483102439E+04 -0.13083778697084E+04  0.35450810402293E+04
  -0.17641187175390E+05  0.29579875406151E+04 -0.13257794834537E+04  0.18788896143065E+05 -0.10815052170647E+04  0.76898164642875E+04  0.32940925877656E+04  0.56677172147887E+05  0.19375393615608E+05 -0.23343498602840E+04  0.74709519594736E+03  0.82721078169283E+03  0.42461849682006E+02  0.68568613451655E+01  0.21694676738799E+05 -0.22961483102439E+04  0.18787579132407E+05  0.10477974891496E+05 -0.40866605879579E+05
  -0.89483949306103E+04  0.17801221102116E+04 -0.71088141129774E+03  0.10662318965659E+05 -0.61702152923866E+03  0.44987719877832E+04  0.19507360732931E+04  0.32014801442159E+05  0.10160130844801E+05 -0.14083761474618E+04  0.42538718389551E+03  0.51335880999643E+03  0.31290485722983E+02  0.35257908288710E+01  0.11851214542128E+05 -0.13083778697084E+04  0.10477974891496E+05  0.59455150524066E+04 -0.21360505824385E+05
  -0.15750411322970E+08  0.54770597660918E+07 -0.95959703040768E+06 -0.40938108881812E+07  0.38762445291096E+06  0.53825914549522E+06 -0.30771793861745E+05 -0.11114655996773E+07  0.27573131295174E+05  0.97053478524785E+05 -0.10794899161119E+05 -0.12191193390709E+05 -0.56683178196775E+03 -0.70930524455320E+02 -0.40949086210703E+05  0.35450810402293E+04 -0.40866605879579E+05 -0.21360505824385E+05  0.98143410808102E+08

 # Covariance matrix (Bevington epsilon)
   0.34384423432477E-03 -0.94698503545910E-04 -0.59125597742647E-02  0.24282580040153E-03  0.14872686259956E-03  0.37805505997801E-03 -0.12537713823713E-02  0.47114681806798E-04  0.32209465181944E-04 -0.66197682653070E-03 -0.10190342924140E-01 -0.15879408488205E-04 -0.22051559356948E-02  0.16503549682983E-01  0.10795951579921E-03  0.71349425652238E-03  0.11054240608605E-03 -0.48730734951142E-03  0.67338079967188E-05  0.75974095923265E-05 -0.37803986738661E-03  0.67431329889750E-04  0.42614769806748E-04  0.36108937538516E-04 -0.60396595943210E-04  0.26041360201201E-04  0.38821988983746E-04  0.35448730757808E-04 -0.59340831221799E-04 -0.38107547381378E-04  0.35906383090576E-04  0.32268873028375E-04  0.33014616663153E-04 -0.38014580563036E-04 -0.43522859079807E-04  0.22139378330638E-05  0.77590687482507E-05  0.55558491891646E-04 -0.60404587001130E-05
  -0.94698503545910E-04  0.16826190438615E-03  0.24505189934003E-02  0.84597604552891E-04  0.89050291056458E-03 -0.27019540807516E-03  0.51987153264181E-03 -0.87756577948369E-05 -0.63297522756218E-05  0.51090629879738E-03  0.33544905235972E-02  0.11105275519149E-03 -0.16117158768237E-03  0.84769102886533E-02  0.34868182693755E-05  0.15596996986826E-02  0.62651494178715E-04  0.22396345028496E-03  0.76927439182767E-06 -0.10148648272167E-02  0.40633224201589E-03  0.93356955511623E-04  0.68299298230348E-05  0.42060734993517E-05 -0.28485093451732E-04  0.34930581370579E-05  0.19177907933092E-05  0.40024911424917E-05  0.37418465584700E-04  0.20642001742345E-04 -0.17004268383295E-05  0.78635911764846E-05  0.11126759030405E-04 -0.12224127552405E-04 -0.64077562763166E-05 -0.55546216963625E-07  0.34847148498735E-07 -0.17537831615402E-05 -0.30736373858230E-05
  -0.59125597742647E-02  0.24505189934003E-02  0.10839599001249E+00 -0.31248693528256E-02  0.31937393906419E-02 -0.75165033226092E-02  0.22789984601032E-01 -0.76687051574080E-03 -0.52929054522043E-03  0.14433876265580E-01  0.18985826998116E+00  0.93793210191094E-03  0.38588315081316E-01 -0.16729418194343E+00 -0.14864736648063E-02  0.74635828838008E-02 -0.10655920729299E-02  0.94436578306031E-02 -0.93152059298247E-04 -0.53391936144318E-02  0.82190565109622E-02 -0.22542870961730E-03 -0.48979753740383E-03 -0.39970743919332E-03  0.11201723337295E-02 -0.26734748044627E-03 -0.41557401625029E-03 -0.35996289964255E-03  0.16443952976512E-02  0.11803150991956E-02 -0.52647455764282E-03 -0.28873347334543E-03 -0.31314591969761E-03  0.41855493294998E-03  0.53011479112825E-03 -0.30171807435464E-04 -0.10164960057168E-03 -0.73682632984047E-03  0.88090703213788E-04
   0.24282580040152E-03  0.84597604552895E-04 -0.31248693528254E-02  0.11081071030134E-02  0.47510610495686E-02 -0.11353101451918E-02 -0.20515994725240E-03  0.30490110502092E-04  0.17749998079616E-04  0.79583428974538E-04 -0.49850264928961E-02  0.43120060105167E-03 -0.53030949956303E-02  0.33102488885129E-01  0.47945736163159E-03  0.76795810935334E-02 -0.14506572591267E-02  0.28872521577250E-02  0.32783613088895E-04 -0.80209413768365E-03 -0.33726516533809E-04  0.18006926868097E-03  0.59397389891693E-04  0.51409217080315E-04 -0.81235688407473E-04  0.33378747844573E-04  0.52691798613085E-04  0.50448766155371E-04  0.84351769034391E-05 -0.13840081112548E-04  0.29854468680150E-04  0.48160762691989E-04  0.38907142343284E-04 -0.35994791842950E-04 -0.46300029409491E-04  0.26222431902550E-05  0.11570680544260E-04  0.68601144487122E-04 -0.52560926155986E-05
   0.14872686259950E-03  0.89050291056461E-03  0.31937393906430E-02  0.47510610495686E-02  0.29905931653274E-01 -0.99014167613452E-02  0.10814816681458E-01 -0.28913040370018E-04 -0.32954597975803E-04  0.68572175030103E-02  0.29497815966022E-01  0.15365486213519E-02 -0.12022868483997E-01  0.30423480253542E+00  0.16371396768396E-02  0.26689998187127E-01 -0.81325843779434E-02  0.15741287696287E-01  0.13450406310783E-03  0.98845943503730E-03 -0.25910172366234E-02  0.15090378938417E-03  0.16365999802755E-03  0.12877091098707E-03 -0.37407936395379E-03  0.15121331740082E-03  0.85168260141759E-04  0.74917577059455E-04  0.26056504860338E-03  0.11602222271765E-03  0.55196446298876E-04  0.87162950521889E-04  0.62367139891353E-05  0.38857411128632E-04 -0.21190531488959E-04  0.67948874015659E-05  0.32793105171243E-04  0.18172054439167E-03 -0.23247114043609E-04
   0.37805505997804E-03 -0.27019540807517E-03 -0.75165033226097E-02 -0.11353101451918E-02 -0.99014167613452E-02  0.51482351182320E-02 -0.78756984936407E-02  0.10662819449599E-03  0.77364418508085E-04 -0.43895277637188E-02 -0.37014766291580E-01  0.67137658098526E-04 -0.28710481046122E-02 -0.17950542484461E+00 -0.24183181475475E-03 -0.63221115955100E-02  0.30627696672338E-02 -0.61266212438271E-02 -0.36914532377461E-04 -0.49919443288942E-03  0.71386156118334E-03  0.57445952788276E-04  0.33543261834949E-05 -0.20245764446225E-04 -0.11406144876182E-03 -0.74467783649467E-04  0.27218587672861E-04  0.57212720913110E-05 -0.24686134629337E-03 -0.23326750166628E-03  0.37509604131475E-04  0.18479713831064E-04  0.36757290370643E-04 -0.88929491687421E-04 -0.65766515959677E-04  0.18104168741691E-06 -0.36395085760466E-06 -0.11479839910775E-04 -0.52012185911625E-04
  -0.12537713823713E-02  0.51987153264183E-03  0.22789984601033E-01 -0.20515994725244E-03  0.10814816681457E-01 -0.78756984936406E-02  0.17955944926979E-01 -0.25312587614321E-03 -0.17448577405272E-03  0.11079988126212E-01  0.90836554894324E-01 -0.12355850368769E-02  0.23649036715771E-01  0.21286200090586E+00 -0.67639849774889E-03 -0.51873460943178E-02 -0.21457582139010E-02  0.42830867262999E-02 -0.48964551327423E-05  0.36786586306667E-02 -0.22870964551772E-02 -0.48745618392373E-03 -0.83968541229368E-04 -0.27082514007133E-04  0.19838997813803E-03  0.10560243662853E-03 -0.12402668571231E-03 -0.83844778736748E-04  0.58071857308621E-03  0.58394194808645E-03 -0.11595964224017E-03 -0.89434847909292E-04 -0.12671207944305E-03  0.20553402527449E-03  0.18001019135348E-03 -0.42432397966619E-05 -0.15829525460567E-04 -0.71143889218535E-04  0.11111119312414E-03
   0.47114681806797E-04 -0.87756577948366E-05 -0.76687051574079E-03  0.30490110502093E-04 -0.28913040370012E-04  0.10662819449598E-03 -0.25312587614320E-03  0.25575846360506E-04  0.19166444500650E-04 -0.29606037290618E-03 -0.44713479521036E-02  0.17593869260457E-04 -0.40321601803753E-03 -0.55000026016801E-02 -0.18691255390778E-04 -0.18412418221575E-05  0.13632276287463E-03 -0.19573452903963E-03  0.65857156166486E-06 -0.84351553505381E-04  0.10058863834207E-04  0.18075395131662E-04  0.85555451692226E-05  0.76333383518084E-05  0.25757959700487E-05  0.80333948340724E-05  0.83397865287104E-05  0.78880969722585E-05 -0.50127020643536E-06  0.15782940086604E-06  0.93762421466884E-05  0.72341133314080E-05  0.75938141893449E-05  0.30998322901097E-06  0.28110738106803E-06  0.37831959271953E-06  0.14870191658176E-05  0.11970151035219E-04 -0.10573456794553E-05
   0.32209465181944E-04 -0.63297522756215E-05 -0.52929054522042E-03  0.17749998079616E-04 -0.32954597975799E-04  0.77364418508083E-04 -0.17448577405272E-03  0.19166444500650E-04  0.15171822250992E-04 -0.20319866177063E-03 -0.32638655315495E-02  0.10093814359787E-04 -0.26309186149404E-03 -0.40373105561681E-02 -0.28459785975131E-04 -0.21668073064090E-03  0.12394012036650E-03 -0.20041136844605E-03  0.35652819030862E-06 -0.56769657613012E-04  0.75757749612066E-05  0.10871933379758E-04  0.55887904295921E-05  0.49236509392633E-05  0.64436019307375E-06  0.56122237152909E-05  0.53557170057202E-05  0.49865453249372E-05 -0.15101017633438E-05 -0.92727111605249E-06  0.64760644084183E-05  0.46308506729020E-05  0.48514457409781E-05  0.13183435847292E-05  0.11409073230627E-05  0.23166929213048E-06  0.16686576130936E-06  0.76497463501169E-05 -0.83327002897200E-06
  -0.66197682653068E-03  0.51090629879738E-03  0.14433876265580E-01  0.79583428974520E-04  0.68572175030102E-02 -0.43895277637187E-02  0.11079988126212E-01 -0.29606037290617E-03 -0.20319866177063E-03  0.25625411298721E-01  0.13093725321666E+00 -0.14918628321061E-02  0.33213791303171E-01  0.24190031640676E-01 -0.68114147718888E-03 -0.43552944736771E-01 -0.58591116490604E-02  0.18816888023170E-02  0.26075723068032E-05  0.10145738326375E-01 -0.48202962648353E-02 -0.15839552161414E-02 -0.22164761240510E-04 -0.16906895758667E-04 -0.15394721156665E-02  0.11492572443950E-03 -0.37503830075429E-04 -0.65498209425076E-04  0.23414533065035E-03  0.22272347570519E-03 -0.44087151786266E-04  0.73020139585890E-05 -0.76448280786365E-04  0.55118888206521E-03  0.34843426763945E-03 -0.35800960222149E-05 -0.22545712023621E-04 -0.40773411801939E-04 -0.26820008009683E-04
  -0.10190342924140E-01  0.33544905235971E-02  0.18985826998116E+00 -0.49850264928962E-02  0.29497815966021E-01 -0.37014766291579E-01  0.90836554894323E-01 -0.44713479521036E-02 -0.32638655315495E-02  0.13093725321666E+00  0.12779330649110E+01 -0.86587177505794E-02  0.21529309285954E+00  0.84970111450077E+00 -0.22337411542022E-02 -0.16674118532824E+00 -0.24356115811880E-01 -0.12514189618030E-02 -0.12681114119563E-03  0.59072402345637E-01 -0.32270248821899E-01 -0.65892062152604E-02 -0.17677467424878E-03  0.32812051630710E-03  0.36025450490536E-02  0.97479526611740E-03 -0.75532251332791E-04  0.24423276329214E-03  0.79209081382727E-02  0.78974233545206E-02 -0.17218569310232E-02  0.19406718564439E-03  0.85277379504748E-04  0.17900177754909E-03 -0.71528136197974E-03 -0.36933265320992E-05 -0.27542334236454E-04  0.17038140253393E-03  0.69877133014005E-03
  -0.15879408488209E-04  0.11105275519149E-03  0.93793210191100E-03  0.43120060105166E-03  0.15365486213519E-02  0.67137658098531E-04 -0.12355850368769E-02  0.17593869260457E-04  0.10093814359787E-04 -0.14918628321061E-02 -0.86587177505793E-02  0.22659262861773E-02 -0.24705098707116E-01 -0.20812202550586E-01  0.30550940376150E-03  0.33562371555999E-02 -0.83045983728912E-03  0.15264284517920E-02  0.11404997578993E-04 -0.57970863121474E-03  0.39670315442581E-03  0.54495811699619E-04  0.37587046655539E-05  0.59733785078436E-05  0.27838963972587E-04  0.39325997112460E-05  0.10860383713670E-04  0.11333145285196E-04  0.10079240693604E-03 -0.47930743461561E-04  0.66404721324791E-05  0.12924725251779E-04  0.10727981008145E-04  0.29469381531303E-05 -0.11389603154109E-05  0.63411537970339E-06  0.41188319924105E-05  0.83736963068029E-06  0.50760579400609E-05
  -0.22051559356947E-02 -0.16117158768238E-03  0.38588315081315E-01 -0.53030949956303E-02 -0.12022868483997E-01 -0.28710481046120E-02  0.23649036715770E-01 -0.40321601803753E-03 -0.26309186149404E-03  0.33213791303171E-01  0.21529309285954E+00 -0.24705098707116E-01  0.41004048237655E+00  0.26852086756848E+00 -0.46017496485125E-02 -0.62142919025406E-01  0.14030491353492E-01 -0.30176631273250E-01 -0.13980459263890E-03  0.12644905589335E-01 -0.78742427072601E-02 -0.79838347154855E-03  0.19091893072335E-03  0.26713149613047E-04  0.36785936947339E-03  0.21143381181064E-03  0.16094450347409E-03 -0.10142624731459E-04  0.17508507788772E-02  0.20048455492744E-02 -0.12613993947016E-03  0.17178645589215E-03 -0.13537761759040E-04 -0.38151615488751E-03 -0.38095445216141E-03  0.45162435882794E-05  0.26430883567716E-04  0.10640805257466E-03 -0.23288041846820E-03
   0.16503549682982E-01  0.84769102886535E-02 -0.16729418194342E+00  0.33102488885130E-01  0.30423480253542E+00 -0.17950542484461E+00  0.21286200090587E+00 -0.55000026016800E-02 -0.40373105561680E-02  0.24190031640677E-01  0.84970111450075E+00 -0.20812202550586E-01  0.26852086756847E+00  0.10265241567652E+03  0.93234410322097E-02  0.13049614461904E+01 -0.21895675139165E+00  0.62988424676633E+00  0.15705715693447E-02 -0.77464939406188E-01  0.41426142164916E-01  0.11794060339269E-01  0.67211605173796E-02  0.23257039953612E-02  0.11672409703225E-01  0.14184399447339E-01  0.62250127005485E-02  0.23384801766765E-02  0.14751083798475E-01  0.52120284082647E-02  0.68818024174647E-02  0.53658497741371E-02  0.18204278978342E-02  0.23909302095959E-02  0.25825330121561E-02  0.37679002673536E-03  0.10760226880964E-02 -0.73367138299524E-03 -0.64504715332011E-02
   0.10795951579921E-03  0.34868182693735E-05 -0.14864736648064E-02  0.47945736163160E-03  0.16371396768397E-02 -0.24183181475476E-03 -0.67639849774888E-03 -0.18691255390776E-04 -0.28459785975130E-04 -0.68114147718883E-03 -0.22337411542024E-02  0.30550940376151E-03 -0.46017496485127E-02  0.93234410322098E-02  0.15609223415676E-02  0.26647383327117E-01 -0.42660741592518E-02  0.10100965642719E-01  0.14216864024381E-04 -0.23488625760793E-03  0.29032675515829E-03  0.11583155759566E-03  0.23298578811617E-04  0.20189236500689E-04 -0.27968568322962E-04 -0.30401231806288E-04  0.29132589901226E-04  0.29700877918553E-04 -0.43075433772432E-04 -0.48629652516389E-04  0.17528399828912E-04  0.22154562379215E-04  0.22645300620934E-04 -0.28872580456641E-04 -0.11942943043475E-04  0.13571097900177E-05  0.53749105148327E-05  0.23243228408180E-04 -0.25293834257637E-05
   0.71349425652244E-03  0.15596996986825E-02  0.74635828837992E-02  0.76795810935337E-02  0.26689998187128E-01 -0.63221115955102E-02 -0.51873460943181E-02 -0.18412418221177E-05 -0.21668073064087E-03 -0.43552944736770E-01 -0.16674118532825E+00  0.33562371556002E-02 -0.62142919025410E-01  0.13049614461904E+01  0.26647383327118E-01  0.87350293444386E+00 -0.51748127041600E-01  0.22672727900298E+00  0.22429562962510E-03 -0.55080717260048E-01  0.36800759533813E-01  0.11260523049328E-01  0.70696841905163E-03  0.69834243587658E-03  0.45853447489653E-03 -0.14766103516958E-03  0.11354438958070E-02  0.12923098627782E-02  0.55503704448680E-03  0.50589276875921E-03  0.50115546381033E-03  0.88912282178006E-03  0.10822755913200E-02 -0.38183074526034E-02 -0.21110089320750E-02  0.41636950534536E-04  0.19496621925706E-03  0.51796926774024E-03  0.24815470152954E-03
   0.11054240608606E-03  0.62651494178718E-04 -0.10655920729300E-02 -0.14506572591266E-02 -0.81325843779434E-02  0.30627696672338E-02 -0.21457582139011E-02  0.13632276287463E-03  0.12394012036649E-03 -0.58591116490607E-02 -0.24356115811880E-01 -0.83045983728912E-03  0.14030491353491E-01 -0.21895675139164E+00 -0.42660741592517E-02 -0.51748127041596E-01  0.23135134805419E-01 -0.44510621816543E-01 -0.48252591181156E-04 -0.83587714068952E-02  0.22540537329162E-02  0.14824903688777E-02  0.59966847655404E-04  0.73080526612836E-04  0.46166303447837E-03  0.16796907437192E-03  0.85523961420551E-04  0.11191732679575E-03  0.48010206489634E-03  0.49846413481761E-03 -0.45850585236839E-04  0.91805894342617E-04  0.13565990010235E-03 -0.87660498433271E-03 -0.74201984041504E-03  0.80683003698298E-05  0.32948760216161E-04  0.19834416897434E-03  0.68218337965889E-04
  -0.48730734951143E-03  0.22396345028495E-03  0.94436578306030E-02  0.28872521577250E-02  0.15741287696287E-01 -0.61266212438271E-02  0.42830867263000E-02 -0.19573452903962E-03 -0.20041136844604E-03  0.18816888023175E-02 -0.12514189618043E-02  0.15264284517920E-02 -0.30176631273250E-01  0.62988424676633E+00  0.10100965642719E-01  0.22672727900297E+00 -0.44510621816544E-01  0.11060843128364E+00  0.95853298385998E-04  0.29413885561483E-02  0.46508770675937E-02 -0.65563247357113E-03 -0.10208892768402E-03 -0.13233850061444E-03 -0.10213342123374E-02 -0.36754326645191E-03 -0.72694692465467E-04 -0.10251548048498E-03 -0.99911199824558E-03 -0.10310960007676E-02  0.17729459776092E-03 -0.11816237217255E-03 -0.16505591630239E-03  0.10360038378110E-02  0.11498553016599E-02 -0.14853732786338E-04 -0.58278663960889E-04 -0.45669240185683E-03 -0.93341061215277E-04
   0.67338079967185E-05  0.76927439182779E-06 -0.93152059298241E-04  0.32783613088895E-04  0.13450406310783E-03 -0.36914532377462E-04 -0.48964551327409E-05  0.65857156166484E-06  0.35652819030861E-06  0.26075723068038E-05 -0.12681114119563E-03  0.11404997578993E-04 -0.13980459263890E-03  0.15705715693447E-02  0.14216864024381E-04  0.22429562962509E-03 -0.48252591181156E-04  0.95853298385998E-04  0.10827195122185E-05 -0.35069533538326E-04  0.46787952665848E-05  0.54999306943628E-05  0.15181553850871E-05  0.12565753579170E-05 -0.24982127796323E-05  0.88139324551539E-06  0.14131950672148E-05  0.10865263574498E-05 -0.15727280685797E-06 -0.82256827724862E-06  0.85926409227692E-06  0.14638269113763E-05  0.65204015971158E-06 -0.70102207518409E-06 -0.96225353898189E-06  0.66395579326154E-07  0.28349265753390E-06  0.16568705326516E-05 -0.16603556688005E-06
   0.75974095923434E-05 -0.10148648272167E-02 -0.53391936144320E-02 -0.80209413768365E-03  0.98845943503735E-03 -0.49919443288945E-03  0.36786586306668E-02 -0.84351553505378E-04 -0.56769657613009E-04  0.10145738326375E-01  0.59072402345637E-01 -0.57970863121477E-03  0.12644905589335E-01 -0.77464939406189E-01 -0.23488625760803E-03 -0.55080717260050E-01 -0.83587714068949E-02  0.29413885561474E-02 -0.35069533538326E-04  0.39536659516288E-01 -0.17156132142471E-01 -0.37860229761967E-02 -0.63099658998824E-04 -0.56948960167188E-04  0.32119255901030E-03  0.44111837627950E-04 -0.90884395274625E-04 -0.10084826062484E-03  0.32293074380034E-03  0.34883074002489E-03 -0.40577779883209E-04 -0.23703417241166E-03 -0.25476307725094E-03  0.78346377964229E-03  0.48606828385178E-03 -0.19262613695936E-05 -0.54388587562273E-05  0.22101795597741E-04 -0.75645315193102E-04
  -0.37803986738661E-03  0.40633224201589E-03  0.82190565109623E-02 -0.33726516533819E-04 -0.25910172366234E-02  0.71386156118338E-03 -0.22870964551773E-02  0.10058863834207E-04  0.75757749612060E-05 -0.48202962648353E-02 -0.32270248821900E-01  0.39670315442582E-03 -0.78742427072602E-02  0.41426142164915E-01  0.29032675515833E-03  0.36800759533813E-01  0.22540537329160E-02  0.46508770675942E-02  0.46787952665846E-05 -0.17156132142471E-01  0.10725647837765E-01  0.11985118662298E-02 -0.61092582595096E-04 -0.64021241778035E-04 -0.47670117441260E-03 -0.11700617008824E-03  0.27061676252363E-04  0.29221425028690E-04 -0.37386719309164E-03 -0.40381089178326E-03  0.20076529549596E-04  0.57238780979155E-04  0.78023779215869E-04 -0.16221145034392E-03 -0.37356423743109E-05 -0.56632580934508E-05 -0.26034803540374E-04 -0.18567315023204E-03  0.13039923684513E-04
   0.67431329889750E-04  0.93356955511623E-04 -0.22542870961730E-03  0.18006926868098E-03  0.15090378938420E-03  0.57445952788271E-04 -0.48745618392374E-03  0.18075395131662E-04  0.10871933379758E-04 -0.15839552161415E-02 -0.65892062152606E-02  0.54495811699625E-04 -0.79838347154865E-03  0.11794060339270E-01  0.11583155759568E-03  0.11260523049328E-01  0.14824903688777E-02 -0.65563247357092E-03  0.54999306943631E-05 -0.37860229761967E-02  0.11985118662298E-02  0.10240926803255E-02  0.40742357227074E-04  0.43075929452598E-04  0.76637685550160E-04  0.21059787285094E-04  0.17907166369349E-04  0.23812813139889E-04  0.78302683424855E-04  0.76358942146595E-04  0.98880934257137E-05  0.65511484045690E-05  0.14580472285629E-04 -0.18214996960954E-03 -0.13891688285384E-03  0.22383336352753E-05  0.92204591678150E-05  0.48788227116315E-04  0.19115382930082E-04
   0.42614769806748E-04  0.68299298230347E-05 -0.48979753740384E-03  0.59397389891695E-04  0.16365999802756E-03  0.33543261834931E-05 -0.83968541229370E-04  0.85555451692228E-05  0.55887904295922E-05 -0.22164761240515E-04 -0.17677467424883E-03  0.37587046655547E-05  0.19091893072333E-03  0.67211605173797E-02  0.23298578811619E-04  0.70696841905166E-03  0.59966847655399E-04 -0.10208892768400E-03  0.15181553850871E-05 -0.63099658998828E-04 -0.61092582595094E-04  0.40742357227074E-04  0.28474693779474E-04  0.19833183412320E-04  0.43729855968782E-04  0.16720805690938E-04  0.21023910266228E-04  0.21530126242219E-04  0.46260138695183E-04  0.45465519104462E-04  0.81640449178108E-05  0.19995319458064E-04  0.19972816592350E-04 -0.15450633660262E-04 -0.17481028535329E-04  0.79740360315326E-06  0.31847150933726E-05  0.23153681629330E-04  0.12825868475328E-05
   0.36108937538516E-04  0.42060734993517E-05 -0.39970743919333E-03  0.51409217080317E-04  0.12877091098708E-03 -0.20245764446226E-04 -0.27082514007135E-04  0.76333383518085E-05  0.49236509392634E-05 -0.16906895758672E-04  0.32812051630705E-03  0.59733785078444E-05  0.26713149613031E-04  0.23257039953613E-02  0.20189236500690E-04  0.69834243587661E-03  0.73080526612830E-04 -0.13233850061442E-03  0.12565753579170E-05 -0.56948960167193E-04 -0.64021241778033E-04  0.43075929452598E-04  0.19833183412320E-04  0.37412692647206E-04  0.58906489296932E-04  0.18388768388274E-04  0.21395866322832E-04  0.23957821691738E-04  0.54911785858855E-04  0.56408042031441E-04  0.61828128500739E-05  0.20189628309204E-04  0.22002416452327E-04 -0.16827474197096E-04 -0.19203809593302E-04  0.81770656255182E-06  0.33964704469652E-05  0.25263127931188E-04  0.48711168004825E-05
  -0.60396595943210E-04 -0.28485093451731E-04  0.11201723337295E-02 -0.81235688407473E-04 -0.37407936395380E-03 -0.11406144876182E-03  0.19838997813803E-03  0.25757959700484E-05  0.64436019307351E-06 -0.15394721156665E-02  0.36025450490536E-02  0.27838963972588E-04  0.36785936947339E-03  0.11672409703225E-01 -0.27968568322956E-04  0.45853447489672E-03  0.46166303447835E-03 -0.10213342123373E-02 -0.24982127796323E-05  0.32119255901029E-03 -0.47670117441259E-03  0.76637685550161E-04  0.43729855968782E-04  0.58906489296932E-04  0.76104920665353E-03  0.57227589113212E-04  0.47758013427743E-04  0.63729901370468E-04  0.29616205869358E-03  0.29853232941588E-03 -0.11677178883749E-04  0.43792288027223E-04  0.57401538764213E-04 -0.59777746352863E-04 -0.66008482615222E-04  0.21440884007096E-05  0.10313273324710E-04  0.72485648829805E-04  0.27135914064878E-04
   0.26041360201202E-04  0.34930581370581E-05 -0.26734748044628E-03  0.33378747844574E-04  0.15121331740083E-03 -0.74467783649468E-04  0.10560243662853E-03  0.80333948340724E-05  0.56122237152909E-05  0.11492572443949E-03  0.97479526611738E-03  0.39325997112466E-05  0.21143381181063E-03  0.14184399447339E-01 -0.30401231806287E-04 -0.14766103516953E-03  0.16796907437192E-03 -0.36754326645190E-03  0.88139324551543E-06  0.44111837627943E-04 -0.11700617008824E-03  0.21059787285095E-04  0.16720805690938E-04  0.18388768388274E-04  0.57227589113212E-04  0.56675765443844E-04  0.17980067657040E-04  0.19758017722787E-04  0.62807525571161E-04  0.61777260242142E-04  0.55667857653498E-05  0.17160129159666E-04  0.18008675940863E-04 -0.14228952911836E-04 -0.16876126010333E-04  0.84562281652267E-06  0.36367990629980E-05  0.24790819894345E-04  0.38063919995291E-05
   0.38821988983747E-04  0.19177907933090E-05 -0.41557401625030E-03  0.52691798613088E-04  0.85168260141766E-04  0.27218587672860E-04 -0.12402668571231E-03  0.83397865287106E-05  0.53557170057203E-05 -0.37503830075434E-04 -0.75532251332849E-04  0.10860383713671E-04  0.16094450347407E-03  0.62250127005487E-02  0.29132589901228E-04  0.11354438958070E-02  0.85523961420543E-04 -0.72694692465448E-04  0.14131950672149E-05 -0.90884395274627E-04  0.27061676252364E-04  0.17907166369349E-04  0.21023910266228E-04  0.21395866322832E-04  0.47758013427743E-04  0.17980067657040E-04  0.28355671108918E-04  0.27319087209422E-04  0.53732766219740E-04  0.52411325107090E-04  0.80790785022683E-05  0.25900421586638E-04  0.25819414466442E-04 -0.19475766325873E-04 -0.20643196498216E-04  0.84493565355623E-06  0.34206468327225E-05  0.24247735718720E-04  0.19755309878557E-05
   0.35448730757809E-04  0.40024911424916E-05 -0.35996289964256E-03  0.50448766155373E-04  0.74917577059462E-04  0.57212720913094E-05 -0.83844778736750E-04  0.78880969722586E-05  0.49865453249372E-05 -0.65498209425081E-04  0.24423276329209E-03  0.11333145285197E-04 -0.10142624731480E-04  0.23384801766766E-02  0.29700877918555E-04  0.12923098627783E-02  0.11191732679574E-03 -0.10251548048496E-03  0.10865263574499E-05 -0.10084826062484E-03  0.29221425028692E-04  0.23812813139889E-04  0.21530126242219E-04  0.23957821691738E-04  0.63729901370468E-04  0.19758017722787E-04  0.27319087209422E-04  0.31861294665371E-04  0.61679273320873E-04  0.62822876819622E-04  0.62413236732337E-05  0.25897926499339E-04  0.29280612225149E-04 -0.23197667199106E-04 -0.24292818538015E-04  0.90308823790216E-06  0.37884184036559E-05  0.27136910341785E-04  0.55376574561494E-05
  -0.59340831221798E-04  0.37418465584700E-04  0.16443952976511E-02  0.84351769034401E-05  0.26056504860337E-03 -0.24686134629337E-03  0.58071857308620E-03 -0.50127020643538E-06 -0.15101017633439E-05  0.23414533065035E-03  0.79209081382726E-02  0.10079240693604E-03  0.17508507788771E-02  0.14751083798475E-01 -0.43075433772424E-04  0.55503704448701E-03  0.48010206489633E-03 -0.99911199824552E-03 -0.15727280685794E-06  0.32293074380033E-03 -0.37386719309163E-03  0.78302683424858E-04  0.46260138695184E-04  0.54911785858855E-04  0.29616205869358E-03  0.62807525571161E-04  0.53732766219740E-04  0.61679273320874E-04  0.34352812762416E-03  0.25368620691882E-03 -0.19870190779042E-05  0.52034005663359E-04  0.55002894305572E-04 -0.61971712885134E-04 -0.67826619152041E-04  0.23322147262133E-05  0.10948164828261E-04  0.69169853768309E-04  0.17303259127515E-04
  -0.38107547381376E-04  0.20642001742345E-04  0.11803150991955E-02 -0.13840081112545E-04  0.11602222271765E-03 -0.23326750166628E-03  0.58394194808643E-03  0.15782940086605E-06 -0.92727111605256E-06  0.22272347570518E-03  0.78974233545206E-02 -0.47930743461560E-04  0.20048455492744E-02  0.52120284082651E-02 -0.48629652516381E-04  0.50589276875944E-03  0.49846413481759E-03 -0.10310960007676E-02 -0.82256827724856E-06  0.34883074002488E-03 -0.40381089178325E-03  0.76358942146598E-04  0.45465519104462E-04  0.56408042031441E-04  0.29853232941588E-03  0.61777260242142E-04  0.52411325107091E-04  0.62822876819622E-04  0.25368620691882E-03  0.28631002889923E-03 -0.29795535660892E-05  0.50368272409524E-04  0.55859069350798E-04 -0.61580405687135E-04 -0.67464848695166E-04  0.22596996046929E-05  0.10406994820555E-04  0.71974266083083E-04  0.20397950004356E-04
   0.35906383090576E-04 -0.17004268383296E-05 -0.52647455764282E-03  0.29854468680151E-04  0.55196446298882E-04  0.37509604131473E-04 -0.11595964224016E-03  0.93762421466886E-05  0.64760644084184E-05 -0.44087151786267E-04 -0.17218569310232E-02  0.66404721324796E-05 -0.12613993947016E-03  0.68818024174647E-02  0.17528399828912E-04  0.50115546381030E-03 -0.45850585236839E-04  0.17729459776091E-03  0.85926409227695E-06 -0.40577779883209E-04  0.20076529549595E-04  0.98880934257134E-05  0.81640449178107E-05  0.61828128500739E-05 -0.11677178883749E-04  0.55667857653498E-05  0.80790785022682E-05  0.62413236732336E-05 -0.19870190779044E-05 -0.29795535660895E-05  0.27530534987708E-03  0.73006910971177E-05  0.57822149062589E-05  0.82854330950685E-05  0.77243651277372E-05  0.14962225298883E-06  0.12146617541361E-06  0.52513706804385E-05 -0.29874005653226E-05
   0.32268873028376E-04  0.78635911764844E-05 -0.28873347334544E-03  0.48160762691991E-04  0.87162950521893E-04  0.18479713831064E-04 -0.89434847909296E-04  0.72341133314082E-05  0.46308506729021E-05  0.73020139585834E-05  0.19406718564433E-03  0.12924725251780E-04  0.17178645589214E-03  0.53658497741372E-02  0.22154562379217E-04  0.88912282178010E-03  0.91805894342610E-04 -0.11816237217253E-03  0.14638269113764E-05 -0.23703417241166E-03  0.57238780979157E-04  0.65511484045692E-05  0.19995319458064E-04  0.20189628309204E-04  0.43792288027223E-04  0.17160129159666E-04  0.25900421586638E-04  0.25897926499339E-04  0.52034005663358E-04  0.50368272409524E-04  0.73006910971178E-05  0.37962558893557E-04  0.26925610683839E-04 -0.18778455251029E-04 -0.19787493499946E-04  0.79136512471554E-06  0.32188380795694E-05  0.22835130762281E-04  0.18377475905101E-05
