# fitpack15: fit parameters                                                                         
# CJ15_AV18                                                                                         
# Created on 07/02/2015 at 04:29:10                                                                 

 # QCD setup
  INS	                    0
  NVL                          11
  IORD                          1
  Q02                   1.6899999999999999     
  IPARAMC                       7
  FLAVOR                4.0000000000000000     
  xmc                   1.3000000000000000     
  xmb                   4.5000000000000000     
  ncb                          12

 # Theory corrections
  inuke                     10314
  itmc                          1
  iht                           1

 # fit parameters
 LAMBDA       0.22680        0.0000    
 a0uv          2.5730        0.0000    
 a1uv         0.62941       0.22654E-01
 a2uv          3.5363       0.15956E-01
 a3uv          0.0000        0.0000    
 a4uv          3.0942       0.44592    
 a5uv          0.0000        0.0000    
 a0dv          22.355        0.0000    
 a1dv          1.1274       0.54618E-01
 a2dv          6.6096       0.18536    
 a3dv         -3.6498       0.11515    
 a4dv          5.1221       0.25543    
 a5dv          0.0000        0.0000    
 a0ud         0.14150       0.53749E-02
 a1ud        -0.21772       0.41556E-02
 a2ud          8.4862       0.16860    
 a3ud          0.0000        0.0000    
 a4ud          16.149        1.4048    
 a5ud          0.0000        0.0000    
 a0du          35712.        0.0000    
 a1du          3.9586       0.50969E-01
 a2du          20.321       0.68315    
 a3du          17.000        0.0000    
 a4du          45.815        6.7590    
 a0g           48.318        0.0000    
 a1g          0.62475       0.40964E-01
 a2g           6.6757        1.3147    
 a3g          -3.2467       0.20397    
 a4g           3.0560       0.37509    
 a5g           0.0000        0.0000    
 kappa        0.40000        0.0000    
 a6dv        -0.56045E-02   0.20995E-02
 a7dv          2.0000        0.0000    
 x0_KP        0.48694       0.22976    
 C_KP         0.57097E-01   0.68456E-01
 ht1          -3.1256       0.25189    
 ht2           1.7687       0.10020    
 ht3          -2.0793       0.27572E-01
 ht4           0.0000        0.0000    
 dummy40       0.0000        0.0000    
 dummy41       0.0000        0.0000    
 dummy42       0.0000        0.0000    
 dummy43       0.0000        0.0000    
 dummy44       0.0000        0.0000    
 dummy45       0.0000        0.0000    
 dummy46       0.0000        0.0000    
 dummy47       0.0000        0.0000    
 dummy48       0.0000        0.0000    
 dummy49       0.0000        0.0000    
 bcdmsh2      0.97149       0.55004E-02
 bcdmsd2      0.99575       0.62028E-02
 ccfr          1.0000        0.0000    
 nutev         1.0000        0.0000    
 zeus         0.97998        0.0000    
 h1            1.0162        0.0000    
 e605          1.0142       0.29801E-01
 NmcH2         1.0167       0.77106E-02
 ntv_nu        1.0000        0.0000    
 ntv_nubar     1.0000        0.0000    
 cdf_jet      0.98910        0.0000    
 d0_jet       0.83504        0.0000    
 slac_p        1.0018       0.55827E-02
 slac_d        1.0053       0.58112E-02
 e866pp       0.96926       0.20488E-01
 e866pd       0.98657       0.20201E-01
 d0_gamjet     1.0371       0.16653E-01
 h1b          0.97608        0.0000    
 jlab_p       0.99265       0.64926E-02
 jlab_d       0.97807       0.64815E-02
 blank         1.0000        0.0000    
 d0run2       0.93333       0.15581E-01
 cdfrun2      0.91973       0.18074E-01
 HERA_el      0.99982       0.34139E-02
 HERA_ps      0.99514       0.31459E-02
 CDF_Z        0.97578       0.70820E-02
 NmcRat        1.0000        0.0000    
 BNS_F2nd     0.99385       0.13525E-01
 END 0. 0.

 # Hessian matrix (Bevington alpha)
   0.41474152167356E+07 -0.11752851754815E+07  0.21953269956293E+06  0.72443382515755E+06 -0.14362749161610E+06  0.14144525173704E+05  0.72012163198435E+05  0.97794969150747E+06 -0.15555311386275E+06 -0.48200335746844E+05  0.72148941342481E+04  0.84094946615868E+04  0.10437678914263E+04 -0.11333840099514E+02  0.16052481350177E+05 -0.20245719537042E+04  0.14109304827518E+05  0.85912461679639E+04 -0.69654908456751E+07 -0.29726750970765E+05  0.37859008521300E+05
  -0.11752851754815E+07  0.39110506616720E+06 -0.63953368682844E+05 -0.17971455223741E+06  0.37990356669950E+05  0.58599939161680E+04 -0.13359470198608E+05 -0.14972125203431E+06  0.26889656524642E+05  0.78558663158272E+04 -0.10461676995321E+04 -0.63822830009774E+03 -0.73094662600950E+02 -0.26113395423416E+00 -0.17732442840512E+04  0.14771788166095E+03 -0.14490172131239E+04 -0.70894827801760E+03  0.23583139437390E+07  0.80441786527302E+04 -0.18423193139328E+05
   0.21953269956293E+06 -0.63953368682844E+05  0.11727428502002E+05  0.37700102911744E+05 -0.76258437568738E+04  0.30057728192976E+03  0.35947615420851E+04  0.41517246492091E+05 -0.63825885898189E+04 -0.22464469620385E+04  0.30819523674594E+03  0.23035312378875E+03  0.37490781683030E+02 -0.70608392688067E+00  0.43954229910149E+03 -0.58532997645750E+02  0.38242601328401E+03  0.23713654050885E+03 -0.38009416969654E+06 -0.15725337136402E+04  0.22241222342410E+04
   0.72443382515755E+06 -0.17971455223741E+06  0.37700102911744E+05  0.21989019622984E+06 -0.40764464613063E+05  0.14648210802547E+05  0.26753400150789E+05  0.24188267781004E+06 -0.34979614873368E+05 -0.12805646666688E+05  0.18285295985251E+04  0.48497782224667E+03  0.33775239314777E+02  0.69759867227091E+01  0.27853565361740E+04 -0.36000681396873E+03  0.19865610841873E+04  0.13296834440592E+04 -0.14917744384319E+07 -0.96235558759511E+04  0.14140723553091E+04
  -0.14362749161610E+06  0.37990356669950E+05 -0.76258437568738E+04 -0.40764464613063E+05  0.81397506344533E+04 -0.12181973314792E+04 -0.44621914252362E+04 -0.25673208657457E+05  0.22984304650962E+04  0.18308494202582E+04 -0.20868616854478E+03 -0.17881729471336E+03 -0.10095146177522E+02 -0.10286191362762E+01 -0.11487443149393E+03  0.13894028011614E+02 -0.37303921739051E+02 -0.28947982781830E+02  0.32024264649680E+06  0.18785926862918E+04 -0.12071813513871E+04
   0.14144525173704E+05  0.58599939161680E+04  0.30057728192976E+03  0.14648210802547E+05 -0.12181973314792E+04  0.54354801603063E+04  0.34409119682625E+04  0.59794631480317E+05 -0.10869435452387E+05 -0.22875366411010E+04  0.43332423192685E+03 -0.98192431332079E+02 -0.61440451324975E+01  0.21469268446334E+01  0.70584450869355E+03 -0.11937709975432E+03  0.59296090342852E+03  0.46512253596563E+03  0.59246656771130E+05 -0.37104998091630E+03 -0.32048780803242E+04
   0.72012163198435E+05 -0.13359470198608E+05  0.35947615420851E+04  0.26753400150789E+05 -0.44621914252362E+04  0.34409119682625E+04  0.40088535883140E+04  0.37579641559629E+05 -0.50465405101558E+04 -0.19983047895922E+04  0.29081257441781E+03  0.80747302093893E+02  0.40284741165582E+01  0.14744402774320E+01  0.23168739248302E+03 -0.46755976425222E+02  0.12226993246251E+03  0.13757886290333E+03 -0.10703818466877E+06 -0.10577748404039E+04 -0.13022296605676E+04
   0.97794969150747E+06 -0.14972125203431E+06  0.41517246492091E+05  0.24188267781004E+06 -0.25673208657457E+05  0.59794631480317E+05  0.37579641559629E+05  0.50117599617041E+07 -0.25404414257095E+07 -0.81971570732857E+05  0.21733413286107E+05  0.25405829753528E+05  0.19255617429032E+04  0.75921510219453E+02  0.33513489340863E+05 -0.46535356200896E+04  0.36211244262424E+05  0.20826353815270E+05 -0.47044975160667E+06 -0.56349855054890E+04 -0.17644006858503E+05
  -0.15555311386275E+06  0.26889656524642E+05 -0.63825885898189E+04 -0.34979614873368E+05  0.22984304650962E+04 -0.10869435452387E+05 -0.50465405101558E+04 -0.25404414257095E+07  0.22186191949220E+07  0.18678031932796E+05 -0.55834087051259E+04 -0.52384242644005E+04 -0.34695296842975E+03 -0.18100675469612E+02  0.43945068022058E+05 -0.21900624496545E+04  0.16395968373468E+05  0.84477800424676E+04  0.26537943399514E+05  0.53029680570599E+03  0.29502327877108E+04
  -0.48200335746844E+05  0.78558663158272E+04 -0.22464469620385E+04 -0.12805646666688E+05  0.18308494202582E+04 -0.22875366411010E+04 -0.19983047895922E+04 -0.81971570732857E+05  0.18678031932796E+05  0.25712092283668E+04 -0.53485656457072E+03 -0.68122545412510E+03 -0.65158857923635E+02 -0.80376734985225E+00 -0.18645990038492E+04  0.22654034134634E+03 -0.15867319769120E+04 -0.97984530182645E+03  0.40643131763915E+05  0.39544491361116E+03  0.70489974770619E+03
   0.72148941342481E+04 -0.10461676995321E+04  0.30819523674594E+03  0.18285295985251E+04 -0.20868616854478E+03  0.43332423192685E+03  0.29081257441781E+03  0.21733413286107E+05 -0.55834087051259E+04 -0.53485656457072E+03  0.13239172356707E+03  0.17559727981302E+03  0.13996212546546E+02  0.38410253055830E+00  0.58668166395591E+03 -0.60916064440054E+02  0.46628979693501E+03  0.26762207369980E+03 -0.39296086517762E+04 -0.45815696740641E+02 -0.13112044905354E+03
   0.84094946615868E+04 -0.63822830009774E+03  0.23035312378875E+03  0.48497782224667E+03 -0.17881729471336E+03 -0.98192431332079E+02  0.80747302093893E+02  0.25405829753528E+05 -0.52384242644005E+04 -0.68122545412510E+03  0.17559727981302E+03  0.28821536294793E+04  0.18452338089264E+03  0.25964004903111E+01  0.11205308587819E+04 -0.14542277320147E+03  0.11771191686674E+04  0.69758368934333E+03 -0.67923933899947E+04 -0.24503996505157E+02  0.19942954840065E+03
   0.10437678914263E+04 -0.73094662600950E+02  0.37490781683030E+02  0.33775239314777E+02 -0.10095146177522E+02 -0.61440451324975E+01  0.40284741165582E+01  0.19255617429032E+04 -0.34695296842975E+03 -0.65158857923635E+02  0.13996212546546E+02  0.18452338089264E+03  0.15678044292822E+02  0.69060650846798E-02  0.67899954716522E+02 -0.10122947136346E+02  0.75605385652871E+02  0.48261528238279E+02 -0.38519129430851E+03  0.11839925675960E+01  0.23028004348530E+02
  -0.11333840099514E+02 -0.26113395423416E+00 -0.70608392688067E+00  0.69759867227091E+01 -0.10286191362762E+01  0.21469268446334E+01  0.14744402774320E+01  0.75921510219453E+02 -0.18100675469612E+02 -0.80376734985225E+00  0.38410253055830E+00  0.25964004903111E+01  0.69060650846798E-02  0.54697033470594E-01  0.65705628523352E+01 -0.38689853728383E+00  0.31707798543015E+01  0.13646184989346E+01 -0.26348556077850E+02 -0.10227482013123E+01 -0.31482351192732E+01
   0.16052481350177E+05 -0.17732442840512E+04  0.43954229910149E+03  0.27853565361740E+04 -0.11487443149393E+03  0.70584450869355E+03  0.23168739248302E+03  0.33513489340863E+05  0.43945068022058E+05 -0.18645990038492E+04  0.58668166395591E+03  0.11205308587819E+04  0.67899954716522E+02  0.65705628523352E+01  0.22064250109241E+05 -0.18646277790754E+04  0.14714852266588E+05  0.79650536311141E+04 -0.72261565380256E+04  0.95764028384595E+02  0.68728355121223E+02
  -0.20245719537042E+04  0.14771788166095E+03 -0.58532997645750E+02 -0.36000681396873E+03  0.13894028011614E+02 -0.11937709975432E+03 -0.46755976425222E+02 -0.46535356200896E+04 -0.21900624496545E+04  0.22654034134634E+03 -0.60916064440054E+02 -0.14542277320147E+03 -0.10122947136346E+02 -0.38689853728383E+00 -0.18646277790754E+04  0.18822188896619E+03 -0.14664425510785E+04 -0.83426795194014E+03  0.52750487634490E+03 -0.14331665521692E+02  0.98606078142708E+01
   0.14109304827518E+05 -0.14490172131239E+04  0.38242601328401E+03  0.19865610841873E+04 -0.37303921739051E+02  0.59296090342852E+03  0.12226993246251E+03  0.36211244262424E+05  0.16395968373468E+05 -0.15867319769120E+04  0.46628979693501E+03  0.11771191686674E+04  0.75605385652871E+02  0.31707798543015E+01  0.14714852266588E+05 -0.14664425510785E+04  0.11644814560708E+05  0.65544518821894E+04 -0.69453084534321E+04  0.10916577702832E+03  0.13157066489792E+03
   0.85912461679639E+04 -0.70894827801760E+03  0.23713654050885E+03  0.13296834440592E+04 -0.28947982781830E+02  0.46512253596563E+03  0.13757886290333E+03  0.20826353815270E+05  0.84477800424676E+04 -0.97984530182645E+03  0.26762207369980E+03  0.69758368934333E+03  0.48261528238279E+02  0.13646184989346E+01  0.79650536311141E+04 -0.83426795194014E+03  0.65544518821894E+04  0.37588979331611E+04 -0.34037418962134E+04  0.70816429259597E+02  0.27499233671711E+02
  -0.69654908456751E+07  0.23583139437390E+07 -0.38009416969654E+06 -0.14917744384319E+07  0.32024264649680E+06  0.59246656771130E+05 -0.10703818466877E+06 -0.47044975160667E+06  0.26537943399514E+05  0.40643131763915E+05 -0.39296086517762E+04 -0.67923933899947E+04 -0.38519129430851E+03 -0.26348556077850E+02 -0.72261565380256E+04  0.52750487634490E+03 -0.69453084534321E+04 -0.34037418962134E+04  0.19973773637960E+08  0.78960924986077E+05 -0.18999152982140E+06
  -0.29726750970765E+05  0.80441786527302E+04 -0.15725337136402E+04 -0.96235558759511E+04  0.18785926862918E+04 -0.37104998091630E+03 -0.10577748404039E+04 -0.56349855054890E+04  0.53029680570599E+03  0.39544491361116E+03 -0.45815696740641E+02 -0.24503996505157E+02  0.11839925675960E+01 -0.10227482013123E+01  0.95764028384595E+02 -0.14331665521692E+02  0.10916577702832E+03  0.70816429259597E+02  0.78960924986077E+05  0.57101507569758E+03 -0.17258109675112E+03
   0.37859008521300E+05 -0.18423193139328E+05  0.22241222342410E+04  0.14140723553091E+04 -0.12071813513871E+04 -0.32048780803242E+04 -0.13022296605676E+04 -0.17644006858503E+05  0.29502327877108E+04  0.70489974770619E+03 -0.13112044905354E+03  0.19942954840065E+03  0.23028004348530E+02 -0.31482351192732E+01  0.68728355121223E+02  0.98606078142708E+01  0.13157066489792E+03  0.27499233671711E+02 -0.18999152982140E+06 -0.17258109675112E+03  0.43639764249333E+04

 # Covariance matrix (Bevington epsilon)
   0.51321256621866E-03 -0.99867610846247E-04 -0.98123737474503E-02  0.39570620110496E-03  0.43274612019171E-03  0.46926709135760E-03 -0.24317819251769E-02  0.63260730897375E-04  0.43759171624746E-04 -0.12701637498446E-02 -0.18476408628411E-01 -0.20347449246046E-04 -0.29455438446816E-02  0.24811966474160E-01  0.17305726770716E-03  0.77905205325724E-03 -0.89764198588151E-04 -0.29061475033111E-03  0.32518716517720E-05  0.32948622485826E-03 -0.25320366866766E-03  0.60747228030720E-03 -0.64655896219106E-03 -0.48641575504948E-04  0.43945427882849E-04  0.39917189377663E-04 -0.12962056171073E-03  0.24625083725585E-04  0.41669339366505E-04  0.34259601363975E-04 -0.14717559927316E-03 -0.13361227170181E-03  0.51701729161592E-04  0.39386517692113E-04  0.31508276464198E-04 -0.27597727027661E-04 -0.37947956426039E-04  0.25282671238364E-05  0.76230903069759E-05  0.53435773101795E-04 -0.28112826576040E-04
  -0.99867610846249E-04  0.25459237298540E-03  0.32587034782630E-02 -0.13402512784583E-03  0.83541041412684E-03 -0.63666899014489E-03  0.13555260249092E-02 -0.12273207392400E-04 -0.90100588511245E-05  0.79494339129255E-03  0.58935642382534E-02  0.56861742265862E-04  0.45746649201833E-03 -0.10578864131274E-02  0.99269411028322E-05  0.24576631961051E-02 -0.59136943172493E-05  0.57429065907291E-03 -0.19695445401955E-04 -0.25999697785652E-03 -0.52442932634413E-03 -0.13576555581485E-02  0.37889120611205E-03 -0.82020916704318E-05  0.10405090803840E-04  0.65930177764520E-05 -0.18241918015108E-04  0.84605101689472E-05  0.64797074510676E-05  0.15592910799711E-05  0.58014058693636E-04  0.46983692701521E-04  0.79559706399849E-05  0.20653573452697E-04  0.52826731757778E-05  0.19842873077133E-05  0.28717977827315E-05  0.30917534218925E-06  0.32153475236837E-06 -0.13714669430389E-04 -0.73090604903904E-04
  -0.98123737474504E-02  0.32587034782630E-02  0.19884625568280E+00 -0.79705444553504E-02 -0.23400142321599E-02 -0.12519843069245E-01  0.53548428217747E-01 -0.11905801027548E-02 -0.83091934555549E-03  0.29527844227080E-01  0.38998002675629E+00  0.54565782570568E-03  0.62105393688342E-01 -0.44191746326869E+00 -0.28969030745568E-02  0.10177163745316E-01  0.22018781627349E-02  0.81050519051116E-02 -0.13878573092895E-03 -0.10582271051636E-01  0.24954857958875E-02 -0.17297599430499E-01  0.13262215758065E-01  0.11186028514566E-02 -0.52075083683611E-03 -0.51581813518149E-03  0.28490462910404E-02 -0.20914428996416E-03 -0.45904812375643E-03 -0.39068257928086E-03  0.37308349636379E-02  0.34470367518169E-02 -0.81970823092091E-03 -0.34936428063761E-03 -0.34166618524477E-03  0.32910005137791E-03  0.51312012348009E-03 -0.35849829464084E-04 -0.10269091364977E-03 -0.82232583508708E-03  0.11392400951287E-04
   0.39570620110501E-03 -0.13402512784584E-03 -0.79705444553514E-02  0.29831590620866E-02  0.67050663657075E-02 -0.22247946536066E-05 -0.83496342406140E-02  0.84801549821127E-04  0.57400801773643E-04 -0.26815801420686E-02 -0.33463446095580E-01  0.90535505627609E-03 -0.10072062549446E-01  0.93469266130059E-01  0.53382391145320E-03  0.11285139565668E-01 -0.93717921755305E-04  0.10518558295669E-02  0.62346327267494E-04  0.32526205015078E-02  0.10348547308948E-02 -0.28570281128493E-02  0.51806172057893E-03  0.43416462555150E-03  0.40667358792560E-04  0.37300229496511E-04 -0.31191138039808E-03 -0.39646649050279E-05  0.28445202556958E-04  0.41121930739629E-04 -0.22685879609239E-03 -0.35412058360286E-03  0.11471185848945E-04  0.61635988782491E-05  0.29461535830827E-04 -0.53715247683153E-04 -0.52943016424111E-04  0.76798861578820E-06  0.84228929498933E-05  0.10931691138905E-03  0.25427736178242E-03
   0.43274612019179E-03  0.83541041412682E-03 -0.23400142321614E-02  0.67050663657075E-02  0.34356795038045E-01 -0.13764197625607E-01  0.43047348131022E-02  0.11708346849417E-04 -0.31731570318425E-05  0.25440081057812E-02 -0.31023999772440E-02  0.14154485863586E-02 -0.11131053472210E-01  0.33845159369094E+00  0.17515122167493E-02  0.27707796508905E-01 -0.95908622860763E-02  0.18429955435291E-01  0.32119405652456E-04 -0.50183428228065E-02 -0.52209175880272E-03 -0.32915383099805E-02 -0.11837317810834E-02  0.70770708481227E-04  0.14391223385938E-03  0.12950691072962E-03 -0.49325435307618E-03  0.14487214473903E-03  0.64679257183965E-04  0.69817839209153E-04 -0.32154965508890E-04 -0.31058872366119E-03  0.11048110003503E-03  0.82718689176892E-04 -0.31554368295265E-04  0.10356444429324E-03  0.38466169387484E-04  0.62874849661464E-05  0.26145422160327E-04  0.12740132172452E-03 -0.31614937396149E-03
   0.46926709135763E-03 -0.63666899014489E-03 -0.12519843069246E-01 -0.22247946536185E-05 -0.13764197625607E-01  0.13259538531562E-01 -0.21208698834043E-01  0.20109469832746E-03  0.14852632068685E-03 -0.57689860583360E-02 -0.72363447138153E-01  0.10030390270419E-02 -0.79045576751870E-02 -0.14893434017111E+00 -0.51951662186154E-03 -0.16195431902602E-01  0.65586790860040E-02 -0.13800329287338E-01  0.61177984908060E-04  0.47795886022979E-02  0.19819343690800E-02  0.13964479172727E-02  0.67304358815794E-05  0.34777478035820E-03 -0.36947734693329E-04 -0.39620368588948E-04 -0.69007491102035E-03 -0.18273312314286E-03 -0.23595977458131E-04 -0.44543522248327E-05 -0.58495426531816E-03 -0.68555718875214E-03 -0.79288398029710E-05 -0.62471758123416E-04  0.50336173655275E-04 -0.13197917388045E-03 -0.85614206342892E-04 -0.37612189401903E-05 -0.67309652433375E-05  0.49038712415841E-04  0.41635571311633E-03
  -0.24317819251771E-02  0.13555260249093E-02  0.53548428217751E-01 -0.83496342406139E-02  0.43047348131023E-02 -0.21208698834043E-01  0.65242175097322E-01 -0.61325347395994E-03 -0.43557448914384E-03  0.23936704137113E-01  0.25320568932226E+00 -0.47914169264693E-02  0.57520275051843E-01 -0.80948355480558E-01 -0.11242258546043E-02  0.80711212102681E-03 -0.61066549531221E-02  0.13489860270525E-01 -0.24494394273810E-03 -0.13981801567425E-01 -0.29090828859380E-02  0.49654908705055E-02 -0.21014718475634E-02 -0.87217666176635E-03 -0.13967326246246E-04  0.37929995593069E-04  0.16630696041032E-02  0.35897786097065E-03 -0.36551252960672E-04 -0.20732221164093E-04  0.19377757187475E-02  0.24628867003960E-02 -0.11721228204393E-03  0.50730097756137E-04 -0.94789724670995E-04  0.17675245940880E-03  0.14049782332859E-03  0.32937688527186E-05 -0.34076785237939E-05 -0.22454099740635E-03 -0.79058924637541E-03
   0.63260730897376E-04 -0.12273207392400E-04 -0.11905801027548E-02  0.84801549821121E-04  0.11708346849404E-04  0.20109469832746E-03 -0.61325347395992E-03  0.28889542784399E-04  0.21792149847241E-04 -0.38090367553338E-03 -0.61207542884247E-02  0.39251323000863E-04 -0.65206168539082E-03 -0.13186048440096E-02 -0.19817647286298E-04 -0.17875983613256E-04  0.22790621024708E-03 -0.35128627737073E-03  0.13943298753959E-05  0.12415603814733E-03 -0.89223145740947E-05 -0.81765862068914E-04 -0.59376134664633E-05  0.12510340282449E-04  0.79145347130890E-05  0.74274137922309E-05 -0.11099881027715E-04  0.63527351651806E-05  0.76921453468671E-05  0.72300722623586E-05 -0.14195294004420E-04 -0.16337625864892E-04  0.10099749751048E-04  0.66628474236735E-05  0.69387770571337E-05  0.10899020329010E-05  0.98650928158878E-06  0.33912299722478E-06  0.13599291219029E-05  0.12909911870572E-04  0.38506661024575E-05
   0.43759171624747E-04 -0.90100588511246E-05 -0.83091934555549E-03  0.57400801773638E-04 -0.31731570318521E-05  0.14852632068685E-03 -0.43557448914382E-03  0.21792149847241E-04  0.17269151006666E-04 -0.26586688779918E-03 -0.44961531739323E-02  0.26711234511053E-04 -0.44795720423090E-03 -0.10905725951833E-02 -0.30592571082524E-04 -0.31508325707884E-03  0.18789304404404E-03 -0.32288497270349E-03  0.97690249949596E-06  0.85079822289814E-04 -0.51127490086403E-05 -0.56485095727574E-04 -0.27967741311992E-05  0.79057940701566E-05  0.51416025881415E-05  0.48577787012252E-05 -0.92975434962282E-05  0.44003348555199E-05  0.48792164995291E-05  0.46018127151729E-05 -0.11338106358694E-04 -0.12855377521456E-04  0.70151985564951E-05  0.41650325481266E-05  0.44518222756520E-05  0.18227211777738E-05  0.16155170465664E-05  0.20310475856100E-06  0.76651879903020E-07  0.83788394135619E-05  0.27385083651472E-05
  -0.12701637498446E-02  0.79494339129256E-03  0.29527844227080E-01 -0.26815801420685E-02  0.25440081057814E-02 -0.57689860583360E-02  0.23936704137113E-01 -0.38090367553339E-03 -0.26586688779918E-03  0.28424870963913E-01  0.17207887585221E+00 -0.23188933535648E-02  0.44341039094728E-01 -0.11074813234979E+00 -0.60984577794081E-03 -0.44994772762731E-01 -0.10541868463254E-01  0.10128819665454E-01 -0.62935255228341E-04 -0.97374664508089E-02  0.35310576176384E-03  0.70660338294233E-02 -0.16791669356181E-02 -0.75737345763142E-03 -0.34325828781248E-04  0.19369738936256E-04 -0.15156653778190E-02  0.11032168749434E-03 -0.49438679968445E-04  0.61988838252413E-05  0.46154493827372E-03  0.58344965020901E-03 -0.51325822311109E-04 -0.16206743172188E-04 -0.11615077154362E-04  0.45765226263417E-03  0.32180756299660E-03 -0.42708421703602E-05 -0.27398163124262E-04 -0.14006732957239E-03 -0.31921656047472E-03
  -0.18476408628411E-01  0.58935642382534E-02  0.38998002675630E+00 -0.33463446095578E-01 -0.31023999772406E-02 -0.72363447138152E-01  0.25320568932226E+00 -0.61207542884247E-02 -0.44961531739323E-02  0.17207887585221E+00  0.19733882877555E+01 -0.18793522051419E-01  0.33141404918804E+00 -0.60950601345892E+00 -0.27407005364089E-02 -0.11102746231091E+00 -0.46571108412016E-01  0.49383374892544E-01 -0.58912235484573E-03 -0.71341513255203E-01  0.44302541815396E-02  0.46460457557862E-01 -0.12973446389089E-01 -0.12563009782266E-02  0.12791386702478E-05  0.42928933273592E-03  0.87314338671863E-02  0.15197376655719E-02  0.19221358960502E-03  0.71486194668774E-03  0.13671053264219E-01  0.15400878549892E-01 -0.21179874359684E-02  0.31834476448466E-03  0.49979466653594E-03 -0.92031548332006E-03 -0.13894165572127E-02  0.52715920919332E-05 -0.10326689067602E-04 -0.42642034300221E-03 -0.16976005531450E-02
  -0.20347449246027E-04  0.56861742265856E-04  0.54565782570530E-03  0.90535505627611E-03  0.14154485863587E-02  0.10030390270419E-02 -0.47914169264694E-02  0.39251323000866E-04  0.26711234511055E-04 -0.23188933535648E-02 -0.18793522051420E-01  0.25978400309416E-02 -0.28283050183372E-01 -0.58305462338077E-01  0.23691889289822E-03 -0.95779016665959E-04 -0.33642494983557E-03  0.10929116286623E-03  0.14933023909677E-04  0.79952393635671E-03  0.16283977163687E-03 -0.11350044528873E-02  0.51289700415582E-03  0.56227959811324E-04 -0.14535987222683E-04 -0.79398047720000E-05 -0.58400975560064E-04 -0.31932811386728E-04 -0.79873100607790E-05 -0.29431471482222E-05  0.46696036165026E-05 -0.16793946443721E-03 -0.47013165171289E-05 -0.52832946250314E-05 -0.16181648372454E-05  0.92436187853273E-05  0.71629314902603E-05 -0.68317962299514E-06  0.25876081795322E-06  0.20448714645556E-05  0.61223506165423E-04
  -0.29455438446817E-02  0.45746649201836E-03  0.62105393688345E-01 -0.10072062549446E-01 -0.11131053472210E-01 -0.79045576751869E-02  0.57520275051842E-01 -0.65206168539084E-03 -0.44795720423091E-03  0.44341039094729E-01  0.33141404918805E+00 -0.28283050183372E-01  0.46669099934269E+00  0.67205184157573E+00 -0.44778376738242E-02 -0.61265273330973E-01  0.80416958239306E-02 -0.19794951470623E-01 -0.18121471554414E-03 -0.14918008794448E-01 -0.87221619509151E-03  0.20611062814304E-01 -0.94453618098311E-02 -0.10202412389409E-02  0.29655632194497E-03  0.19202032572436E-03  0.57649961254357E-03  0.47014122109803E-03  0.24972358349931E-03  0.15785915073869E-03  0.26642747183186E-02  0.29348023677551E-02 -0.61935301143788E-04  0.28333243234806E-03  0.12616459820853E-03 -0.34459590155435E-03 -0.35979625498687E-03  0.11946867874213E-04  0.49241011084791E-04 -0.10775274389926E-04 -0.86695996566785E-03
   0.24811966474161E-01 -0.10578864131275E-02 -0.44191746326871E+00  0.93469266130057E-01  0.33845159369094E+00 -0.14893434017111E+00 -0.80948355480552E-01 -0.13186048440095E-02 -0.10905725951832E-02 -0.11074813234979E+00 -0.60950601345895E+00 -0.58305462338078E-01  0.67205184157573E+00  0.45684145247783E+02  0.23349443950576E-01  0.62519883538097E+00 -0.23304994933509E+00  0.47080909392417E+00  0.20532924412427E-02  0.21978741109926E+00  0.44324428396335E-01  0.22571281160842E-01 -0.39243555429640E-01 -0.31195725458594E-01  0.48118390351808E-02 -0.83446954407544E-04  0.65662758967245E-02  0.99001922058973E-02  0.49490515634469E-02 -0.38729507256984E-03  0.43564300378732E-02 -0.12127041367519E-01  0.48963702993422E-02  0.65448958105212E-02  0.73992830146936E-03  0.50540850464716E-02  0.31583409449243E-02  0.26596774738117E-03  0.87076725951382E-03 -0.17178195103940E-03  0.13694192093493E-02
   0.17305726770716E-03  0.99269411028344E-05 -0.28969030745568E-02  0.53382391145319E-03  0.17515122167492E-02 -0.51951662186155E-03 -0.11242258546042E-02 -0.19817647286298E-04 -0.30592571082523E-04 -0.60984577794081E-03 -0.27407005364089E-02  0.23691889289820E-03 -0.44778376738242E-02  0.23349443950575E-01  0.16780738061914E-02  0.35194147701343E-01 -0.42562835745791E-02  0.11556514850587E-01  0.42568129771639E-05  0.41795935307223E-03 -0.20109403323778E-03 -0.43159288225827E-04  0.13038885125405E-03 -0.22115227170122E-04  0.24711377158471E-04  0.15674434936992E-04 -0.40832028583055E-04 -0.26680061703539E-04  0.31885127598145E-04  0.21842579751449E-04 -0.72109694793956E-04 -0.78689130592613E-04  0.24933184112396E-04  0.31540252437546E-04  0.17374543977774E-04  0.43830807672357E-05  0.11452802997609E-04  0.14918783431420E-05  0.54120097398071E-05  0.20737651950972E-04 -0.17284352847296E-04
   0.77905205325727E-03  0.24576631961051E-02  0.10177163745316E-01  0.11285139565668E-01  0.27707796508904E-01 -0.16195431902602E-01  0.80711212102768E-03 -0.17875983613234E-04 -0.31508325707882E-03 -0.44994772762731E-01 -0.11102746231091E+00 -0.95779016666194E-04 -0.61265273330970E-01  0.62519883538094E+00  0.35194147701342E-01  0.17284100198928E+01  0.28810740757176E-01  0.24709168214698E+00 -0.73095351933282E-04  0.10108046115864E+00 -0.68894175020848E-02 -0.97813453492787E-01  0.42863872311640E-01  0.10544190677873E-01  0.11722245728000E-02  0.62495738837927E-03  0.25407041603011E-02  0.22893883152745E-03  0.19014355515059E-02  0.13565809630273E-02  0.23013553669699E-02  0.28085210916951E-02  0.24732572339793E-03  0.18522686428363E-02  0.12526595029478E-02 -0.50868475276966E-02 -0.29723626893870E-02  0.65125423814936E-04  0.35128552530667E-03  0.16622878791667E-02  0.38853796849552E-02
  -0.89764198588110E-04 -0.59136943172664E-05  0.22018781627340E-02 -0.93717921755268E-04 -0.95908622860763E-02  0.65586790860041E-02 -0.61066549531225E-02  0.22790621024708E-03  0.18789304404404E-03 -0.10541868463255E-01 -0.46571108412017E-01 -0.33642494983555E-03  0.80416958239303E-02 -0.23304994933509E+00 -0.42562835745792E-02  0.28810740757171E-01  0.41603511401429E-01 -0.60301958887360E-01  0.36564380763905E-05  0.18570244837010E-01  0.10333384269427E-02 -0.18792018224443E-01  0.47570168184907E-02  0.29319700930974E-02  0.13027774398823E-03  0.11311174494674E-03  0.68068938977119E-03  0.19962435812167E-03  0.19534348208285E-03  0.20571544808973E-03  0.81947216981471E-03  0.88270879259825E-03 -0.15543802595704E-03  0.15736195098753E-03  0.22197295672266E-03 -0.15709366359861E-02 -0.12338965405767E-02  0.11242161638171E-04  0.63634380625462E-04  0.49920529158690E-03  0.11166438742835E-02
  -0.29061475033119E-03  0.57429065907294E-03  0.81050519051132E-02  0.10518558295668E-02  0.18429955435291E-01 -0.13800329287338E-01  0.13489860270525E-01 -0.35128627737074E-03 -0.32288497270349E-03  0.10128819665454E-01  0.49383374892546E-01  0.10929116286616E-03 -0.19794951470622E-01  0.47080909392417E+00  0.11556514850587E-01  0.24709168214698E+00 -0.60301958887359E-01  0.14069168034273E+00 -0.44885277612559E-04 -0.12521986172215E-01 -0.33801173828515E-02  0.11663303217563E-01  0.18917145327001E-02 -0.32281131863726E-02 -0.15252477747544E-03 -0.22706205011736E-03 -0.99986552087974E-03 -0.36815981640425E-03 -0.13350190840310E-03 -0.26521532628159E-03 -0.12244813093833E-02 -0.12210514652073E-02  0.31028167198695E-03 -0.59566173769986E-04 -0.29439200935961E-03  0.19964161570690E-02  0.18528331910758E-02 -0.16794373400136E-04 -0.84186146395503E-04 -0.77768735121812E-03 -0.12060265602624E-02
   0.32518716517732E-05 -0.19695445401955E-04 -0.13878573092897E-03  0.62346327267494E-04  0.32119405652457E-04  0.61177984908060E-04 -0.24494394273810E-03  0.13943298753961E-05  0.97690249949606E-06 -0.62935255228344E-04 -0.58912235484578E-03  0.14933023909677E-04 -0.18121471554414E-03  0.20532924412427E-02  0.42568129771646E-05 -0.73095351933274E-04  0.36564380763890E-05 -0.44885277612557E-04  0.44079358699941E-05 -0.31640150624884E-04  0.11819973257389E-03 -0.81792125309167E-04  0.26284293258550E-04  0.20318890022829E-04  0.64324028797489E-06 -0.22336107425025E-06 -0.10644635610456E-05 -0.34923066069179E-06  0.46366786440947E-06  0.93596367387660E-06 -0.29180238499527E-05 -0.45788731491727E-05 -0.93709743511684E-06 -0.79415521456541E-06  0.15380616223381E-05 -0.31598685591892E-05 -0.22548343827735E-05 -0.19939287731887E-07  0.17837751676590E-06  0.34675749496262E-05  0.10513083172748E-04
   0.32948622485835E-03 -0.25999697785655E-03 -0.10582271051637E-01  0.32526205015078E-02 -0.50183428228066E-02  0.47795886022980E-02 -0.13981801567426E-01  0.12415603814734E-03  0.85079822289822E-04 -0.97374664508091E-02 -0.71341513255206E-01  0.79952393635668E-03 -0.14918008794449E-01  0.21978741109926E+00  0.41795935307220E-03  0.10108046115864E+00  0.18570244837010E-01 -0.12521986172216E-01 -0.31640150624885E-04  0.52787977310042E-01 -0.12598541585901E-02 -0.14918704633787E-01  0.58363078968638E-02  0.25615858025823E-02  0.10499267249566E-05 -0.87334665185473E-04 -0.58901544970732E-03 -0.69972624824320E-04  0.50482849096064E-04 -0.14336622513996E-03 -0.29930233698035E-03 -0.51913185926140E-03 -0.16262065481882E-03 -0.28711886723214E-04 -0.21201722644542E-03 -0.42314997941347E-03 -0.30789203111753E-03 -0.44340132387824E-05 -0.45940802831657E-05  0.22161637175147E-03  0.21583353431911E-02
  -0.25320366866764E-03 -0.52442932634414E-03  0.24954857958870E-02  0.10348547308949E-02 -0.52209175880263E-03  0.19819343690800E-02 -0.29090828859382E-02 -0.89223145740921E-05 -0.51127490086385E-05  0.35310576176376E-03  0.44302541815387E-02  0.16283977163687E-03 -0.87221619509171E-03  0.44324428396337E-01 -0.20109403323776E-03 -0.68894175020847E-02  0.10333384269427E-02 -0.33801173828515E-02  0.11819973257389E-03 -0.12598541585901E-02  0.46862431392771E-02 -0.59485644743256E-03  0.12318341631591E-03  0.64885397645968E-03  0.27168094092175E-05 -0.15731793231944E-04  0.58643633879043E-04 -0.16845190953621E-05 -0.19308614068368E-04  0.33311682308614E-04  0.76008295716702E-04  0.54288221213793E-04 -0.78262010580630E-04 -0.77091666983136E-04  0.62879341788041E-04 -0.11933812189251E-03 -0.83671240736834E-04 -0.16196634982913E-05  0.39612868682007E-05  0.10785740839936E-03  0.43890370223781E-03
   0.60747228030714E-03 -0.13576555581485E-02 -0.17297599430498E-01 -0.28570281128494E-02 -0.32915383099807E-02  0.13964479172726E-02  0.49654908705061E-02 -0.81765862068923E-04 -0.56485095727581E-04  0.70660338294236E-02  0.46460457557864E-01 -0.11350044528874E-02  0.20611062814304E-01  0.22571281160840E-01 -0.43159288225786E-04 -0.97813453492785E-01 -0.18792018224444E-01  0.11663303217564E-01 -0.81792125309169E-04 -0.14918704633787E-01 -0.59485644743259E-03  0.63448069570145E-01 -0.20925299075919E-01 -0.37104392707519E-02 -0.38200832065966E-04  0.25167476055998E-04  0.45989730395454E-03  0.68448356425039E-04 -0.72758228099905E-04 -0.34642144594141E-04  0.22596021050398E-03  0.26549332444204E-03  0.84000030091526E-04 -0.25587889503086E-03 -0.24597209702968E-03  0.76822791320534E-03  0.45837693107390E-03  0.19199285090930E-05 -0.45349127959428E-05 -0.92990727838600E-04 -0.82561539449487E-03
  -0.64655896219104E-03  0.37889120611205E-03  0.13262215758065E-01  0.51806172057901E-03 -0.11837317810833E-02  0.67304358816457E-05 -0.21014718475637E-02 -0.59376134664599E-05 -0.27967741311966E-05 -0.16791669356182E-02 -0.12973446389090E-01  0.51289700415584E-03 -0.94453618098314E-02 -0.39243555429639E-01  0.13038885125403E-03  0.42863872311640E-01  0.47570168184909E-02  0.18917145326997E-02  0.26284293258551E-04  0.58363078968640E-02  0.12318341631594E-03 -0.20925299075919E-01  0.10040553339078E-01  0.71692936259349E-03 -0.75701149109956E-04 -0.11214524017303E-03 -0.35114041168486E-03 -0.10997947460663E-03  0.13510973936575E-04 -0.18239092606544E-04 -0.21936550799244E-03 -0.22611912840210E-03 -0.41104806593194E-04  0.48417381322378E-04  0.44667206107774E-04 -0.30905014117738E-04  0.78860967766720E-04 -0.69851840846247E-05 -0.24455125833946E-04 -0.12355061506334E-03  0.28289268615534E-03
  -0.48641575504938E-04 -0.82020916704350E-05  0.11186028514564E-02  0.43416462555151E-03  0.70770708481245E-04  0.34777478035822E-03 -0.87217666176643E-03  0.12510340282450E-04  0.79057940701575E-05 -0.75737345763146E-03 -0.12563009782270E-02  0.56227959811327E-04 -0.10202412389410E-02 -0.31195725458593E-01 -0.22115227170125E-04  0.10544190677873E-01  0.29319700930974E-02 -0.32281131863727E-02  0.20318890022830E-04  0.25615858025823E-02  0.64885397645968E-03 -0.37104392707519E-02  0.71692936259347E-03  0.76018806644774E-03  0.29900656116599E-04  0.17138305872348E-04  0.10247425346559E-03  0.15725785903994E-04  0.10978740324263E-04  0.98411678283057E-05  0.10356776758720E-03  0.12197540303989E-03 -0.28350678325494E-04 -0.46755530146470E-05  0.93952417195845E-05 -0.16161452521931E-03 -0.12820065787953E-03  0.10961569053157E-05  0.82656797087596E-05  0.83563214444419E-04  0.20843654676815E-03
   0.43945427882849E-04  0.10405090803840E-04 -0.52075083683611E-03  0.40667358792557E-04  0.14391223385937E-03 -0.36947734693330E-04 -0.13967326246235E-04  0.79145347130890E-05  0.51416025881415E-05 -0.34325828781246E-04  0.12791386702689E-05 -0.14535987222684E-04  0.29655632194498E-03  0.48118390351807E-02  0.24711377158471E-04  0.11722245728000E-02  0.13027774398823E-03 -0.15252477747544E-03  0.64324028797481E-06  0.10499267249495E-05  0.27168094092160E-05 -0.38200832065961E-04 -0.75701149109957E-04  0.29900656116599E-04  0.30253909212337E-04  0.19439204565502E-04  0.52779632056267E-04  0.18618104703412E-04  0.23237871931952E-04  0.21611722603645E-04  0.51923281679903E-04  0.53156122766673E-04  0.88169424518260E-05  0.22497620168007E-04  0.20149785108077E-04 -0.17911195131320E-04 -0.19592893627947E-04  0.88314204304227E-06  0.34615981152557E-05  0.24152072778685E-04 -0.13381426223620E-05
   0.39917189377663E-04  0.65930177764521E-05 -0.51581813518149E-03  0.37300229496508E-04  0.12950691072962E-03 -0.39620368588950E-04  0.37929995593080E-04  0.74274137922309E-05  0.48577787012252E-05  0.19369738936259E-04  0.42928933273595E-03 -0.79398047720010E-05  0.19202032572437E-03 -0.83446954407633E-04  0.15674434936992E-04  0.62495738837924E-03  0.11311174494674E-03 -0.22706205011736E-03 -0.22336107425033E-06 -0.87334665185480E-04 -0.15731793231945E-04  0.25167476056003E-04 -0.11214524017304E-03  0.17138305872347E-04  0.19439204565502E-04  0.38474817736405E-04  0.54219278820107E-04  0.18562710031812E-04  0.21074353794494E-04  0.25186813289727E-04  0.52041703385441E-04  0.55124918486747E-04  0.61185409685237E-05  0.20805262995739E-04  0.23712419208500E-04 -0.15637582243969E-04 -0.18566620654483E-04  0.82134271736207E-06  0.33837091992396E-05  0.25302071153928E-04  0.13434440365336E-05
  -0.12962056171073E-03 -0.18241918015108E-04  0.28490462910404E-02 -0.31191138039807E-03 -0.49325435307617E-03 -0.69007491102035E-03  0.16630696041031E-02 -0.11099881027715E-04 -0.92975434962285E-05 -0.15156653778190E-02  0.87314338671863E-02 -0.58400975560058E-04  0.57649961254355E-03  0.65662758967246E-02 -0.40832028583056E-04  0.25407041603010E-02  0.68068938977119E-03 -0.99986552087976E-03 -0.10644635610452E-05 -0.58901544970731E-03  0.58643633879051E-04  0.45989730395453E-03 -0.35114041168485E-03  0.10247425346560E-03  0.52779632056267E-04  0.54219278820106E-04  0.88809408583869E-03  0.70402403453644E-04  0.60263123535441E-04  0.64615264146825E-04  0.37990595760603E-03  0.40484213247694E-03 -0.11214151588070E-04  0.52724115898785E-04  0.57875392016419E-04 -0.78622189910460E-04 -0.79580608775054E-04  0.26056821123060E-05  0.11708979355696E-04  0.71072647433393E-04 -0.88853040509772E-05
   0.24625083725585E-04  0.84605101689473E-05 -0.20914428996415E-03 -0.39646649050304E-05  0.14487214473903E-03 -0.18273312314286E-03  0.35897786097066E-03  0.63527351651805E-05  0.44003348555198E-05  0.11032168749435E-03  0.15197376655720E-02 -0.31932811386728E-04  0.47014122109803E-03  0.99001922058972E-02 -0.26680061703540E-04  0.22893883152740E-03  0.19962435812167E-03 -0.36815981640425E-03 -0.34923066069183E-06 -0.69972624824327E-04 -0.16845190953626E-05  0.68448356425042E-04 -0.10997947460663E-03  0.15725785903994E-04  0.18618104703412E-04  0.18562710031812E-04  0.70402403453644E-04  0.59453024991150E-04  0.20490039978498E-04  0.20642429189731E-04  0.71971873993995E-04  0.73693247601532E-04  0.63906189404941E-05  0.19759285135492E-04  0.18863845549187E-04 -0.17341690419184E-04 -0.19417094626265E-04  0.95779948929470E-06  0.39494698302871E-05  0.24797692709544E-04 -0.24675832660540E-05
   0.41669339366505E-04  0.64797074510677E-05 -0.45904812375643E-03  0.28445202556955E-04  0.64679257183960E-04 -0.23595977458132E-04 -0.36551252960662E-04  0.76921453468671E-05  0.48792164995291E-05 -0.49438679968443E-04  0.19221358960504E-03 -0.79873100607799E-05  0.24972358349932E-03  0.49490515634468E-02  0.31885127598144E-04  0.19014355515059E-02  0.19534348208285E-03 -0.13350190840311E-03  0.46366786440940E-06  0.50482849096058E-04 -0.19308614068369E-04 -0.72758228099901E-04  0.13510973936573E-04  0.10978740324263E-04  0.23237871931952E-04  0.21074353794494E-04  0.60263123535442E-04  0.20490039978498E-04  0.31166703858030E-04  0.27077648385536E-04  0.61986433422210E-04  0.62987080177602E-04  0.90885149780883E-05  0.29059476574532E-04  0.25507914935921E-04 -0.21586052476250E-04 -0.22705375156662E-04  0.96779294856907E-06  0.38233764868305E-05  0.25533364274857E-04 -0.15182522731004E-05
