 Correlated errors added in quadrature with statistical errors
 jl00106F2p DIS data with   1.69< Q2 < 0.500D+03 and 0.000 < xB < 1.000 and   3.00< W2 < 0.100D+04 and 0.000 < y < 1.000
   GP TMC applied
   HT corrections, multiplicative C=C(xB)
 Correlated errors added in quadrature with statistical errors
 jl00106F2d DIS data with   1.69< Q2 < 0.500D+03 and 0.000 < xB < 1.000 and   3.00< W2 < 0.100D+04 and 0.000 < y < 1.000
   WBArel smearing  (AV18) - KP off-shell param nuke corrections
   GP TMC applied
   HT corrections, multiplicative C=C(xB)
 Correlated errors added in quadrature with statistical errors
 slac_p     DIS data with   1.69< Q2 < 0.500D+03 and 0.000 < xB < 1.000 and   3.00< W2 < 0.100D+04 and 0.000 < y < 1.000
   GP TMC applied
   HT corrections, multiplicative C=C(xB)
 Correlated errors added in quadrature with statistical errors
 slac_d     DIS data with   1.69< Q2 < 0.500D+03 and 0.000 < xB < 1.000 and   3.00< W2 < 0.100D+04 and 0.000 < y < 1.000
   WBArel smearing  (AV18) - KP off-shell param nuke corrections
   GP TMC applied
   HT corrections, multiplicative C=C(xB)
 Correlated errors treated separately from statistical errors
 BcdF2pCor  DIS data with   1.69< Q2 < 0.500D+03 and 0.000 < xB < 1.000 and   3.00< W2 < 0.100D+04 and 0.000 < y < 1.000
   GP TMC applied
   HT corrections, multiplicative C=C(xB)
 Correlated errors treated separately from statistical errors
 BcdF2dCor  DIS data with   1.69< Q2 < 0.500D+03 and 0.000 < xB < 1.000 and   3.00< W2 < 0.100D+04 and 0.000 < y < 1.000
   WBArel smearing  (AV18) - KP off-shell param nuke corrections
   GP TMC applied
   HT corrections, multiplicative C=C(xB)
 Correlated errors treated separately from statistical errors
 NmcF2pCor  DIS data with   1.69< Q2 < 0.500D+03 and 0.000 < xB < 1.000 and   3.00< W2 < 0.100D+04 and 0.000 < y < 1.000
   GP TMC applied
   HT corrections, multiplicative C=C(xB)
 Correlated errors treated separately from statistical errors
 NmcRatCor  DIS data with   1.69< Q2 < 0.500D+03 and 0.000 < xB < 1.000 and   3.00< W2 < 0.100D+04 and 0.000 < y < 1.000
   WBArel smearing  (AV18) - KP off-shell param nuke corrections
   GP TMC applied
   HT corrections, multiplicative C=C(xB)
 Correlated errors treated separately from statistical errors
 H_nc_el_c  DIS data with   1.69< Q2 < 0.100D+06 and 0.000 < xB < 1.000 and   3.00< W2 < 0.100D+08 and 0.000 < y < 1.000
   GP TMC applied
   HT corrections, multiplicative C=C(xB)
 Correlated errors treated separately from statistical errors
 H_nc_ps_c  DIS data with   1.69< Q2 < 0.100D+06 and 0.000 < xB < 1.000 and   3.00< W2 < 0.100D+08 and 0.000 < y < 1.000
   GP TMC applied
   HT corrections, multiplicative C=C(xB)
 Correlated errors treated separately from statistical errors
 H_cc_el_c  DIS data with   1.69< Q2 < 0.100D+06 and 0.000 < xB < 1.000 and   3.00< W2 < 0.100D+08 and 0.000 < y < 1.000
   GP TMC applied
   HT corrections, multiplicative C=C(xB)
 Correlated errors treated separately from statistical errors
 H_cc_ps_c  DIS data with   1.69< Q2 < 0.100D+06 and 0.000 < xB < 1.000 and   3.00< W2 < 0.100D+08 and 0.000 < y < 1.000
   GP TMC applied
   HT corrections, multiplicative C=C(xB)
 Correlated errors added in quadrature with statistical errors
 BNS_F2nd   DIS data with   1.69< Q2 < 0.100D+06 and 0.000 < xB < 1.000 and   3.00< W2 < 0.100D+08 and 0.000 < y < 1.000
   WBArel smearing  (AV18) - KP off-shell param nuke corrections
   GP TMC applied
   HT corrections, multiplicative C=C(xB)
 Correlated errors added in quadrature with statistical errors
 e605       vector boson data with Q2 >=   0.00
 Correlated errors added in quadrature with statistical errors
 e866pp06xf vector boson data with Q2 >=  36.00
 Correlated errors added in quadrature with statistical errors
 e866pd06xf vector boson data with Q2 >=  36.00
 Correlated errors added in quadrature with statistical errors
 e866rat    vector boson data with Q2 >=  36.00
 Correlated errors added in quadrature with statistical errors
 CDF_Z      vector boson data with Q2 >=   0.00
 Correlated errors added in quadrature with statistical errors
 D0_Z       vector boson data with Q2 >=   0.00
 Correlated errors added in quadrature with statistical errors
 d0run2coneJet data - errors added in quadrature
 Correlated errors added in quadrature with statistical errors
 CDFrun2jetJet data - errors added in quadrature
 Correlated errors added in quadrature with statistical errors
 d0_gamjet1 Photon data -- cuts to be written yet ...
 Correlated errors added in quadrature with statistical errors
 d0_gamjet2 Photon data -- cuts to be written yet ...
 Correlated errors added in quadrature with statistical errors
 d0_gamjet3 Photon data -- cuts to be written yet ...
 Correlated errors added in quadrature with statistical errors
 d0_gamjet4 Photon data -- cuts to be written yet ...

# fitpack10: fit output
# CJ15_AV18                                                                    

Parametrization   7 used here

 S-ACOT scheme used  for NC DIS

 charm mass =     1.30 GeV     bottom mass =     4.50 GeV



 THIS IS A NEXT TO LEADING ORDER FIT

 Q02=    1.69
         1  LAMBDA      VALUE=   0.22680      WEIGHT=    0.0000    
         2  a0uv        VALUE=    2.4992      WEIGHT=    0.0000    
         3  a1uv        VALUE=   0.62338      WEIGHT=   0.38544E-01
         4  a2uv        VALUE=    3.5331      WEIGHT=   0.22785E-01
         5  a3uv        VALUE=    0.0000      WEIGHT=    0.0000    
         6  a4uv        VALUE=    3.2403      WEIGHT=   0.48605    
         7  a5uv        VALUE=    0.0000      WEIGHT=    0.0000    
         8  a0dv        VALUE=    23.078      WEIGHT=    0.0000    
         9  a1dv        VALUE=    1.1405      WEIGHT=   0.35169E-01
        10  a2dv        VALUE=    6.5926      WEIGHT=   0.16161    
        11  a3dv        VALUE=   -3.5426      WEIGHT=   0.93890E-01
        12  a4dv        VALUE=    4.8606      WEIGHT=   0.15796    
        13  a5dv        VALUE=    0.0000      WEIGHT=    0.0000    
        14  a0ud        VALUE=   0.14322      WEIGHT=   0.51056E-02
        15  a1ud        VALUE=  -0.21645      WEIGHT=   0.39322E-02
        16  a2ud        VALUE=    8.3890      WEIGHT=   0.15653    
        17  a3ud        VALUE=    0.0000      WEIGHT=    0.0000    
        18  a4ud        VALUE=    15.659      WEIGHT=    1.1632    
        19  a5ud        VALUE=    0.0000      WEIGHT=    0.0000    
        20  a0du        VALUE=    35712.      WEIGHT=    0.0000    
        21  a1du        VALUE=    3.9744      WEIGHT=   0.53487E-01
        22  a2du        VALUE=    20.307      WEIGHT=   0.68096    
        23  a3du        VALUE=    17.000      WEIGHT=    0.0000    
        24  a4du        VALUE=    46.763      WEIGHT=    5.2636    
        25  a0g         VALUE=    46.598      WEIGHT=    0.0000    
        26  a1g         VALUE=   0.61672      WEIGHT=   0.38244E-01
        27  a2g         VALUE=    6.1855      WEIGHT=    1.1772    
        28  a3g         VALUE=   -3.2497      WEIGHT=   0.17262    
        29  a4g         VALUE=    2.9810      WEIGHT=   0.30817    
        30  a5g         VALUE=    0.0000      WEIGHT=    0.0000    
        31  kappa       VALUE=   0.40000      WEIGHT=    0.0000    
        32  a6dv        VALUE=  -0.41537E-02  WEIGHT=   0.74758E-03
        33  a7dv        VALUE=    2.0000      WEIGHT=    0.0000    
        34  x0_KP       VALUE=   0.32900      WEIGHT=   0.89707E-01
        35  C_KP        VALUE=   0.97630E-01  WEIGHT=   0.29023E-01
        36  ht1         VALUE=   -2.9782      WEIGHT=   0.23859    
        37  ht2         VALUE=    1.7289      WEIGHT=   0.10261    
        38  ht3         VALUE=   -2.0871      WEIGHT=   0.27045E-01
        39  ht4         VALUE=    0.0000      WEIGHT=    0.0000    
        40  dummy40     VALUE=    0.0000      WEIGHT=    0.0000    
        41  dummy41     VALUE=    0.0000      WEIGHT=    0.0000    
        42  dummy42     VALUE=    0.0000      WEIGHT=    0.0000    
        43  dummy43     VALUE=    0.0000      WEIGHT=    0.0000    
        44  dummy44     VALUE=    0.0000      WEIGHT=    0.0000    
        45  dummy45     VALUE=    0.0000      WEIGHT=    0.0000    
        46  dummy46     VALUE=    0.0000      WEIGHT=    0.0000    
        47  dummy47     VALUE=    0.0000      WEIGHT=    0.0000    
        48  dummy48     VALUE=    0.0000      WEIGHT=    0.0000    
        49  dummy49     VALUE=    0.0000      WEIGHT=    0.0000    
        50  bcdmsh2     VALUE=   0.97335      WEIGHT=   0.54696E-02
        51  bcdmsd2     VALUE=   0.99612      WEIGHT=   0.61678E-02
        52  ccfr        VALUE=    1.0000      WEIGHT=    0.0000    
        53  nutev       VALUE=    1.0000      WEIGHT=    0.0000    
        54  zeus        VALUE=   0.97998      WEIGHT=    0.0000    
        55  h1          VALUE=    1.0162      WEIGHT=    0.0000    
        56  e605        VALUE=    1.0319      WEIGHT=   0.28168E-01
        57  NmcH2       VALUE=    1.0166      WEIGHT=   0.76221E-02
        58  ntv_nu      VALUE=    1.0000      WEIGHT=    0.0000    
        59  ntv_nubar   VALUE=    1.0000      WEIGHT=    0.0000    
        60  cdf_jet     VALUE=   0.98910      WEIGHT=    0.0000    
        61  d0_jet      VALUE=   0.83504      WEIGHT=    0.0000    
        62  slac_p      VALUE=    1.0041      WEIGHT=   0.56170E-02
        63  slac_d      VALUE=    1.0067      WEIGHT=   0.58266E-02
        64  e866pp      VALUE=   0.97702      WEIGHT=   0.18875E-01
        65  e866pd      VALUE=   0.99185      WEIGHT=   0.17294E-01
        66  d0_gamjet   VALUE=    1.0383      WEIGHT=   0.16556E-01
        67  h1b         VALUE=   0.97608      WEIGHT=    0.0000    
        68  jlab_p      VALUE=   0.99458      WEIGHT=   0.64986E-02
        69  jlab_d      VALUE=   0.97956      WEIGHT=   0.64393E-02
        70  blank       VALUE=    1.0000      WEIGHT=    0.0000    
        71  d0run2      VALUE=   0.93436      WEIGHT=   0.15710E-01
        72  cdfrun2     VALUE=   0.92014      WEIGHT=   0.18119E-01
        73  HERA_el     VALUE=   0.99986      WEIGHT=   0.34134E-02
        74  HERA_ps     VALUE=   0.99548      WEIGHT=   0.31439E-02
        75  CDF_Z       VALUE=   0.97653      WEIGHT=   0.69817E-02
        76  NmcRat      VALUE=    1.0000      WEIGHT=    0.0000    
        77  BNS_F2nd    VALUE=   0.98405      WEIGHT=   0.63432E-02
0THE TOLERANCE IS    0.5000
 THE MAXIMUM NUMBER OF STEPS IS 100
0THE INITIAL CHI SQUARED IS  3.8573E+03
0  STEP  CHI SQUARED    PARAMETER      VALUE         ERROR
 ------------------------------------------------------------
     1    3.8526E+03
                       1  LAMBDA     2.2680E-01       FIX 
                       2  a0uv       2.5253E+00       FIX 
                       3  a1uv       6.2480E-01           
                       4  a2uv       3.5366E+00           
                       5  a3uv       0.0000E+00       FIX 
                       6  a4uv       3.1715E+00           
                       7  a5uv       0.0000E+00       FIX 
                       8  a0dv       2.2489E+01       FIX 
                       9  a1dv       1.1310E+00           
                      10  a2dv       6.5981E+00           
                      11  a3dv      -3.6325E+00           
                      12  a4dv       5.0861E+00           
                      13  a5dv       0.0000E+00       FIX 
                      14  a0ud       1.4153E-01           
                      15  a1ud      -2.1770E-01           
                      16  a2ud       8.4812E+00           
                      17  a3ud       0.0000E+00       FIX 
                      18  a4ud       1.6101E+01           
                      19  a5ud       0.0000E+00       FIX 
                      20  a0du       3.5712E+04       FIX 
                      21  a1du       3.9646E+00           
                      22  a2du       2.0325E+01           
                      23  a3du       1.7000E+01       FIX 
                      24  a4du       4.5569E+01           
                      25  a0g        4.7666E+01       FIX 
                      26  a1g        6.2468E-01           
                      27  a2g        6.6834E+00           
                      28  a3g       -3.2156E+00           
                      29  a4g        3.0091E+00           
                      30  a5g        0.0000E+00       FIX 
                      31  kappa      4.0000E-01       FIX 
                      32  a6dv      -5.2821E-03           
                      33  a7dv       2.0000E+00       FIX 
                      34  x0_KP      4.3626E-01           
                      35  C_KP       6.5876E-02           
                      36  ht1       -3.1283E+00           
                      37  ht2        1.7767E+00           
                      38  ht3       -2.0800E+00           
                      39  ht4        0.0000E+00       FIX 
                      40  dummy40    0.0000E+00       FIX 
                      41  dummy41    0.0000E+00       FIX 
                      42  dummy42    0.0000E+00       FIX 
                      43  dummy43    0.0000E+00       FIX 
                      44  dummy44    0.0000E+00       FIX 
                      45  dummy45    0.0000E+00       FIX 
                      46  dummy46    0.0000E+00       FIX 
                      47  dummy47    0.0000E+00       FIX 
                      48  dummy48    0.0000E+00       FIX 
                      49  dummy49    0.0000E+00       FIX 
                      50  bcdmsh2    9.7097E-01           
                      51  bcdmsd2    9.9532E-01           
                      52  ccfr       1.0000E+00       FIX 
                      53  nutev      1.0000E+00       FIX 
                      54  zeus       9.7998E-01       FIX 
                      55  h1         1.0162E+00       FIX 
                      56  e605       1.0150E+00           
                      57  NmcH2      1.0160E+00           
                      58  ntv_nu     1.0000E+00       FIX 
                      59  ntv_nuba   1.0000E+00       FIX 
                      60  cdf_jet    9.8910E-01       FIX 
                      61  d0_jet     8.3504E-01       FIX 
                      62  slac_p     1.0013E+00           
                      63  slac_d     1.0050E+00           
                      64  e866pp     9.6983E-01           
                      65  e866pd     9.8590E-01           
                      66  d0_gamje   1.0368E+00           
                      67  h1b        9.7608E-01       FIX 
                      68  jlab_p     9.9221E-01           
                      69  jlab_d     9.7802E-01           
                      70  blank      1.0000E+00       FIX 
                      71  d0run2     9.3498E-01           
                      72  cdfrun2    9.2129E-01           
                      73  HERA_el    9.9979E-01           
                      74  HERA_ps    9.9507E-01           
                      75  CDF_Z      9.7523E-01           
                      76  NmcRat     1.0000E+00       FIX 
                      77  BNS_F2nd   9.9462E-01           
 ------------------------------------------------------------
     2    3.8510E+03
                       1  LAMBDA     2.2680E-01       FIX 
                       2  a0uv       2.5617E+00       FIX 
                       3  a1uv       6.2832E-01           
                       4  a2uv       3.5369E+00           
                       5  a3uv       0.0000E+00       FIX 
                       6  a4uv       3.1138E+00           
                       7  a5uv       0.0000E+00       FIX 
                       8  a0dv       2.2240E+01       FIX 
                       9  a1dv       1.1258E+00           
                      10  a2dv       6.6083E+00           
                      11  a3dv      -3.6527E+00           
                      12  a4dv       5.1322E+00           
                      13  a5dv       0.0000E+00       FIX 
                      14  a0ud       1.4132E-01           
                      15  a1ud      -2.1784E-01           
                      16  a2ud       8.4891E+00           
                      17  a3ud       0.0000E+00       FIX 
                      18  a4ud       1.6193E+01           
                      19  a5ud       0.0000E+00       FIX 
                      20  a0du       3.5712E+04       FIX 
                      21  a1du       3.9584E+00           
                      22  a2du       2.0333E+01           
                      23  a3du       1.7000E+01       FIX 
                      24  a4du       4.5844E+01           
                      25  a0g        4.8490E+01       FIX 
                      26  a1g        6.2348E-01           
                      27  a2g        6.6489E+00           
                      28  a3g       -3.2585E+00           
                      29  a4g        3.0672E+00           
                      30  a5g        0.0000E+00       FIX 
                      31  kappa      4.0000E-01       FIX 
                      32  a6dv      -5.6183E-03           
                      33  a7dv       2.0000E+00       FIX 
                      34  x0_KP      4.7519E-01           
                      35  C_KP       5.7856E-02           
                      36  ht1       -3.1284E+00           
                      37  ht2        1.7706E+00           
                      38  ht3       -2.0792E+00           
                      39  ht4        0.0000E+00       FIX 
                      40  dummy40    0.0000E+00       FIX 
                      41  dummy41    0.0000E+00       FIX 
                      42  dummy42    0.0000E+00       FIX 
                      43  dummy43    0.0000E+00       FIX 
                      44  dummy44    0.0000E+00       FIX 
                      45  dummy45    0.0000E+00       FIX 
                      46  dummy46    0.0000E+00       FIX 
                      47  dummy47    0.0000E+00       FIX 
                      48  dummy48    0.0000E+00       FIX 
                      49  dummy49    0.0000E+00       FIX 
                      50  bcdmsh2    9.7137E-01           
                      51  bcdmsd2    9.9565E-01           
                      52  ccfr       1.0000E+00       FIX 
                      53  nutev      1.0000E+00       FIX 
                      54  zeus       9.7998E-01       FIX 
                      55  h1         1.0162E+00       FIX 
                      56  e605       1.0145E+00           
                      57  NmcH2      1.0166E+00           
                      58  ntv_nu     1.0000E+00       FIX 
                      59  ntv_nuba   1.0000E+00       FIX 
                      60  cdf_jet    9.8910E-01       FIX 
                      61  d0_jet     8.3504E-01       FIX 
                      62  slac_p     1.0017E+00           
                      63  slac_d     1.0052E+00           
                      64  e866pp     9.6961E-01           
                      65  e866pd     9.8682E-01           
                      66  d0_gamje   1.0370E+00           
                      67  h1b        9.7608E-01       FIX 
                      68  jlab_p     9.9256E-01           
                      69  jlab_d     9.7801E-01           
                      70  blank      1.0000E+00       FIX 
                      71  d0run2     9.3329E-01           
                      72  cdfrun2    9.1974E-01           
                      73  HERA_el    9.9982E-01           
                      74  HERA_ps    9.9512E-01           
                      75  CDF_Z      9.7555E-01           
                      76  NmcRat     1.0000E+00       FIX 
                      77  BNS_F2nd   9.9371E-01           
 ------------------------------------------------------------
     3    3.8507E+03
                       1  LAMBDA     2.2680E-01    0.0000E+00
                       2  a0uv       2.5730E+00    0.0000E+00
                       3  a1uv       6.2941E-01    2.2654E-02
                       4  a2uv       3.5363E+00    1.5956E-02
                       5  a3uv       0.0000E+00    0.0000E+00
                       6  a4uv       3.0942E+00    4.4592E-01
                       7  a5uv       0.0000E+00    0.0000E+00
                       8  a0dv       2.2355E+01    0.0000E+00
                       9  a1dv       1.1274E+00    5.4618E-02
                      10  a2dv       6.6096E+00    1.8536E-01
                      11  a3dv      -3.6498E+00    1.1515E-01
                      12  a4dv       5.1221E+00    2.5543E-01
                      13  a5dv       0.0000E+00    0.0000E+00
                      14  a0ud       1.4150E-01    5.3749E-03
                      15  a1ud      -2.1772E-01    4.1556E-03
                      16  a2ud       8.4862E+00    1.6860E-01
                      17  a3ud       0.0000E+00    0.0000E+00
                      18  a4ud       1.6149E+01    1.4048E+00
                      19  a5ud       0.0000E+00    0.0000E+00
                      20  a0du       3.5712E+04    0.0000E+00
                      21  a1du       3.9586E+00    5.0969E-02
                      22  a2du       2.0321E+01    6.8315E-01
                      23  a3du       1.7000E+01    0.0000E+00
                      24  a4du       4.5815E+01    6.7590E+00
                      25  a0g        4.8318E+01    0.0000E+00
                      26  a1g        6.2475E-01    4.0964E-02
                      27  a2g        6.6757E+00    1.3147E+00
                      28  a3g       -3.2467E+00    2.0397E-01
                      29  a4g        3.0560E+00    3.7509E-01
                      30  a5g        0.0000E+00    0.0000E+00
                      31  kappa      4.0000E-01    0.0000E+00
                      32  a6dv      -5.6045E-03    2.0995E-03
                      33  a7dv       2.0000E+00    0.0000E+00
                      34  x0_KP      4.8694E-01    2.2976E-01
                      35  C_KP       5.7097E-02    6.8456E-02
                      36  ht1       -3.1256E+00    2.5189E-01
                      37  ht2        1.7687E+00    1.0020E-01
                      38  ht3       -2.0793E+00    2.7572E-02
                      39  ht4        0.0000E+00    0.0000E+00
                      40  dummy40    0.0000E+00    0.0000E+00
                      41  dummy41    0.0000E+00    0.0000E+00
                      42  dummy42    0.0000E+00    0.0000E+00
                      43  dummy43    0.0000E+00    0.0000E+00
                      44  dummy44    0.0000E+00    0.0000E+00
                      45  dummy45    0.0000E+00    0.0000E+00
                      46  dummy46    0.0000E+00    0.0000E+00
                      47  dummy47    0.0000E+00    0.0000E+00
                      48  dummy48    0.0000E+00    0.0000E+00
                      49  dummy49    0.0000E+00    0.0000E+00
                      50  bcdmsh2    9.7149E-01    5.5004E-03
                      51  bcdmsd2    9.9575E-01    6.2028E-03
                      52  ccfr       1.0000E+00    0.0000E+00
                      53  nutev      1.0000E+00    0.0000E+00
                      54  zeus       9.7998E-01    0.0000E+00
                      55  h1         1.0162E+00    0.0000E+00
                      56  e605       1.0142E+00    2.9801E-02
                      57  NmcH2      1.0167E+00    7.7106E-03
                      58  ntv_nu     1.0000E+00    0.0000E+00
                      59  ntv_nuba   1.0000E+00    0.0000E+00
                      60  cdf_jet    9.8910E-01    0.0000E+00
                      61  d0_jet     8.3504E-01    0.0000E+00
                      62  slac_p     1.0018E+00    5.5827E-03
                      63  slac_d     1.0053E+00    5.8112E-03
                      64  e866pp     9.6926E-01    2.0488E-02
                      65  e866pd     9.8657E-01    2.0201E-02
                      66  d0_gamje   1.0371E+00    1.6653E-02
                      67  h1b        9.7608E-01    0.0000E+00
                      68  jlab_p     9.9265E-01    6.4926E-03
                      69  jlab_d     9.7807E-01    6.4815E-03
                      70  blank      1.0000E+00    0.0000E+00
                      71  d0run2     9.3333E-01    1.5581E-02
                      72  cdfrun2    9.1973E-01    1.8074E-02
                      73  HERA_el    9.9982E-01    3.4139E-03
                      74  HERA_ps    9.9514E-01    3.1459E-03
                      75  CDF_Z      9.7578E-01    7.0820E-03
                      76  NmcRat     1.0000E+00    0.0000E+00
                      77  BNS_F2nd   9.9385E-01    1.3525E-02
0 MINIMIZATION TERMINATED WITH STEP  3
  TOLERANCE CRITERION      SATISFIED
0 CHI SQUARED PER DEGREE OF FREEDOM IS  9.791E-01
   1.000 -0.276 -0.971  0.320  0.103  0.180 -0.420  0.520  0.465 -0.333 -0.581 -0.018 -0.190  0.162  0.186  0.026 -0.019 -0.034  0.068  0.063 -0.163  0.106 -0.285 -0.078  0.353  0.284 -0.192  0.141  0.329  0.260 -0.317 -0.292  0.137  0.268  0.215 -0.078 -0.093  0.033  0.107  0.333 -0.092
  -0.276  1.000  0.458 -0.154  0.282 -0.347  0.333 -0.143 -0.136  0.296  0.263  0.070  0.042 -0.010  0.015  0.117 -0.002  0.096 -0.588 -0.071 -0.480 -0.338  0.237 -0.019  0.119  0.067 -0.038  0.069  0.073  0.017  0.177  0.146  0.030  0.199  0.051  0.008  0.010  0.006  0.006 -0.121 -0.339
  -0.971  0.458  1.000 -0.327 -0.028 -0.244  0.470 -0.497 -0.448  0.393  0.623  0.024  0.204 -0.147 -0.159  0.017  0.024  0.048 -0.148 -0.103  0.082 -0.154  0.297  0.091 -0.212 -0.186  0.214 -0.061 -0.184 -0.151  0.408  0.383 -0.110 -0.121 -0.118  0.047  0.064 -0.024 -0.073 -0.260  0.002
   0.320 -0.154 -0.327  1.000  0.662 -0.000 -0.599  0.289  0.253 -0.291 -0.436  0.325 -0.270  0.253  0.239  0.157 -0.008  0.051  0.544  0.259  0.277 -0.208  0.095  0.288  0.135  0.110 -0.192 -0.009  0.093  0.130 -0.203 -0.321  0.013  0.017  0.083 -0.063 -0.054  0.004  0.049  0.283  0.344
   0.103  0.282 -0.028  0.662  1.000 -0.645  0.091  0.012 -0.004  0.081 -0.012  0.150 -0.088  0.270  0.231  0.114 -0.254  0.265  0.083 -0.118 -0.041 -0.070 -0.064  0.014  0.141  0.113 -0.089  0.101  0.063  0.065 -0.008 -0.083  0.036  0.069 -0.026  0.036  0.011  0.010  0.045  0.097 -0.126
   0.180 -0.347 -0.244 -0.000 -0.645  1.000 -0.721  0.325  0.310 -0.297 -0.447  0.171 -0.100 -0.191 -0.110 -0.107  0.279 -0.320  0.253  0.181  0.251  0.048  0.001  0.110 -0.058 -0.055 -0.201 -0.206 -0.037 -0.007 -0.248 -0.295 -0.004 -0.084  0.067 -0.074 -0.041 -0.010 -0.019  0.060  0.267
  -0.420  0.333  0.470 -0.599  0.091 -0.721  1.000 -0.447 -0.410  0.556  0.706 -0.368  0.330 -0.047 -0.107  0.002 -0.117  0.141 -0.457 -0.238 -0.166  0.077 -0.082 -0.124 -0.010  0.024  0.218  0.182 -0.026 -0.014  0.370  0.477 -0.028  0.031 -0.057  0.044  0.030  0.004 -0.004 -0.124 -0.229
   0.520 -0.143 -0.497  0.289  0.012  0.325 -0.447  1.000  0.976 -0.420 -0.811  0.143 -0.178 -0.036 -0.090 -0.003  0.208 -0.174  0.124  0.101 -0.024 -0.060 -0.011  0.084  0.268  0.223 -0.069  0.153  0.256  0.231 -0.129 -0.150  0.113  0.191  0.199  0.013  0.010  0.018  0.080  0.339  0.053
   0.465 -0.136 -0.448  0.253 -0.004  0.310 -0.410  0.976  1.000 -0.379 -0.770  0.126 -0.158 -0.039 -0.180 -0.058  0.222 -0.207  0.112  0.089 -0.018 -0.054 -0.007  0.069  0.225  0.188 -0.075  0.137  0.210  0.191 -0.133 -0.153  0.101  0.154  0.165  0.028  0.022  0.014  0.006  0.285  0.049
  -0.333  0.296  0.393 -0.291  0.081 -0.297  0.556 -0.420 -0.379  1.000  0.727 -0.270  0.385 -0.097 -0.088 -0.203 -0.307  0.160 -0.178 -0.251  0.031  0.166 -0.099 -0.163 -0.037  0.019 -0.302  0.085 -0.053  0.006  0.134  0.171 -0.018 -0.015 -0.011  0.174  0.106 -0.007 -0.052 -0.117 -0.140
  -0.581  0.263  0.623 -0.436 -0.012 -0.447  0.706 -0.811 -0.770  0.727  1.000 -0.262  0.345 -0.064 -0.048 -0.060 -0.163  0.094 -0.200 -0.221  0.046  0.131 -0.092 -0.032  0.000  0.049  0.209  0.140  0.025  0.088  0.475  0.543 -0.091  0.035  0.055 -0.042 -0.055  0.001 -0.002 -0.043 -0.089
  -0.018  0.070  0.024  0.325  0.150  0.171 -0.368  0.143  0.126 -0.270 -0.262  1.000 -0.812 -0.169  0.113 -0.001 -0.032  0.006  0.140  0.068  0.047 -0.088  0.100  0.040 -0.052 -0.025 -0.038 -0.081 -0.028 -0.010  0.004 -0.163 -0.006 -0.016 -0.005  0.012  0.008 -0.004  0.002  0.006  0.089
  -0.190  0.042  0.204 -0.270 -0.088 -0.100  0.330 -0.178 -0.158  0.385  0.345 -0.812  1.000  0.146 -0.160 -0.068  0.058 -0.077 -0.126 -0.095 -0.019  0.120 -0.138 -0.054  0.079  0.045  0.028  0.089  0.065  0.040  0.190  0.213 -0.005  0.064  0.028 -0.032 -0.029  0.005  0.023 -0.002 -0.094
   0.162 -0.010 -0.147  0.253  0.270 -0.191 -0.047 -0.036 -0.039 -0.097 -0.064 -0.169  0.146  1.000  0.084  0.070 -0.169  0.186  0.145  0.142  0.096  0.013 -0.058 -0.167  0.129 -0.002  0.033  0.190  0.131 -0.010  0.031 -0.089  0.044  0.149  0.017  0.048  0.026  0.012  0.041 -0.004  0.015
   0.186  0.015 -0.159  0.239  0.231 -0.110 -0.107 -0.090 -0.180 -0.088 -0.048  0.113 -0.160  0.084  1.000  0.653 -0.509  0.752  0.049  0.044 -0.072 -0.004  0.032 -0.020  0.110  0.062 -0.033 -0.084  0.139  0.092 -0.086 -0.095  0.037  0.119  0.065  0.007  0.015  0.011  0.042  0.071 -0.031
   0.026  0.117  0.017  0.157  0.114 -0.107  0.002 -0.003 -0.058 -0.203 -0.060 -0.001 -0.068  0.070  0.653  1.000  0.107  0.501 -0.026  0.335 -0.077 -0.295  0.325  0.291  0.162  0.077  0.065  0.023  0.259  0.178  0.085  0.106  0.011  0.217  0.147 -0.248 -0.125  0.015  0.085  0.179  0.219
  -0.019 -0.002  0.024 -0.008 -0.254  0.279 -0.117  0.208  0.222 -0.307 -0.163 -0.032  0.058 -0.169 -0.509  0.107  1.000 -0.788  0.009  0.396  0.074 -0.366  0.233  0.521  0.116  0.089  0.112  0.127  0.172  0.174  0.196  0.214 -0.046  0.119  0.168 -0.494 -0.335  0.016  0.099  0.346  0.405
  -0.034  0.096  0.048  0.051  0.265 -0.320  0.141 -0.174 -0.207  0.160  0.094  0.006 -0.077  0.186  0.752  0.501 -0.788  1.000 -0.057 -0.145 -0.132  0.123  0.050 -0.312 -0.074 -0.098 -0.089 -0.127 -0.064 -0.122 -0.159 -0.161  0.050 -0.024 -0.121  0.342  0.273 -0.013 -0.071 -0.293 -0.238
   0.068 -0.588 -0.148  0.544  0.083  0.253 -0.457  0.124  0.112 -0.178 -0.200  0.140 -0.126  0.145  0.049 -0.026  0.009 -0.057  1.000 -0.066  0.822 -0.155  0.125  0.351  0.056 -0.017 -0.017 -0.022  0.040  0.077 -0.068 -0.108 -0.027 -0.058  0.113 -0.097 -0.059 -0.003  0.027  0.233  0.370
   0.063 -0.071 -0.103  0.259 -0.118  0.181 -0.238  0.101  0.089 -0.251 -0.221  0.068 -0.095  0.142  0.044  0.335  0.396 -0.145 -0.066  1.000 -0.080 -0.258  0.254  0.404  0.001 -0.061 -0.086 -0.039  0.039 -0.107 -0.064 -0.112 -0.043 -0.019 -0.142 -0.118 -0.074 -0.006 -0.006  0.136  0.695
  -0.163 -0.480  0.082  0.277 -0.041  0.251 -0.166 -0.024 -0.018  0.031  0.046  0.047 -0.019  0.096 -0.072 -0.077  0.074 -0.132  0.822 -0.080  1.000 -0.034  0.018  0.344  0.007 -0.037  0.029 -0.003 -0.051  0.084  0.054  0.039 -0.069 -0.173  0.142 -0.112 -0.068 -0.007  0.018  0.222  0.474
   0.106 -0.338 -0.154 -0.208 -0.070  0.048  0.077 -0.060 -0.054  0.166  0.131 -0.088  0.120  0.013 -0.004 -0.295 -0.366  0.123 -0.155 -0.258 -0.034  1.000 -0.829 -0.534 -0.028  0.016  0.061  0.035 -0.052 -0.024  0.044  0.052  0.020 -0.156 -0.151  0.196  0.101  0.002 -0.006 -0.052 -0.242
  -0.285  0.237  0.297  0.095 -0.064  0.001 -0.082 -0.011 -0.007 -0.099 -0.092  0.100 -0.138 -0.058  0.032  0.325  0.233  0.050  0.125  0.254  0.018 -0.829  1.000  0.259 -0.137 -0.180 -0.118 -0.142  0.024 -0.031 -0.107 -0.112 -0.025  0.074  0.069 -0.020  0.044 -0.020 -0.078 -0.174  0.209
  -0.078 -0.019  0.091  0.288  0.014  0.110 -0.124  0.084  0.069 -0.163 -0.032  0.040 -0.054 -0.167 -0.020  0.291  0.521 -0.312  0.351  0.404  0.344 -0.534  0.259  1.000  0.197  0.100  0.125  0.074  0.071  0.061  0.183  0.219 -0.062 -0.026  0.053 -0.376 -0.257  0.012  0.095  0.428  0.559
   0.353  0.119 -0.212  0.135  0.141 -0.058 -0.010  0.268  0.225 -0.037  0.000 -0.052  0.079  0.129  0.110  0.162  0.116 -0.074  0.056  0.001  0.007 -0.028 -0.137  0.197  1.000  0.570  0.322  0.439  0.757  0.676  0.461  0.478  0.096  0.630  0.565 -0.209 -0.197  0.047  0.200  0.620 -0.018
   0.284  0.067 -0.186  0.110  0.113 -0.055  0.024  0.223  0.188  0.019  0.049 -0.025  0.045 -0.002  0.062  0.077  0.089 -0.098 -0.017 -0.061 -0.037  0.016 -0.180  0.100  0.570  1.000  0.293  0.388  0.609  0.699  0.410  0.440  0.059  0.517  0.590 -0.162 -0.166  0.039  0.173  0.576  0.016
  -0.192 -0.038  0.214 -0.192 -0.089 -0.201  0.218 -0.069 -0.075 -0.302  0.209 -0.038  0.028  0.033 -0.033  0.065  0.112 -0.089 -0.017 -0.086  0.029  0.061 -0.118  0.125  0.322  0.293  1.000  0.306  0.362  0.373  0.622  0.672 -0.023  0.272  0.300 -0.169 -0.148  0.026  0.125  0.337 -0.022
   0.141  0.069 -0.061 -0.009  0.101 -0.206  0.182  0.153  0.137  0.085  0.140 -0.081  0.089  0.190 -0.084  0.023  0.127 -0.127 -0.022 -0.039 -0.003  0.035 -0.142  0.074  0.439  0.388  0.306  1.000  0.476  0.461  0.456  0.473  0.050  0.395  0.377 -0.144 -0.139  0.036  0.163  0.454 -0.024
   0.329  0.073 -0.184  0.093  0.063 -0.037 -0.026  0.256  0.210 -0.053  0.025 -0.028  0.065  0.131  0.139  0.259  0.172 -0.064  0.040  0.039 -0.051 -0.052  0.024  0.071  0.757  0.609  0.362  0.476  1.000  0.835  0.542  0.559  0.098  0.802  0.705 -0.248 -0.225  0.051  0.218  0.646 -0.020
   0.260  0.017 -0.151  0.130  0.065 -0.007 -0.014  0.231  0.191  0.006  0.088 -0.010  0.040 -0.010  0.092  0.178  0.174 -0.122  0.077 -0.107  0.084 -0.024 -0.031  0.061  0.676  0.699  0.373  0.461  0.835  1.000  0.536  0.574  0.055  0.683  0.850 -0.254 -0.233  0.046  0.217  0.706  0.062
  -0.317  0.177  0.408 -0.203 -0.008 -0.248  0.370 -0.129 -0.133  0.134  0.475  0.004  0.190  0.031 -0.086  0.085  0.196 -0.159 -0.068 -0.064  0.054  0.044 -0.107  0.183  0.461  0.410  0.622  0.456  0.542  0.536  1.000  0.831 -0.019  0.444  0.431 -0.246 -0.214  0.036  0.184  0.476  0.021
  -0.292  0.146  0.383 -0.321 -0.083 -0.295  0.477 -0.150 -0.153  0.171  0.543 -0.163  0.213 -0.089 -0.095  0.106  0.214 -0.161 -0.108 -0.112  0.039  0.052 -0.112  0.219  0.478  0.440  0.672  0.473  0.559  0.574  0.831  1.000 -0.022  0.444  0.458 -0.265 -0.228  0.038  0.184  0.513 -0.001
   0.137  0.030 -0.110  0.013  0.036 -0.004 -0.028  0.113  0.101 -0.018 -0.091 -0.006 -0.005  0.044  0.037  0.011 -0.046  0.050 -0.027 -0.043 -0.069  0.020 -0.025 -0.062  0.096  0.059 -0.023  0.050  0.098  0.055 -0.019 -0.022  1.000  0.097  0.046  0.051  0.036  0.004  0.004  0.023 -0.096
   0.268  0.199 -0.121  0.017  0.069 -0.084  0.031  0.191  0.154 -0.015  0.035 -0.016  0.064  0.149  0.119  0.217  0.119 -0.024 -0.058 -0.019 -0.173 -0.156  0.074 -0.026  0.630  0.517  0.272  0.395  0.802  0.683  0.444  0.444  0.097  1.000  0.619 -0.191 -0.174  0.043  0.175  0.468 -0.138
   0.215  0.051 -0.118  0.083 -0.026  0.067 -0.057  0.199  0.165 -0.011  0.055 -0.005  0.028  0.017  0.065  0.147  0.168 -0.121  0.113 -0.142  0.142 -0.151  0.069  0.053  0.565  0.590  0.300  0.377  0.705  0.850  0.431  0.458  0.046  0.619  1.000 -0.229 -0.203  0.038  0.181  0.581  0.046
  -0.078  0.008  0.047 -0.063  0.036 -0.074  0.044  0.013  0.028  0.174 -0.042  0.012 -0.032  0.048  0.007 -0.248 -0.494  0.342 -0.097 -0.118 -0.112  0.196 -0.020 -0.376 -0.209 -0.162 -0.169 -0.144 -0.248 -0.254 -0.246 -0.265  0.051 -0.191 -0.229  1.000  0.377 -0.032 -0.174 -0.400 -0.185
  -0.093  0.010  0.064 -0.054  0.011 -0.041  0.030  0.010  0.022  0.106 -0.055  0.008 -0.029  0.026  0.015 -0.125 -0.335  0.273 -0.059 -0.074 -0.068  0.101  0.044 -0.257 -0.197 -0.166 -0.148 -0.139 -0.225 -0.233 -0.214 -0.228  0.036 -0.174 -0.203  0.377  1.000 -0.028 -0.144 -0.337 -0.120
   0.033  0.006 -0.024  0.004  0.010 -0.010  0.004  0.018  0.014 -0.007  0.001 -0.004  0.005  0.012  0.011  0.015  0.016 -0.013 -0.003 -0.006 -0.007  0.002 -0.020  0.012  0.047  0.039  0.026  0.036  0.051  0.046  0.036  0.038  0.004  0.043  0.038 -0.032 -0.028  1.000  0.023  0.051 -0.009
   0.107  0.006 -0.073  0.049  0.045 -0.019 -0.004  0.080  0.006 -0.052 -0.002  0.002  0.023  0.041  0.042  0.085  0.099 -0.071  0.027 -0.006  0.018 -0.006 -0.078  0.095  0.200  0.173  0.125  0.163  0.218  0.217  0.184  0.184  0.004  0.175  0.181 -0.174 -0.144  0.023  1.000  0.268  0.014
   0.333 -0.121 -0.260  0.283  0.097  0.060 -0.124  0.339  0.285 -0.117 -0.043  0.006 -0.002 -0.004  0.071  0.179  0.346 -0.293  0.233  0.136  0.222 -0.052 -0.174  0.428  0.620  0.576  0.337  0.454  0.646  0.706  0.476  0.513  0.023  0.468  0.581 -0.400 -0.337  0.051  0.268  1.000  0.291
  -0.092 -0.339  0.002  0.344 -0.126  0.267 -0.229  0.053  0.049 -0.140 -0.089  0.089 -0.094  0.015 -0.031  0.219  0.405 -0.238  0.370  0.695  0.474 -0.242  0.209  0.559 -0.018  0.016 -0.022 -0.024 -0.020  0.062  0.021 -0.001 -0.096 -0.138  0.046 -0.185 -0.120 -0.009  0.014  0.291  1.000

0                ***   ***   ***  ***   ***   ***



     X        Q2         W2       THEORY         DATA         ERROR        chi^2     _w    ITYPE
.4831E+00     3.585  0.472E+01   0.17928E+00   0.18590E+00    0.56080E-02  -1.40          jl00106F2p
.4904E+00     3.624  0.465E+01   0.17439E+00   0.18170E+00    0.55227E-02  -1.75          jl00106F2p
.4978E+00     3.663  0.458E+01   0.16947E+00   0.17590E+00    0.53000E-02  -1.47          jl00106F2p
.5052E+00     3.702  0.451E+01   0.16461E+00   0.16780E+00    0.50774E-02  -0.40          jl00106F2p
.5127E+00     3.740  0.444E+01   0.15973E+00   0.16030E+00    0.48549E-02  -0.01          jl00106F2p
.5202E+00     3.779  0.437E+01   0.15490E+00   0.15490E+00    0.47707E-02  -0.00          jl00106F2p
.5278E+00     3.818  0.430E+01   0.15007E+00   0.15390E+00    0.46872E-02  -0.67          jl00106F2p
.5355E+00     3.857  0.423E+01   0.14524E+00   0.14960E+00    0.45486E-02  -0.92          jl00106F2p
.5433E+00     3.895  0.416E+01   0.14041E+00   0.13750E+00    0.42438E-02   0.47          jl00106F2p
.5511E+00     3.934  0.409E+01   0.13566E+00   0.13020E+00    0.40224E-02   1.84          jl00106F2p
.5590E+00     3.973  0.402E+01   0.13092E+00   0.12690E+00    0.40224E-02   1.00          jl00106F2p
.5669E+00     4.012  0.395E+01   0.12625E+00   0.12380E+00    0.39408E-02   0.39          jl00106F2p
.5749E+00     4.051  0.388E+01   0.12161E+00   0.12040E+00    0.38013E-02   0.10          jl00106F2p
.5830E+00     4.089  0.381E+01   0.11701E+00   0.11930E+00    0.38013E-02  -0.36          jl00106F2p
.5912E+00     4.128  0.374E+01   0.11244E+00   0.11430E+00    0.35805E-02  -0.27          jl00106F2p
.5995E+00     4.167  0.367E+01   0.10792E+00   0.10560E+00    0.33601E-02   0.48          jl00106F2p
.6000E+00     4.169  0.366E+01   0.10764E+00   0.10820E+00    0.31765E-02  -0.03          jl00106F2p
.6097E+00     4.214  0.358E+01   0.10248E+00   0.10210E+00    0.30017E-02   0.02          jl00106F2p
.6195E+00     4.259  0.350E+01   0.97399E-01   0.97600E-01    0.28653E-02  -0.00          jl00106F2p
.6293E+00     4.304  0.342E+01   0.92453E-01   0.89300E-01    0.26420E-02   1.42          jl00106F2p
.6393E+00     4.349  0.334E+01   0.87554E-01   0.86400E-01    0.25554E-02   0.20          jl00106F2p
.6494E+00     4.395  0.325E+01   0.82753E-01   0.79900E-01    0.24187E-02   1.39          jl00106F2p
.6597E+00     4.440  0.317E+01   0.78022E-01   0.76600E-01    0.23324E-02   0.37          jl00106F2p
.6700E+00     4.485  0.309E+01   0.73442E-01   0.76100E-01    0.23324E-02  -1.30          jl00106F2p
.6804E+00     4.530  0.301E+01   0.68979E-01   0.73900E-01    0.22472E-02  -4.80          jl00106F2p
.5300E+00     3.995  0.442E+01   0.14704E+00   0.15580E+00    0.52498E-02  -2.79          jl00106F2p
.5379E+00     4.039  0.435E+01   0.14206E+00   0.14340E+00    0.48918E-02  -0.07          jl00106F2p
.5458E+00     4.082  0.428E+01   0.13717E+00   0.13850E+00    0.47508E-02  -0.08          jl00106F2p
.5538E+00     4.125  0.421E+01   0.13229E+00   0.13450E+00    0.46755E-02  -0.22          jl00106F2p
.5619E+00     4.168  0.413E+01   0.12743E+00   0.13210E+00    0.45343E-02  -1.06          jl00106F2p
.5700E+00     4.211  0.406E+01   0.12266E+00   0.12320E+00    0.43186E-02  -0.02          jl00106F2p
.5782E+00     4.255  0.399E+01   0.11792E+00   0.11910E+00    0.41773E-02  -0.08          jl00106F2p
