 Correlated errors added in quadrature with statistical errors
 jl00106F2p DIS data with   1.69< Q2 < 0.500D+03 and 0.000 < xB < 1.000 and   3.00< W2 < 0.100D+04 and 0.000 < y < 1.000
   GP TMC applied
   HT corrections, multiplicative C=C(xB)
 Correlated errors added in quadrature with statistical errors
 jl00106F2d DIS data with   1.69< Q2 < 0.500D+03 and 0.000 < xB < 1.000 and   3.00< W2 < 0.100D+04 and 0.000 < y < 1.000
   WBArel smearing  (AV18) - KP off-shell param nuke corrections
   GP TMC applied
   HT corrections, multiplicative C=C(xB)
 Correlated errors added in quadrature with statistical errors
 slac_p     DIS data with   1.69< Q2 < 0.500D+03 and 0.000 < xB < 1.000 and   3.00< W2 < 0.100D+04 and 0.000 < y < 1.000
   GP TMC applied
   HT corrections, multiplicative C=C(xB)
 Correlated errors added in quadrature with statistical errors
 slac_d     DIS data with   1.69< Q2 < 0.500D+03 and 0.000 < xB < 1.000 and   3.00< W2 < 0.100D+04 and 0.000 < y < 1.000
   WBArel smearing  (AV18) - KP off-shell param nuke corrections
   GP TMC applied
   HT corrections, multiplicative C=C(xB)
 Correlated errors treated separately from statistical errors
 BcdF2pCor  DIS data with   1.69< Q2 < 0.500D+03 and 0.000 < xB < 1.000 and   3.00< W2 < 0.100D+04 and 0.000 < y < 1.000
   GP TMC applied
   HT corrections, multiplicative C=C(xB)
 Correlated errors treated separately from statistical errors
 BcdF2dCor  DIS data with   1.69< Q2 < 0.500D+03 and 0.000 < xB < 1.000 and   3.00< W2 < 0.100D+04 and 0.000 < y < 1.000
   WBArel smearing  (AV18) - KP off-shell param nuke corrections
   GP TMC applied
   HT corrections, multiplicative C=C(xB)
 Correlated errors treated separately from statistical errors
 NmcF2pCor  DIS data with   1.69< Q2 < 0.500D+03 and 0.000 < xB < 1.000 and   3.00< W2 < 0.100D+04 and 0.000 < y < 1.000
   GP TMC applied
   HT corrections, multiplicative C=C(xB)
 Correlated errors treated separately from statistical errors
 NmcRatCor  DIS data with   1.69< Q2 < 0.500D+03 and 0.000 < xB < 1.000 and   3.00< W2 < 0.100D+04 and 0.000 < y < 1.000
   WBArel smearing  (AV18) - KP off-shell param nuke corrections
   GP TMC applied
   HT corrections, multiplicative C=C(xB)
 Correlated errors treated separately from statistical errors
 H_nc_el_c  DIS data with   1.69< Q2 < 0.100D+06 and 0.000 < xB < 1.000 and   3.00< W2 < 0.100D+08 and 0.000 < y < 1.000
   GP TMC applied
   HT corrections, multiplicative C=C(xB)
 Correlated errors treated separately from statistical errors
 H_nc_ps_c  DIS data with   1.69< Q2 < 0.100D+06 and 0.000 < xB < 1.000 and   3.00< W2 < 0.100D+08 and 0.000 < y < 1.000
   GP TMC applied
   HT corrections, multiplicative C=C(xB)
 Correlated errors treated separately from statistical errors
 H_cc_el_c  DIS data with   1.69< Q2 < 0.100D+06 and 0.000 < xB < 1.000 and   3.00< W2 < 0.100D+08 and 0.000 < y < 1.000
   GP TMC applied
   HT corrections, multiplicative C=C(xB)
 Correlated errors treated separately from statistical errors
 H_cc_ps_c  DIS data with   1.69< Q2 < 0.100D+06 and 0.000 < xB < 1.000 and   3.00< W2 < 0.100D+08 and 0.000 < y < 1.000
   GP TMC applied
   HT corrections, multiplicative C=C(xB)
 Correlated errors added in quadrature with statistical errors
 e605       vector boson data with Q2 >=   0.00
 Correlated errors added in quadrature with statistical errors
 e866pp06xf vector boson data with Q2 >=  36.00
 Correlated errors added in quadrature with statistical errors
 e866pd06xf vector boson data with Q2 >=  36.00
 Correlated errors added in quadrature with statistical errors
 e866rat    vector boson data with Q2 >=  36.00
 Correlated errors added in quadrature with statistical errors
 d0run2coneJet data - errors added in quadrature
 Correlated errors added in quadrature with statistical errors
 CDFrun2jetJet data - errors added in quadrature
 Correlated errors added in quadrature with statistical errors
 d0_gamjet1 Photon data -- cuts to be written yet ...
 Correlated errors added in quadrature with statistical errors
 d0_gamjet2 Photon data -- cuts to be written yet ...
 Correlated errors added in quadrature with statistical errors
 d0_gamjet3 Photon data -- cuts to be written yet ...
 Correlated errors added in quadrature with statistical errors
 d0_gamjet4 Photon data -- cuts to be written yet ...

# fitpack10: fit output
# CJ15_AV18                                                                    

Parametrization   7 used here

 S-ACOT scheme used  for NC DIS

 charm mass =     1.30 GeV     bottom mass =     4.50 GeV



 THIS IS A NEXT TO LEADING ORDER FIT

 Q02=    1.69
         1  LAMBDA      VALUE=   0.22680      WEIGHT=    0.0000    
         2  a0uv        VALUE=    2.4992      WEIGHT=    0.0000    
         3  a1uv        VALUE=   0.62338      WEIGHT=   0.38544E-01
         4  a2uv        VALUE=    3.5331      WEIGHT=   0.22785E-01
         5  a3uv        VALUE=    0.0000      WEIGHT=    0.0000    
         6  a4uv        VALUE=    3.2403      WEIGHT=   0.48605    
         7  a5uv        VALUE=    0.0000      WEIGHT=    0.0000    
         8  a0dv        VALUE=    23.078      WEIGHT=    0.0000    
         9  a1dv        VALUE=    1.1405      WEIGHT=   0.35169E-01
        10  a2dv        VALUE=    6.5926      WEIGHT=   0.16161    
        11  a3dv        VALUE=   -3.5426      WEIGHT=   0.93890E-01
        12  a4dv        VALUE=    4.8606      WEIGHT=   0.15796    
        13  a5dv        VALUE=    0.0000      WEIGHT=    0.0000    
        14  a0ud        VALUE=   0.14322      WEIGHT=   0.51056E-02
        15  a1ud        VALUE=  -0.21645      WEIGHT=   0.39322E-02
        16  a2ud        VALUE=    8.3890      WEIGHT=   0.15653    
        17  a3ud        VALUE=    0.0000      WEIGHT=    0.0000    
        18  a4ud        VALUE=    15.659      WEIGHT=    1.1632    
        19  a5ud        VALUE=    0.0000      WEIGHT=    0.0000    
        20  a0du        VALUE=    35712.      WEIGHT=    0.0000    
        21  a1du        VALUE=    3.9744      WEIGHT=   0.53487E-01
        22  a2du        VALUE=    20.307      WEIGHT=   0.68096    
        23  a3du        VALUE=    17.000      WEIGHT=    0.0000    
        24  a4du        VALUE=    46.763      WEIGHT=    5.2636    
        25  a0g         VALUE=    46.598      WEIGHT=    0.0000    
        26  a1g         VALUE=   0.61672      WEIGHT=   0.38244E-01
        27  a2g         VALUE=    6.1855      WEIGHT=    1.1772    
        28  a3g         VALUE=   -3.2497      WEIGHT=   0.17262    
        29  a4g         VALUE=    2.9810      WEIGHT=   0.30817    
        30  a5g         VALUE=    0.0000      WEIGHT=    0.0000    
        31  kappa       VALUE=   0.40000      WEIGHT=    0.0000    
        32  a6dv        VALUE=  -0.41537E-02  WEIGHT=   0.74758E-03
        33  a7dv        VALUE=    2.0000      WEIGHT=    0.0000    
        34  x0_KP       VALUE=   0.32900      WEIGHT=   0.89707E-01
        35  C_KP        VALUE=   0.97630E-01  WEIGHT=   0.29023E-01
        36  ht1         VALUE=   -2.9782      WEIGHT=   0.23859    
        37  ht2         VALUE=    1.7289      WEIGHT=   0.10261    
        38  ht3         VALUE=   -2.0871      WEIGHT=   0.27045E-01
        39  ht4         VALUE=    0.0000      WEIGHT=    0.0000    
        40  dummy40     VALUE=    0.0000      WEIGHT=    0.0000    
        41  dummy41     VALUE=    0.0000      WEIGHT=    0.0000    
        42  dummy42     VALUE=    0.0000      WEIGHT=    0.0000    
        43  dummy43     VALUE=    0.0000      WEIGHT=    0.0000    
        44  dummy44     VALUE=    0.0000      WEIGHT=    0.0000    
        45  dummy45     VALUE=    0.0000      WEIGHT=    0.0000    
        46  dummy46     VALUE=    0.0000      WEIGHT=    0.0000    
        47  dummy47     VALUE=    0.0000      WEIGHT=    0.0000    
        48  dummy48     VALUE=    0.0000      WEIGHT=    0.0000    
        49  dummy49     VALUE=    0.0000      WEIGHT=    0.0000    
        50  bcdmsh2     VALUE=   0.97335      WEIGHT=   0.54696E-02
        51  bcdmsd2     VALUE=   0.99612      WEIGHT=   0.61678E-02
        52  ccfr        VALUE=    1.0000      WEIGHT=    0.0000    
        53  nutev       VALUE=    1.0000      WEIGHT=    0.0000    
        54  zeus        VALUE=   0.97998      WEIGHT=    0.0000    
        55  h1          VALUE=    1.0162      WEIGHT=    0.0000    
        56  e605        VALUE=    1.0319      WEIGHT=   0.28168E-01
        57  NmcH2       VALUE=    1.0166      WEIGHT=   0.76221E-02
        58  ntv_nu      VALUE=    1.0000      WEIGHT=    0.0000    
        59  ntv_nubar   VALUE=    1.0000      WEIGHT=    0.0000    
        60  cdf_jet     VALUE=   0.98910      WEIGHT=    0.0000    
        61  d0_jet      VALUE=   0.83504      WEIGHT=    0.0000    
        62  slac_p      VALUE=    1.0041      WEIGHT=   0.56170E-02
        63  slac_d      VALUE=    1.0067      WEIGHT=   0.58266E-02
        64  e866pp      VALUE=   0.97702      WEIGHT=   0.18875E-01
        65  e866pd      VALUE=   0.99185      WEIGHT=   0.17294E-01
        66  d0_gamjet   VALUE=    1.0383      WEIGHT=   0.16556E-01
        67  h1b         VALUE=   0.97608      WEIGHT=    0.0000    
        68  jlab_p      VALUE=   0.99458      WEIGHT=   0.64986E-02
        69  jlab_d      VALUE=   0.97956      WEIGHT=   0.64393E-02
        70  blank       VALUE=    1.0000      WEIGHT=    0.0000    
        71  d0run2      VALUE=   0.93436      WEIGHT=   0.15710E-01
        72  cdfrun2     VALUE=   0.92014      WEIGHT=   0.18119E-01
        73  HERA_el     VALUE=   0.99986      WEIGHT=   0.34134E-02
        74  HERA_ps     VALUE=   0.99548      WEIGHT=   0.31439E-02
        75  CDF_Z       VALUE=   0.97653      WEIGHT=    0.0000    
        76  NmcRat      VALUE=    1.0000      WEIGHT=    0.0000    
        77  BNS_F2nd    VALUE=   0.98405      WEIGHT=    0.0000    
0THE TOLERANCE IS    0.5000
 THE MAXIMUM NUMBER OF STEPS IS 100
0THE INITIAL CHI SQUARED IS  3.5973E+03
0  STEP  CHI SQUARED    PARAMETER      VALUE         ERROR
 ------------------------------------------------------------
     1    3.5926E+03
                       1  LAMBDA     2.2680E-01       FIX 
                       2  a0uv       2.5002E+00       FIX 
                       3  a1uv       6.2328E-01           
                       4  a2uv       3.5317E+00           
                       5  a3uv       0.0000E+00       FIX 
                       6  a4uv       3.2293E+00           
                       7  a5uv       0.0000E+00       FIX 
                       8  a0dv       2.3061E+01       FIX 
                       9  a1dv       1.1410E+00           
                      10  a2dv       6.6288E+00           
                      11  a3dv      -3.5616E+00           
                      12  a4dv       4.9472E+00           
                      13  a5dv       0.0000E+00       FIX 
                      14  a0ud       1.4307E-01           
                      15  a1ud      -2.1661E-01           
                      16  a2ud       8.4546E+00           
                      17  a3ud       0.0000E+00       FIX 
                      18  a4ud       1.5804E+01           
                      19  a5ud       0.0000E+00       FIX 
                      20  a0du       3.5712E+04       FIX 
                      21  a1du       3.9886E+00           
                      22  a2du       2.0083E+01           
                      23  a3du       1.7000E+01       FIX 
                      24  a4du       4.3374E+01           
                      25  a0g        4.7100E+01       FIX 
                      26  a1g        6.2086E-01           
                      27  a2g        6.0977E+00           
                      28  a3g       -3.2495E+00           
                      29  a4g        2.9651E+00           
                      30  a5g        0.0000E+00       FIX 
                      31  kappa      4.0000E-01       FIX 
                      32  a6dv      -2.9438E-03           
                      33  a7dv       2.0000E+00       FIX 
                      34  x0_KP      3.2472E-01           
                      35  C_KP       1.5825E-01           
                      36  ht1       -3.0662E+00           
                      37  ht2        1.7457E+00           
                      38  ht3       -2.0780E+00           
                      39  ht4        0.0000E+00       FIX 
                      40  dummy40    0.0000E+00       FIX 
                      41  dummy41    0.0000E+00       FIX 
                      42  dummy42    0.0000E+00       FIX 
                      43  dummy43    0.0000E+00       FIX 
                      44  dummy44    0.0000E+00       FIX 
                      45  dummy45    0.0000E+00       FIX 
                      46  dummy46    0.0000E+00       FIX 
                      47  dummy47    0.0000E+00       FIX 
                      48  dummy48    0.0000E+00       FIX 
                      49  dummy49    0.0000E+00       FIX 
                      50  bcdmsh2    9.7203E-01           
                      51  bcdmsd2    9.9517E-01           
                      52  ccfr       1.0000E+00       FIX 
                      53  nutev      1.0000E+00       FIX 
                      54  zeus       9.7998E-01       FIX 
                      55  h1         1.0162E+00       FIX 
                      56  e605       1.0192E+00           
                      57  NmcH2      1.0158E+00           
                      58  ntv_nu     1.0000E+00       FIX 
                      59  ntv_nuba   1.0000E+00       FIX 
                      60  cdf_jet    9.8910E-01       FIX 
                      61  d0_jet     8.3504E-01       FIX 
                      62  slac_p     1.0017E+00           
                      63  slac_d     1.0059E+00           
                      64  e866pp     9.7149E-01           
                      65  e866pd     9.8757E-01           
                      66  d0_gamje   1.0382E+00           
                      67  h1b        9.7608E-01       FIX 
                      68  jlab_p     9.9201E-01           
                      69  jlab_d     9.7944E-01           
                      70  blank      1.0000E+00       FIX 
                      71  d0run2     9.3282E-01           
                      72  cdfrun2    9.1989E-01           
                      73  HERA_el    9.9983E-01           
                      74  HERA_ps    9.9528E-01           
                      75  CDF_Z      9.7653E-01       FIX 
                      76  NmcRat     1.0000E+00       FIX 
                      77  BNS_F2nd   9.8405E-01       FIX 
 ------------------------------------------------------------
     2    3.5911E+03
                       1  LAMBDA     2.2680E-01       FIX 
                       2  a0uv       2.4996E+00       FIX 
                       3  a1uv       6.2331E-01           
                       4  a2uv       3.5292E+00           
                       5  a3uv       0.0000E+00       FIX 
                       6  a4uv       3.2279E+00           
                       7  a5uv       0.0000E+00       FIX 
                       8  a0dv       2.3277E+01       FIX 
                       9  a1dv       1.1427E+00           
                      10  a2dv       6.6627E+00           
                      11  a3dv      -3.5783E+00           
                      12  a4dv       4.9971E+00           
                      13  a5dv       0.0000E+00       FIX 
                      14  a0ud       1.4280E-01           
                      15  a1ud      -2.1678E-01           
                      16  a2ud       8.4869E+00           
                      17  a3ud       0.0000E+00       FIX 
                      18  a4ud       1.5965E+01           
                      19  a5ud       0.0000E+00       FIX 
                      20  a0du       3.5712E+04       FIX 
                      21  a1du       3.9870E+00           
                      22  a2du       2.0073E+01           
                      23  a3du       1.7000E+01       FIX 
                      24  a4du       4.3827E+01           
                      25  a0g        4.6565E+01       FIX 
                      26  a1g        6.1824E-01           
                      27  a2g        6.0008E+00           
                      28  a3g       -3.2513E+00           
                      29  a4g        2.9570E+00           
                      30  a5g        0.0000E+00       FIX 
                      31  kappa      4.0000E-01       FIX 
                      32  a6dv      -2.1361E-03           
                      33  a7dv       2.0000E+00       FIX 
                      34  x0_KP      3.2254E-01           
                      35  C_KP       1.9722E-01           
                      36  ht1       -3.0848E+00           
                      37  ht2        1.7424E+00           
                      38  ht3       -2.0732E+00           
                      39  ht4        0.0000E+00       FIX 
                      40  dummy40    0.0000E+00       FIX 
                      41  dummy41    0.0000E+00       FIX 
                      42  dummy42    0.0000E+00       FIX 
                      43  dummy43    0.0000E+00       FIX 
                      44  dummy44    0.0000E+00       FIX 
                      45  dummy45    0.0000E+00       FIX 
                      46  dummy46    0.0000E+00       FIX 
                      47  dummy47    0.0000E+00       FIX 
                      48  dummy48    0.0000E+00       FIX 
                      49  dummy49    0.0000E+00       FIX 
                      50  bcdmsh2    9.7203E-01           
                      51  bcdmsd2    9.9496E-01           
                      52  ccfr       1.0000E+00       FIX 
                      53  nutev      1.0000E+00       FIX 
                      54  zeus       9.7998E-01       FIX 
                      55  h1         1.0162E+00       FIX 
                      56  e605       1.0162E+00           
                      57  NmcH2      1.0161E+00           
                      58  ntv_nu     1.0000E+00       FIX 
                      59  ntv_nuba   1.0000E+00       FIX 
                      60  cdf_jet    9.8910E-01       FIX 
                      61  d0_jet     8.3504E-01       FIX 
                      62  slac_p     1.0012E+00           
                      63  slac_d     1.0058E+00           
                      64  e866pp     9.7063E-01           
                      65  e866pd     9.8768E-01           
                      66  d0_gamje   1.0383E+00           
                      67  h1b        9.7608E-01       FIX 
                      68  jlab_p     9.9129E-01           
                      69  jlab_d     9.7947E-01           
                      70  blank      1.0000E+00       FIX 
                      71  d0run2     9.3217E-01           
                      72  cdfrun2    9.1968E-01           
                      73  HERA_el    9.9984E-01           
                      74  HERA_ps    9.9529E-01           
                      75  CDF_Z      9.7653E-01       FIX 
                      76  NmcRat     1.0000E+00       FIX 
                      77  BNS_F2nd   9.8405E-01       FIX 
 ------------------------------------------------------------
     3    3.5903E+03
                       1  LAMBDA     2.2680E-01       FIX 
                       2  a0uv       2.4981E+00       FIX 
                       3  a1uv       6.2328E-01           
                       4  a2uv       3.5272E+00           
                       5  a3uv       0.0000E+00       FIX 
                       6  a4uv       3.2293E+00           
                       7  a5uv       0.0000E+00       FIX 
                       8  a0dv       2.3543E+01       FIX 
                       9  a1dv       1.1449E+00           
                      10  a2dv       6.6918E+00           
                      11  a3dv      -3.5901E+00           
                      12  a4dv       5.0283E+00           
                      13  a5dv       0.0000E+00       FIX 
                      14  a0ud       1.4255E-01           
                      15  a1ud      -2.1694E-01           
                      16  a2ud       8.5090E+00           
                      17  a3ud       0.0000E+00       FIX 
                      18  a4ud       1.6113E+01           
                      19  a5ud       0.0000E+00       FIX 
                      20  a0du       3.5712E+04       FIX 
                      21  a1du       3.9844E+00           
                      22  a2du       2.0090E+01           
                      23  a3du       1.7000E+01       FIX 
                      24  a4du       4.3943E+01           
                      25  a0g        4.6365E+01       FIX 
                      26  a1g        6.1689E-01           
                      27  a2g        5.9189E+00           
                      28  a3g       -3.2550E+00           
                      29  a4g        2.9506E+00           
                      30  a5g        0.0000E+00       FIX 
                      31  kappa      4.0000E-01       FIX 
                      32  a6dv      -1.5628E-03           
                      33  a7dv       2.0000E+00       FIX 
                      34  x0_KP      3.1788E-01           
                      35  C_KP       2.2592E-01           
                      36  ht1       -3.0806E+00           
                      37  ht2        1.7341E+00           
                      38  ht3       -2.0708E+00           
                      39  ht4        0.0000E+00       FIX 
                      40  dummy40    0.0000E+00       FIX 
                      41  dummy41    0.0000E+00       FIX 
                      42  dummy42    0.0000E+00       FIX 
                      43  dummy43    0.0000E+00       FIX 
                      44  dummy44    0.0000E+00       FIX 
                      45  dummy45    0.0000E+00       FIX 
                      46  dummy46    0.0000E+00       FIX 
                      47  dummy47    0.0000E+00       FIX 
                      48  dummy48    0.0000E+00       FIX 
                      49  dummy49    0.0000E+00       FIX 
                      50  bcdmsh2    9.7227E-01           
                      51  bcdmsd2    9.9504E-01           
                      52  ccfr       1.0000E+00       FIX 
                      53  nutev      1.0000E+00       FIX 
                      54  zeus       9.7998E-01       FIX 
                      55  h1         1.0162E+00       FIX 
                      56  e605       1.0160E+00           
                      57  NmcH2      1.0166E+00           
                      58  ntv_nu     1.0000E+00       FIX 
                      59  ntv_nuba   1.0000E+00       FIX 
                      60  cdf_jet    9.8910E-01       FIX 
                      61  d0_jet     8.3504E-01       FIX 
                      62  slac_p     1.0011E+00           
                      63  slac_d     1.0059E+00           
                      64  e866pp     9.7127E-01           
                      65  e866pd     9.8887E-01           
                      66  d0_gamje   1.0385E+00           
                      67  h1b        9.7608E-01       FIX 
                      68  jlab_p     9.9099E-01           
                      69  jlab_d     9.7966E-01           
                      70  blank      1.0000E+00       FIX 
                      71  d0run2     9.3177E-01           
                      72  cdfrun2    9.1941E-01           
                      73  HERA_el    9.9985E-01           
                      74  HERA_ps    9.9535E-01           
                      75  CDF_Z      9.7653E-01       FIX 
                      76  NmcRat     1.0000E+00       FIX 
                      77  BNS_F2nd   9.8405E-01       FIX 
 ------------------------------------------------------------
     4    3.5897E+03
                       1  LAMBDA     2.2680E-01       FIX 
                       2  a0uv       2.4962E+00       FIX 
                       3  a1uv       6.2321E-01           
                       4  a2uv       3.5256E+00           
                       5  a3uv       0.0000E+00       FIX 
                       6  a4uv       3.2324E+00           
                       7  a5uv       0.0000E+00       FIX 
                       8  a0dv       2.3812E+01       FIX 
                       9  a1dv       1.1473E+00           
                      10  a2dv       6.7167E+00           
                      11  a3dv      -3.5985E+00           
                      12  a4dv       5.0486E+00           
                      13  a5dv       0.0000E+00       FIX 
                      14  a0ud       1.4235E-01           
                      15  a1ud      -2.1709E-01           
                      16  a2ud       8.5263E+00           
                      17  a3ud       0.0000E+00       FIX 
                      18  a4ud       1.6241E+01           
                      19  a5ud       0.0000E+00       FIX 
                      20  a0du       3.5712E+04       FIX 
                      21  a1du       3.9831E+00           
                      22  a2du       2.0101E+01           
                      23  a3du       1.7000E+01       FIX 
                      24  a4du       4.4010E+01           
                      25  a0g        4.6238E+01       FIX 
                      26  a1g        6.1608E-01           
                      27  a2g        5.8459E+00           
                      28  a3g       -3.2593E+00           
                      29  a4g        2.9468E+00           
                      30  a5g        0.0000E+00       FIX 
                      31  kappa      4.0000E-01       FIX 
                      32  a6dv      -1.1348E-03           
                      33  a7dv       2.0000E+00       FIX 
                      34  x0_KP      3.1429E-01           
                      35  C_KP       2.4830E-01           
                      36  ht1       -3.0708E+00           
                      37  ht2        1.7252E+00           
                      38  ht3       -2.0695E+00           
                      39  ht4        0.0000E+00       FIX 
                      40  dummy40    0.0000E+00       FIX 
                      41  dummy41    0.0000E+00       FIX 
                      42  dummy42    0.0000E+00       FIX 
                      43  dummy43    0.0000E+00       FIX 
                      44  dummy44    0.0000E+00       FIX 
                      45  dummy45    0.0000E+00       FIX 
                      46  dummy46    0.0000E+00       FIX 
                      47  dummy47    0.0000E+00       FIX 
                      48  dummy48    0.0000E+00       FIX 
                      49  dummy49    0.0000E+00       FIX 
                      50  bcdmsh2    9.7253E-01           
                      51  bcdmsd2    9.9518E-01           
                      52  ccfr       1.0000E+00       FIX 
                      53  nutev      1.0000E+00       FIX 
                      54  zeus       9.7998E-01       FIX 
                      55  h1         1.0162E+00       FIX 
                      56  e605       1.0164E+00           
                      57  NmcH2      1.0170E+00           
                      58  ntv_nu     1.0000E+00       FIX 
                      59  ntv_nuba   1.0000E+00       FIX 
                      60  cdf_jet    9.8910E-01       FIX 
                      61  d0_jet     8.3504E-01       FIX 
                      62  slac_p     1.0011E+00           
                      63  slac_d     1.0062E+00           
                      64  e866pp     9.7215E-01           
                      65  e866pd     9.9012E-01           
                      66  d0_gamje   1.0387E+00           
                      67  h1b        9.7608E-01       FIX 
                      68  jlab_p     9.9084E-01           
                      69  jlab_d     9.7988E-01           
                      70  blank      1.0000E+00       FIX 
                      71  d0run2     9.3150E-01           
                      72  cdfrun2    9.1918E-01           
                      73  HERA_el    9.9987E-01           
                      74  HERA_ps    9.9541E-01           
                      75  CDF_Z      9.7653E-01       FIX 
                      76  NmcRat     1.0000E+00       FIX 
                      77  BNS_F2nd   9.8405E-01       FIX 
 ------------------------------------------------------------
     5    3.5893E+03
                       1  LAMBDA     2.2680E-01    0.0000E+00
                       2  a0uv       2.4940E+00    0.0000E+00
                       3  a1uv       6.2311E-01    2.6234E-02
                       4  a2uv       3.5245E+00    1.6832E-02
                       5  a3uv       0.0000E+00    0.0000E+00
                       6  a4uv       3.2365E+00    5.2774E-01
                       7  a5uv       0.0000E+00    0.0000E+00
                       8  a0dv       2.4072E+01    0.0000E+00
                       9  a1dv       1.1497E+00    5.9492E-02
                      10  a2dv       6.7380E+00    2.1967E-01
                      11  a3dv      -3.6044E+00    1.1852E-01
                      12  a4dv       5.0622E+00    2.7477E-01
                      13  a5dv       0.0000E+00    0.0000E+00
                      14  a0ud       1.4217E-01    5.6290E-03
                      15  a1ud      -2.1722E-01    4.2964E-03
                      16  a2ud       8.5406E+00    1.8639E-01
                      17  a3ud       0.0000E+00    0.0000E+00
                      18  a4ud       1.6349E+01    1.5519E+00
                      19  a5ud       0.0000E+00    0.0000E+00
                      20  a0du       3.5712E+04    0.0000E+00
                      21  a1du       3.9826E+00    5.3409E-02
                      22  a2du       2.0109E+01    6.9746E-01
                      23  a3du       1.7000E+01    0.0000E+00
                      24  a4du       4.4034E+01    6.3069E+00
                      25  a0g        4.6180E+01    0.0000E+00
                      26  a1g        6.1562E-01    3.7446E-02
                      27  a2g        5.7843E+00    1.1171E+00
                      28  a3g       -3.2636E+00    1.7799E-01
                      29  a4g        2.9449E+00    2.9377E-01
                      30  a5g        0.0000E+00    0.0000E+00
                      31  kappa      4.0000E-01    0.0000E+00
                      32  a6dv      -8.0168E-04    2.8805E-03
                      33  a7dv       2.0000E+00    0.0000E+00
                      34  x0_KP      3.1163E-01    8.5365E-02
                      35  C_KP       2.6633E-01    1.3590E-01
                      36  ht1       -3.0608E+00    2.5075E-01
                      37  ht2        1.7172E+00    1.0606E-01
                      38  ht3       -2.0687E+00    2.7986E-02
                      39  ht4        0.0000E+00    0.0000E+00
                      40  dummy40    0.0000E+00    0.0000E+00
                      41  dummy41    0.0000E+00    0.0000E+00
                      42  dummy42    0.0000E+00    0.0000E+00
                      43  dummy43    0.0000E+00    0.0000E+00
                      44  dummy44    0.0000E+00    0.0000E+00
                      45  dummy45    0.0000E+00    0.0000E+00
                      46  dummy46    0.0000E+00    0.0000E+00
                      47  dummy47    0.0000E+00    0.0000E+00
                      48  dummy48    0.0000E+00    0.0000E+00
                      49  dummy49    0.0000E+00    0.0000E+00
                      50  bcdmsh2    9.7275E-01    5.5620E-03
                      51  bcdmsd2    9.9530E-01    6.2241E-03
                      52  ccfr       1.0000E+00    0.0000E+00
                      53  nutev      1.0000E+00    0.0000E+00
                      54  zeus       9.7998E-01    0.0000E+00
                      55  h1         1.0162E+00    0.0000E+00
                      56  e605       1.0167E+00    3.0318E-02
                      57  NmcH2      1.0173E+00    7.7526E-03
                      58  ntv_nu     1.0000E+00    0.0000E+00
                      59  ntv_nuba   1.0000E+00    0.0000E+00
                      60  cdf_jet    9.8910E-01    0.0000E+00
                      61  d0_jet     8.3504E-01    0.0000E+00
                      62  slac_p     1.0011E+00    5.7120E-03
                      63  slac_d     1.0064E+00    5.8782E-03
                      64  e866pp     9.7295E-01    2.1319E-02
                      65  e866pd     9.9118E-01    2.0990E-02
                      66  d0_gamje   1.0388E+00    1.6768E-02
                      67  h1b        9.7608E-01    0.0000E+00
                      68  jlab_p     9.9073E-01    6.7084E-03
                      69  jlab_d     9.8009E-01    6.5752E-03
                      70  blank      1.0000E+00    0.0000E+00
                      71  d0run2     9.3139E-01    1.6196E-02
                      72  cdfrun2    9.1904E-01    1.8369E-02
                      73  HERA_el    9.9988E-01    3.4143E-03
                      74  HERA_ps    9.9546E-01    3.1504E-03
                      75  CDF_Z      9.7653E-01    0.0000E+00
                      76  NmcRat     1.0000E+00    0.0000E+00
                      77  BNS_F2nd   9.8405E-01    0.0000E+00
0 MINIMIZATION TERMINATED WITH STEP  5
  TOLERANCE CRITERION      SATISFIED
0 CHI SQUARED PER DEGREE OF FREEDOM IS  9.733E-01
   1.000 -0.083 -0.977  0.326  0.055  0.143 -0.495  0.567  0.512 -0.437 -0.659 -0.066 -0.162  0.101  0.200  0.104  0.117 -0.120 -0.307 -0.122 -0.349  0.016 -0.156 -0.141  0.305  0.262 -0.237  0.128  0.337  0.200 -0.393 -0.369  0.147  0.311  0.140 -0.106 -0.114  0.034  0.095
  -0.083  1.000  0.229 -0.186  0.094 -0.336  0.246 -0.066 -0.065  0.114  0.102  0.006  0.050  0.016  0.022  0.212  0.149 -0.014 -0.632 -0.278 -0.529 -0.370  0.300 -0.112  0.091  0.085 -0.068  0.052  0.124 -0.004  0.084  0.050  0.030  0.271  0.007  0.010  0.003  0.006 -0.001
  -0.977  0.229  1.000 -0.322  0.020 -0.196  0.527 -0.542 -0.492  0.485  0.690  0.081  0.165 -0.103 -0.184 -0.089 -0.117  0.121  0.273  0.034  0.331 -0.047  0.154  0.146 -0.181 -0.181  0.256 -0.056 -0.216 -0.106  0.469  0.447 -0.120 -0.190 -0.056  0.074  0.085 -0.026 -0.065
   0.326 -0.186 -0.322  1.000  0.674 -0.035 -0.600  0.319  0.283 -0.252 -0.415  0.328 -0.279  0.197  0.210  0.048 -0.029  0.000  0.179  0.188  0.230 -0.153  0.010  0.266  0.168  0.113 -0.194  0.024  0.093  0.152 -0.199 -0.301  0.042  0.012  0.113 -0.114 -0.085  0.010  0.063
   0.055  0.094  0.020  0.674  1.000 -0.545  0.032  0.043  0.028  0.159  0.026  0.217 -0.137  0.121  0.145 -0.107 -0.336  0.248  0.183 -0.336  0.344  0.063 -0.244  0.007  0.174  0.075 -0.071  0.128  0.008  0.085  0.016 -0.026  0.071 -0.007  0.034 -0.006 -0.008  0.015  0.061
   0.143 -0.336 -0.196 -0.035 -0.545  1.000 -0.661  0.293  0.283 -0.227 -0.372  0.167 -0.098 -0.205 -0.121 -0.193  0.197 -0.305  0.275  0.219  0.163  0.077 -0.038  0.101 -0.057 -0.058 -0.192 -0.196 -0.053 -0.008 -0.226 -0.263  0.002 -0.101  0.071 -0.066 -0.037 -0.009 -0.021
  -0.495  0.246  0.527 -0.600  0.032 -0.661  1.000 -0.494 -0.455  0.567  0.723 -0.329  0.324 -0.015 -0.112  0.016 -0.171  0.214 -0.068 -0.149  0.025  0.092 -0.074 -0.091 -0.030  0.007  0.245  0.151 -0.057 -0.019  0.401  0.495 -0.056 -0.012 -0.050  0.093  0.066 -0.002 -0.012
   0.567 -0.066 -0.542  0.319  0.043  0.293 -0.494  1.000  0.977 -0.454 -0.817  0.126 -0.185 -0.056 -0.082 -0.016  0.253 -0.252 -0.085 -0.021 -0.120 -0.082  0.007  0.042  0.269  0.225 -0.101  0.160  0.274  0.220 -0.183 -0.199  0.132  0.222  0.180 -0.029 -0.019  0.022  0.083
   0.512 -0.065 -0.492  0.283  0.028  0.283 -0.455  0.977  1.000 -0.413 -0.777  0.110 -0.165 -0.057 -0.168 -0.064  0.260 -0.272 -0.072 -0.019 -0.105 -0.079  0.012  0.035  0.229  0.192 -0.105  0.144  0.229  0.182 -0.182 -0.197  0.120  0.185  0.150 -0.011 -0.006  0.018  0.011
  -0.437  0.114  0.485 -0.252  0.159 -0.227  0.567 -0.454 -0.413  1.000  0.761 -0.187  0.344 -0.112 -0.106 -0.262 -0.435  0.308  0.260 -0.161  0.344  0.236 -0.209 -0.095 -0.027 -0.012 -0.236  0.080 -0.121  0.012  0.200  0.240 -0.026 -0.110  0.022  0.199  0.131 -0.010 -0.044
  -0.659  0.102  0.690 -0.415  0.026 -0.372  0.723 -0.817 -0.777  0.761  1.000 -0.191  0.315 -0.048 -0.060 -0.118 -0.305  0.230  0.221 -0.065  0.287  0.191 -0.160  0.023 -0.002  0.025  0.237  0.122 -0.038  0.090  0.516  0.576 -0.104 -0.052  0.081  0.009 -0.014 -0.004 -0.003
  -0.066  0.006  0.081  0.328  0.217  0.167 -0.329  0.126  0.110 -0.187 -0.191  1.000 -0.818 -0.230  0.113 -0.055 -0.086  0.034  0.161 -0.010  0.185 -0.039  0.024  0.073 -0.026 -0.031 -0.018 -0.072 -0.042  0.014  0.040 -0.106  0.005 -0.046  0.029 -0.018 -0.006 -0.002  0.012
  -0.162  0.050  0.165 -0.279 -0.137 -0.098  0.324 -0.185 -0.165  0.344  0.315 -0.818  1.000  0.195 -0.161 -0.048  0.050 -0.059 -0.073 -0.003 -0.076  0.091 -0.089 -0.064  0.056  0.043  0.020  0.081  0.058  0.019  0.170  0.186 -0.019  0.063  0.005  0.004 -0.010  0.002  0.014
   0.101  0.016 -0.103  0.197  0.121 -0.205 -0.015 -0.056 -0.057 -0.112 -0.048 -0.230  0.195  1.000  0.087  0.170 -0.078  0.163 -0.088  0.249 -0.063 -0.045  0.036 -0.119  0.100 -0.004  0.055  0.169  0.135 -0.024  0.053 -0.071  0.014  0.150 -0.007  0.051  0.027  0.008  0.033
   0.200  0.022 -0.184  0.210  0.145 -0.121 -0.112 -0.082 -0.168 -0.106 -0.060  0.113 -0.161  0.087  1.000  0.655 -0.414  0.654 -0.129  0.018 -0.124  0.046  0.004 -0.063  0.103  0.080 -0.023 -0.088  0.150  0.091 -0.092 -0.109  0.028  0.132  0.057  0.013  0.013  0.011  0.040
   0.104  0.212 -0.089  0.048 -0.107 -0.193  0.016 -0.016 -0.064 -0.262 -0.118 -0.055 -0.048  0.170  0.655  1.000  0.197  0.313 -0.415  0.310 -0.441 -0.249  0.392  0.123  0.084  0.087  0.036 -0.034  0.270  0.118 -0.005 -0.011 -0.011  0.259  0.061 -0.152 -0.069  0.007  0.041
   0.117  0.149 -0.117 -0.029 -0.336  0.197 -0.171  0.253  0.260 -0.435 -0.305 -0.086  0.050 -0.078 -0.414  0.197  1.000 -0.854 -0.297  0.381 -0.360 -0.458  0.422  0.411  0.054  0.077  0.032  0.074  0.205  0.114  0.053  0.056 -0.036  0.188  0.087 -0.459 -0.305  0.012  0.062
  -0.120 -0.014  0.121  0.000  0.248 -0.305  0.214 -0.252 -0.272  0.308  0.230  0.034 -0.059  0.163  0.654  0.313 -0.854  1.000  0.062 -0.224  0.108  0.308 -0.160 -0.377 -0.083 -0.098 -0.044 -0.124 -0.133 -0.131 -0.095 -0.101  0.032 -0.102 -0.120  0.437  0.325 -0.016 -0.078
  -0.307 -0.632  0.273  0.179  0.183  0.275 -0.068 -0.085 -0.072  0.260  0.221  0.161 -0.073 -0.088 -0.129 -0.415 -0.297  0.062  1.000  0.058  0.953  0.159 -0.235  0.293  0.054 -0.089  0.093  0.017 -0.128  0.063  0.150  0.177 -0.010 -0.241  0.151 -0.058 -0.018 -0.003  0.023
  -0.122 -0.278  0.034  0.188 -0.336  0.219 -0.149 -0.021 -0.019 -0.161 -0.065 -0.010 -0.003  0.249  0.018  0.310  0.381 -0.224  0.058  1.000  0.016 -0.288  0.357  0.555 -0.025 -0.024 -0.001 -0.059  0.042 -0.003  0.039 -0.017 -0.119 -0.079 -0.019 -0.140 -0.088 -0.015 -0.007
  -0.349 -0.529  0.331  0.230  0.344  0.163  0.025 -0.120 -0.105  0.344  0.287  0.185 -0.076 -0.063 -0.124 -0.441 -0.360  0.108  0.953  0.016  1.000  0.222 -0.323  0.244  0.063 -0.064  0.085  0.040 -0.162  0.094  0.177  0.195 -0.013 -0.279  0.178 -0.039 -0.010 -0.003  0.030
   0.016 -0.370 -0.047 -0.153  0.063  0.077  0.092 -0.082 -0.079  0.236  0.191 -0.039  0.091 -0.045  0.046 -0.249 -0.458  0.308  0.159 -0.288  0.222  1.000 -0.838 -0.468 -0.001 -0.008  0.081  0.047 -0.080 -0.013  0.088  0.111  0.031 -0.193 -0.119  0.193  0.109  0.004  0.008
  -0.156  0.300  0.154  0.010 -0.244 -0.038 -0.074  0.007  0.012 -0.209 -0.160  0.024 -0.089  0.036  0.004  0.392  0.422 -0.160 -0.235  0.357 -0.323 -0.838  1.000  0.240 -0.151 -0.127 -0.117 -0.151  0.083 -0.030 -0.131 -0.155 -0.046  0.142  0.035 -0.038  0.020 -0.021 -0.084
