# fitpack15: fit parameters                                                                         
# CJ15_AV18                                                                                         
# Created on 07/02/2015 at 08:01:24                                                                 

 # QCD setup
  INS	                    0
  NVL                          11
  IORD                          1
  Q02                   1.6899999999999999     
  IPARAMC                       7
  FLAVOR                5.0000000000000000     
  xmc                   1.3000000000000000     
  xmb                   4.5000000000000000     
  ncb                          12

 # Theory corrections
  inuke                         0
  itmc                          1
  iht                           1

 # fit parameters
 LAMBDA       0.22680        0.0000    
 a0uv          2.5904        0.0000    
 a1uv         0.63022       0.22119E-01
 a2uv          3.5449       0.12866E-01
 a3uv          0.0000        0.0000    
 a4uv          3.0613       0.42750    
 a5uv          0.0000        0.0000    
 a0dv          43.807        0.0000    
 a1dv          1.2652       0.48177E-01
 a2dv          7.8637       0.19210    
 a3dv         -3.9517       0.90342E-01
 a4dv          5.3983       0.21127    
 a5dv          0.0000        0.0000    
 a0ud         0.14021       0.54207E-02
 a1ud        -0.21858       0.42163E-02
 a2ud          8.3695       0.17347    
 a3ud          0.0000        0.0000    
 a4ud          15.560        1.3978    
 a5ud          0.0000        0.0000    
 a0du          35712.        0.0000    
 a1du          3.9854       0.50794E-01
 a2du          20.031       0.67543    
 a3du          17.000        0.0000    
 a4du          60.177        9.4628    
 a0g           52.142        0.0000    
 a1g          0.63444       0.39890E-01
 a2g           6.5326        1.0929    
 a3g          -3.3962       0.17427    
 a4g           3.3005       0.36205    
 a5g           0.0000        0.0000    
 kappa        0.40000        0.0000    
 a6dv        -0.92522E-02   0.16512E-02
 a7dv          2.0000        0.0000    
 x0_KP        0.32900        0.0000    
 C_KP         0.97630E-01    0.0000    
 ht1          -2.4436       0.20795    
 ht2           1.5639       0.10706    
 ht3          -2.1451       0.31838E-01
 ht4           0.0000        0.0000    
 dummy40       0.0000        0.0000    
 dummy41       0.0000        0.0000    
 dummy42       0.0000        0.0000    
 dummy43       0.0000        0.0000    
 dummy44       0.0000        0.0000    
 dummy45       0.0000        0.0000    
 dummy46       0.0000        0.0000    
 dummy47       0.0000        0.0000    
 dummy48       0.0000        0.0000    
 dummy49       0.0000        0.0000    
 bcdmsh2      0.96616       0.55200E-02
 bcdmsd2      0.99603       0.62104E-02
 ccfr          1.0000        0.0000    
 nutev         1.0000        0.0000    
 zeus         0.97998        0.0000    
 h1            1.0162        0.0000    
 e605          1.0157       0.29728E-01
 NmcH2         1.0164       0.77709E-02
 ntv_nu        1.0000        0.0000    
 ntv_nubar     1.0000        0.0000    
 cdf_jet      0.98910        0.0000    
 d0_jet       0.83504        0.0000    
 slac_p       0.99802       0.56168E-02
 slac_d        1.0036       0.58237E-02
 e866pp       0.96184       0.20272E-01
 e866pd       0.97166       0.19300E-01
 d0_gamjet     1.0375       0.16626E-01
 h1b          0.97608        0.0000    
 jlab_p       0.98602       0.64049E-02
 jlab_d       0.97728       0.63963E-02
 blank         1.0000        0.0000    
 d0run2       0.94784       0.15921E-01
 cdfrun2      0.92878       0.18255E-01
 HERA_el      0.99976       0.34143E-02
 HERA_ps      0.99478       0.31501E-02
 CDF_Z        0.97653        0.0000    
 NmcRat        1.0000        0.0000    
 BNS_F2nd     0.98405        0.0000    
 END 0. 0.

 # Hessian matrix (Bevington alpha)
   0.44961983514016E+07 -0.12936711905843E+07  0.24051268390918E+06  0.84572341899378E+06 -0.90112804889500E+05 -0.69723019444492E+05  0.30454268190265E+05  0.99207702477379E+06 -0.14642497125053E+06 -0.49914024467528E+05  0.75908814424652E+04  0.85259995757477E+04  0.10605534268448E+04 -0.11771048761452E+02  0.20091553533765E+05 -0.25028476561802E+04  0.18008235026273E+05  0.10701984834488E+05 -0.14539319977313E+08
  -0.12936711905843E+07  0.43675332490862E+06 -0.71044273980297E+05 -0.22538399380784E+06  0.19941201639512E+05  0.34669691684387E+05  0.15445433813586E+04 -0.16532300987687E+06  0.29966091918870E+05  0.83199091679137E+04 -0.11682881302427E+04 -0.64938293017871E+03 -0.75610212253273E+02  0.46595196011078E+00 -0.29990536704043E+04  0.22996815200070E+03 -0.25803613369158E+04 -0.12353499991394E+04  0.49475698331936E+07
   0.24051268390918E+06 -0.71044273980297E+05  0.12971449373344E+05  0.44713896825939E+05 -0.47230799600904E+04 -0.43887600014309E+04  0.12679532148502E+04  0.44529036188518E+05 -0.67116663587242E+04 -0.23736784394796E+04  0.33764406844274E+03  0.23784210710353E+03  0.38569949835099E+02 -0.57733465314795E+00  0.71326779786853E+03 -0.83002345710108E+02  0.60585369779157E+03  0.34710548915600E+03 -0.79960930545435E+06
   0.84572341899378E+06 -0.22538399380784E+06  0.44713896825939E+05  0.23761891611448E+06 -0.27201329123881E+05 -0.67144524236782E+04  0.15651438590165E+05  0.22688241583918E+06 -0.26197856684735E+05 -0.12682673054033E+05  0.18352173282175E+04  0.63047184683557E+03  0.62698078020563E+02  0.44279522478529E+01  0.44441560630710E+04 -0.56609877033341E+03  0.35703256074998E+04  0.22170755232114E+04 -0.33778053474322E+07
  -0.90112804889500E+05  0.19941201639512E+05 -0.47230799600904E+04 -0.27201329123881E+05  0.36848259727374E+04  0.31116054274434E+03 -0.23391914010631E+04 -0.22452389200745E+05  0.17889875233279E+04  0.15091015922391E+04 -0.19014855112711E+03 -0.12655847347995E+03 -0.97656629796789E+01 -0.41113286289240E+00 -0.35907005053314E+03  0.40483084642701E+02 -0.21556638321274E+03 -0.12456329029838E+03  0.30301990606434E+06
  -0.69723019444492E+05  0.34669691684387E+05 -0.43887600014309E+04 -0.67144524236782E+04  0.31116054274434E+03  0.10995771587519E+05  0.47705903908512E+04  0.58858841783809E+05 -0.99676494232978E+04 -0.20380277378226E+04  0.45142217951724E+03 -0.16080204470942E+03 -0.53458728191105E+01  0.18247908338888E+01  0.73777050838586E+03 -0.17417399526782E+03  0.67969171203429E+03  0.61691810445093E+03  0.54167839428751E+06
   0.30454268190265E+05  0.15445433813586E+04  0.12679532148502E+04  0.15651438590165E+05 -0.23391914010631E+04  0.47705903908512E+04  0.38319819334359E+04  0.38936891845475E+05 -0.47660528560741E+04 -0.19364068243940E+04  0.31651481885064E+03  0.62240609478782E+02  0.71687392726989E+01  0.98023469224533E+00  0.49820801761360E+03 -0.94516776581186E+02  0.31042087780059E+03  0.27993118925583E+03  0.32892668133536E+05
   0.99207702477379E+06 -0.16532300987687E+06  0.44529036188518E+05  0.22688241583918E+06 -0.22452389200745E+05  0.58858841783809E+05  0.38936891845475E+05  0.43918839898163E+07 -0.22861983808485E+07 -0.74711010634373E+05  0.19380342966817E+05  0.25906311777141E+05  0.20107386312953E+04  0.38883613818704E+02  0.23172353939187E+05 -0.50795958403044E+04  0.36908925370568E+05  0.23390474590664E+05 -0.11180238113100E+07
  -0.14642497125053E+06  0.29966091918870E+05 -0.67116663587242E+04 -0.26197856684735E+05  0.17889875233279E+04 -0.99676494232978E+04 -0.47660528560741E+04 -0.22861983808485E+07  0.21063290011603E+07  0.15547016780279E+05 -0.45543633136768E+04 -0.53995982490831E+04 -0.37074597751356E+03 -0.90855282328777E+01  0.47765643013394E+05 -0.21742442249250E+04  0.17207456562140E+05  0.82068115085336E+04  0.91881061335417E+05
  -0.49914024467528E+05  0.83199091679137E+04 -0.23736784394796E+04 -0.12682673054033E+05  0.15091015922391E+04 -0.20380277378226E+04 -0.19364068243940E+04 -0.74711010634373E+05  0.15547016780279E+05  0.24919601776039E+04 -0.51484553538342E+03 -0.68699051165175E+03 -0.67142702296873E+02 -0.26185140931384E+00 -0.18454899630825E+04  0.25172867524617E+03 -0.16749482517633E+04 -0.10671069778990E+04  0.82999814623303E+05
   0.75908814424652E+04 -0.11682881302427E+04  0.33764406844274E+03  0.18352173282175E+04 -0.19014855112711E+03  0.45142217951724E+03  0.31651481885064E+03  0.19380342966817E+05 -0.45543633136768E+04 -0.51484553538342E+03  0.12527323439810E+03  0.18042617344636E+03  0.14703746330050E+02  0.17313038348286E+00  0.54788498782914E+03 -0.65550772037099E+02  0.48538361903603E+03  0.29070377854196E+03 -0.91698424304010E+04
   0.85259995757477E+04 -0.64938293017871E+03  0.23784210710353E+03  0.63047184683557E+03 -0.12655847347995E+03 -0.16080204470942E+03  0.62240609478782E+02  0.25906311777141E+05 -0.53995982490831E+04 -0.68699051165175E+03  0.18042617344636E+03  0.27752860896515E+04  0.17955790558649E+03  0.12291737655823E+00  0.11661784100406E+04 -0.15416114158107E+03  0.12564339378248E+04  0.74575684815288E+03 -0.12593746636385E+05
   0.10605534268448E+04 -0.75610212253273E+02  0.38569949835099E+02  0.62698078020563E+02 -0.97656629796789E+01 -0.53458728191105E+01  0.71687392726989E+01  0.20107386312953E+04 -0.37074597751356E+03 -0.67142702296873E+02  0.14703746330050E+02  0.17955790558649E+03  0.15383775232703E+02 -0.50265925870229E-01  0.72698959887939E+02 -0.11038578671518E+02  0.79822531953525E+02  0.51380905269804E+02 -0.76158152781906E+03
  -0.11771048761452E+02  0.46595196011078E+00 -0.57733465314795E+00  0.44279522478529E+01 -0.41113286289240E+00  0.18247908338888E+01  0.98023469224533E+00  0.38883613818704E+02 -0.90855282328777E+01 -0.26185140931384E+00  0.17313038348286E+00  0.12291737655823E+00 -0.50265925870229E-01  0.20143042680665E-01  0.37510428838110E+01 -0.17102762257447E+00  0.15042324294707E+01  0.55260324694172E+00 -0.21839803043864E+02
   0.20091553533765E+05 -0.29990536704043E+04  0.71326779786853E+03  0.44441560630710E+04 -0.35907005053314E+03  0.73777050838586E+03  0.49820801761360E+03  0.23172353939187E+05  0.47765643013394E+05 -0.18454899630825E+04  0.54788498782914E+03  0.11661784100406E+04  0.72698959887939E+02  0.37510428838110E+01  0.21975152525958E+05 -0.19658024062082E+04  0.15518059542085E+05  0.85521465422071E+04 -0.37229681297006E+05
  -0.25028476561802E+04  0.22996815200070E+03 -0.83002345710108E+02 -0.56609877033341E+03  0.40483084642701E+02 -0.17417399526782E+03 -0.94516776581186E+02 -0.50795958403044E+04 -0.21742442249250E+04  0.25172867524617E+03 -0.65550772037099E+02 -0.15416114158107E+03 -0.11038578671518E+02 -0.17102762257447E+00 -0.19658024062082E+04  0.21022838080707E+03 -0.16188804790215E+04 -0.93701904999703E+03  0.26801878893953E+04
   0.18008235026273E+05 -0.25803613369158E+04  0.60585369779157E+03  0.35703256074998E+04 -0.21556638321274E+03  0.67969171203429E+03  0.31042087780059E+03  0.36908925370568E+05  0.17207456562140E+05 -0.16749482517633E+04  0.48538361903603E+03  0.12564339378248E+04  0.79822531953525E+02  0.15042324294707E+01  0.15518059542085E+05 -0.16188804790215E+04  0.12908387143101E+05  0.73479164788053E+04 -0.33708242927006E+05
   0.10701984834488E+05 -0.12353499991394E+04  0.34710548915600E+03  0.22170755232114E+04 -0.12456329029838E+03  0.61691810445093E+03  0.27993118925583E+03  0.23390474590664E+05  0.82068115085336E+04 -0.10671069778990E+04  0.29070377854196E+03  0.74575684815288E+03  0.51380905269804E+02  0.55260324694172E+00  0.85521465422071E+04 -0.93701904999703E+03  0.73479164788053E+04  0.42612104192099E+04 -0.16344285434721E+05
  -0.14539319977313E+08  0.49475698331936E+07 -0.79960930545435E+06 -0.33778053474322E+07  0.30301990606434E+06  0.54167839428751E+06  0.32892668133536E+05 -0.11180238113100E+07  0.91881061335417E+05  0.82999814623303E+05 -0.91698424304010E+04 -0.12593746636385E+05 -0.76158152781906E+03 -0.21839803043864E+02 -0.37229681297006E+05  0.26801878893953E+04 -0.33708242927006E+05 -0.16344285434721E+05  0.74793556195846E+08

 # Covariance matrix (Bevington epsilon)
   0.48926875118527E-03 -0.10723849462068E-03 -0.92196810472665E-02  0.46463696249632E-03  0.61824240345542E-03  0.64256624448462E-03 -0.23829465723585E-02  0.66207017677669E-04  0.46328688175789E-04 -0.12695977869391E-02 -0.17677680312542E-01  0.67497901851685E-05 -0.33329685018580E-02  0.32807990395444E-02  0.11475821632745E-03 -0.21734854575802E-03  0.43858546983599E-03 -0.12935846136674E-02  0.15574572004983E-04  0.38659682442759E-04 -0.52533758265744E-03  0.72604820057438E-04  0.47092626846316E-04  0.33925817005907E-04 -0.11265607035591E-03  0.28036859305254E-04  0.41476980349689E-04  0.31649401519163E-04 -0.12597057900929E-03 -0.99676884955992E-04  0.50045286207572E-04  0.34200527117232E-04  0.28713857483241E-04 -0.57920806964873E-04 -0.60449887508067E-04  0.27202719077700E-05  0.85985250300325E-05
  -0.10723849462068E-03  0.16553837168096E-03  0.29405262936822E-02  0.23000181236104E-04  0.76349921226970E-03 -0.33989820283714E-03  0.78400660425209E-03 -0.11064902441922E-04 -0.81264705471720E-05  0.62965387572138E-03  0.48073189247200E-02  0.94259258761583E-04 -0.35891114703303E-04  0.14163303064820E-01  0.39317400554624E-05  0.21762919775748E-02  0.83915214046507E-04  0.29724578744287E-03 -0.93566714861122E-06 -0.10401301004476E-02  0.40854426813652E-03  0.93802631237172E-04  0.97368081071863E-05  0.62023072814916E-05 -0.15327815689187E-04  0.67560424630346E-05  0.51754042972882E-05  0.64683145777593E-05  0.54509728461111E-04  0.39260828339982E-04 -0.17568847306742E-05  0.10711106588775E-04  0.13754259005878E-04 -0.13517604716371E-04 -0.78856501104291E-05  0.68959648155346E-07  0.61862353225442E-06
  -0.92196810472665E-02  0.29405262936822E-02  0.18275304238850E+00 -0.82122004633958E-02 -0.59462297549680E-02 -0.14133901095577E-01  0.48669659546029E-01 -0.12199449544330E-02 -0.86087002887478E-03  0.27311528509464E-01  0.35797244229498E+00  0.44983258143841E-03  0.63294694434190E-01  0.15886138934917E+00 -0.17147971323518E-02  0.34776480805483E-01 -0.68786883865311E-02  0.26294692155037E-01 -0.27655299174657E-03 -0.64344195805157E-02  0.11836632318232E-01 -0.31924542001943E-03 -0.57146900148614E-03 -0.39705070374650E-03  0.24504566490587E-02 -0.27689897832162E-03 -0.44487331045395E-03 -0.31760207573527E-03  0.32474426214229E-02  0.26686162461944E-02 -0.81630969295304E-03 -0.29363009032212E-03 -0.25824321361839E-03  0.77624141398629E-03  0.85203845405083E-03 -0.39997223429540E-04 -0.11869643505025E-03
   0.46463696249632E-03  0.23000181236105E-04 -0.82122004633957E-02  0.23209853015267E-02  0.72053284827552E-02  0.15336234650053E-03 -0.55000847046759E-02  0.87240068511337E-04  0.59734986659326E-04 -0.17892700956671E-02 -0.28388377907069E-01  0.89469257695563E-03 -0.94102266628406E-02  0.30808970030867E-02  0.40023964872955E-03  0.17989116992220E-02 -0.29198017950549E-03 -0.15424595080396E-03  0.75844850871723E-04 -0.86773837808219E-03 -0.36109390002297E-03  0.16026559166168E-03  0.42223190521825E-04  0.41854423100949E-04 -0.32967286110415E-03  0.44489990608356E-05  0.26726903045699E-04  0.33054332386764E-04 -0.21180616131613E-03 -0.29193416797690E-03  0.46385668695621E-04  0.22784415250188E-04  0.17253183057179E-04 -0.44903153359090E-04 -0.51885019203182E-04  0.20186833830648E-05  0.87148202321178E-05
   0.61824240345541E-03  0.76349921226969E-03 -0.59462297549679E-02  0.72053284827552E-02  0.36903719206148E-01 -0.88253730627961E-02  0.20693330452016E-02  0.66402837616697E-04  0.35714930687035E-04  0.29271908587848E-02 -0.10088036372419E-01  0.25137417638009E-02 -0.22252010045741E-01  0.33595483432854E+00  0.15482436100927E-02  0.18116519965535E-01 -0.68050298021346E-02  0.11761097328448E-01  0.24362424211236E-03  0.19505662852500E-02 -0.39044168010251E-02  0.21822738430596E-04  0.16418665783457E-03  0.92750798597870E-04 -0.68210254253453E-03  0.14416212913634E-03  0.66611367567371E-04  0.12251528302465E-04 -0.50099077404760E-04 -0.31319896894850E-03  0.11732254052717E-03  0.74310464728108E-04 -0.73440537380238E-04  0.14628200400090E-04 -0.42309343969790E-04  0.74822626498871E-05  0.31539450696432E-04
   0.64256624448461E-03 -0.33989820283713E-03 -0.14133901095577E-01  0.15336234650054E-03 -0.88253730627961E-02  0.81615887964782E-02 -0.15608944147017E-01  0.19682897825626E-03  0.14515513270549E-03 -0.66041071980627E-02 -0.72890683451275E-01  0.70033396583234E-03 -0.73225642233182E-02 -0.27477552990069E+00 -0.35818854349285E-03 -0.16479596809586E-01  0.50626457215884E-02 -0.11278951633128E-01 -0.10777611146197E-04 -0.82149995537281E-03  0.56088924402031E-03  0.59044343758863E-04 -0.33373702181775E-04 -0.26701773893737E-04 -0.57560717218074E-03 -0.15354355111223E-03 -0.17900138929441E-04 -0.49584495504932E-05 -0.60854885731265E-03 -0.67064241007322E-03  0.49202942032349E-04 -0.25252174792575E-04  0.26924476272726E-04 -0.98998515139705E-04 -0.67040679425516E-04 -0.16980141080292E-05 -0.65777624509462E-05
  -0.23829465723585E-02  0.78400660425207E-03  0.48669659546029E-01 -0.55000847046759E-02  0.20693330452014E-02 -0.15608944147017E-01  0.44633866110930E-01 -0.54759869273316E-03 -0.39278069722604E-03  0.21055264600512E-01  0.21410566426965E+00 -0.36350874082882E-02  0.46411120789002E-01  0.34996697699066E+00 -0.38991939083678E-03  0.23063104034551E-01 -0.80991557532947E-02  0.19562570774134E-01 -0.16537973906344E-03  0.49410595739577E-02 -0.16700358674482E-02 -0.51940105469014E-03 -0.12258682031052E-04  0.21480111875532E-04  0.13545963410339E-02  0.27629492852397E-03 -0.24751132554089E-04 -0.16155354047746E-04  0.16693426867156E-02  0.19349944998930E-02 -0.20612572213174E-03  0.13212151857082E-04 -0.48720796033292E-04  0.28333933784968E-03  0.23039218999912E-03 -0.15467242606574E-05 -0.33521760917794E-05
   0.66207017677668E-04 -0.11064902441921E-04 -0.12199449544330E-02  0.87240068511337E-04  0.66402837616700E-04  0.19682897825625E-03 -0.54759869273316E-03  0.29383540696991E-04  0.22314744676692E-04 -0.39887333962506E-03 -0.61707850744359E-02  0.37687193286799E-04 -0.63304793186494E-03 -0.75676279369216E-02 -0.24459602688319E-04 -0.34182665797984E-03  0.24822966950729E-03 -0.44524459733490E-03  0.24738463477909E-05 -0.91114526707860E-04 -0.96463388677347E-05  0.18298266354247E-04  0.80288915751715E-05  0.71240875003733E-05 -0.13305836077495E-04  0.64361249073244E-05  0.73920475078778E-05  0.70249787717779E-05 -0.15126273179614E-04 -0.16221225843859E-04  0.11008579888937E-04  0.63264563430362E-05  0.66327599043154E-05 -0.20113521194869E-05 -0.14094391375610E-05  0.37920493312073E-06  0.14039519324764E-05
   0.46328688175788E-04 -0.81264705471716E-05 -0.86087002887477E-03  0.59734986659326E-04  0.35714930687038E-04  0.14515513270548E-03 -0.39278069722604E-03  0.22314744676692E-04  0.17777001328970E-04 -0.28151258850760E-03 -0.45694150610721E-02  0.25310999455333E-04 -0.43396581823578E-03 -0.57104871351959E-02 -0.33494128190790E-04 -0.50011574339191E-03  0.20690678744829E-03 -0.38940844459256E-03  0.16671415483581E-05 -0.63835280445491E-04 -0.59096236107423E-05  0.11357089748925E-04  0.52604867463303E-05  0.46582744659151E-05 -0.10964529821585E-04  0.44971940808279E-05  0.47158614577895E-05  0.44693411799640E-05 -0.12159850797610E-04 -0.12915055490079E-04  0.77269078208120E-05  0.40059049736529E-05  0.42570276351142E-05 -0.29165544622877E-06 -0.27549735197637E-07  0.23327725606981E-06  0.11401115937744E-06
  -0.12695977869391E-02  0.62965387572137E-03  0.27311528509464E-01 -0.17892700956672E-02  0.29271908587847E-02 -0.66041071980627E-02  0.21055264600512E-01 -0.39887333962506E-03 -0.28151258850761E-03  0.30091138288557E-01  0.17884491802825E+00 -0.24989101829401E-02  0.46548182012269E-01 -0.50422645428619E-01 -0.43474159001491E-03 -0.35754037686865E-01 -0.10222104160074E-01  0.10728605546978E-01 -0.64425261640992E-04  0.93029313489053E-02 -0.38544043113288E-02 -0.14622485658231E-02 -0.47113041661436E-04  0.20451574334048E-04 -0.14632190990806E-02  0.11610329376807E-03 -0.58263771452010E-04 -0.20111103103094E-04  0.48763617551442E-03  0.55359149974373E-03 -0.12208464952409E-03 -0.63092413174576E-05 -0.22832252393477E-04  0.62537313105831E-03  0.41463138600055E-03 -0.57636488285950E-05 -0.25918882910863E-04
  -0.17677680312542E-01  0.48073189247199E-02  0.35797244229497E+00 -0.28388377907069E-01 -0.10088036372420E-01 -0.72890683451274E-01  0.21410566426965E+00 -0.61707850744359E-02 -0.45694150610721E-02  0.17884491802825E+00  0.19537482206968E+01 -0.18623086884911E-01  0.33076362802895E+00  0.14484918008608E+01 -0.24560632985352E-03 -0.47971780801020E-01 -0.64974285898072E-01  0.88374071409628E-01 -0.87743247262339E-03  0.60082974165139E-01 -0.24349119861359E-01 -0.63119798188544E-02 -0.65333097219505E-04  0.57359713848590E-03  0.87937434769829E-02  0.15575212298839E-02  0.20621423725963E-03  0.64805576180935E-03  0.13306355296930E-01  0.14192578969285E-01 -0.24709289278049E-02  0.49392942052217E-03  0.54910969842844E-03  0.73988237757285E-03 -0.31777041417502E-03 -0.61756173858780E-05 -0.65580900697272E-05
   0.67497901851657E-05  0.94259258761585E-04  0.44983258143847E-03  0.89469257695563E-03  0.25137417638009E-02  0.70033396583232E-03 -0.36350874082882E-02  0.37687193286798E-04  0.25310999455333E-04 -0.24989101829401E-02 -0.18623086884911E-01  0.25800479322136E-02 -0.27730188249479E-01 -0.26590053609203E-01  0.26596582026899E-03  0.89263488895643E-03 -0.46706459558004E-03  0.52342468639830E-03  0.28566750631321E-04 -0.55019885806090E-03  0.34832043478065E-03  0.27583379633707E-04 -0.47167459838560E-05 -0.76273776390986E-05 -0.23995094335430E-04 -0.15640687121917E-04  0.14317632159645E-05 -0.51289755888006E-05  0.35003012889938E-04 -0.14835107614033E-03  0.12062962662698E-04  0.52525673075315E-05 -0.80312621958355E-05  0.67950197394585E-05  0.49643216731397E-05  0.84351920412787E-07  0.20288995962351E-05
  -0.33329685018580E-02 -0.35891114703313E-04  0.63294694434190E-01 -0.94102266628406E-02 -0.22252010045741E-01 -0.73225642233182E-02  0.46411120789002E-01 -0.63304793186495E-03 -0.43396581823579E-03  0.46548182012269E-01  0.33076362802895E+00 -0.27730188249479E-01  0.45621168584484E+00  0.23584889256313E+00 -0.44874972386707E-02 -0.50432954897021E-01  0.10061208293457E-01 -0.21294076454058E-01 -0.31913186640096E-03  0.12312526115142E-01 -0.70859757480883E-02 -0.60032783031782E-03  0.17447786158809E-03  0.19405835574075E-03  0.31096118749146E-03  0.27004455586138E-03  0.15129267462683E-03  0.18068693538889E-03  0.23833761010812E-02  0.27888302014530E-02 -0.29410340217863E-03  0.16510986523778E-03  0.19456421824392E-03 -0.26422291485807E-03 -0.30275772994421E-03  0.22254356632185E-05  0.30349052651403E-04
   0.32807990395453E-02  0.14163303064819E-01  0.15886138934915E+00  0.30808970030868E-02  0.33595483432854E+00 -0.27477552990069E+00  0.34996697699066E+00 -0.75676279369216E-02 -0.57104871351958E-02 -0.50422645428621E-01  0.14484918008608E+01 -0.26590053609203E-01  0.23584889256313E+00  0.89545342358198E+02  0.23793780651837E-01  0.19740000752608E+01 -0.27071066949360E+00  0.82561258080065E+00  0.18320562013594E-02 -0.58491115304258E-01  0.71631736251105E-01  0.10103624584406E-01  0.93300667967635E-02 -0.33464338505890E-03  0.45078491050499E-01  0.16542984395574E-01  0.10249567145985E-01  0.21682457547230E-03  0.33417587315365E-01  0.23972144811028E-01  0.77798797214551E-02  0.95484453605913E-02 -0.60200889085453E-03  0.10022839632257E-02  0.14429172864738E-02  0.48254996962183E-03  0.14246559394096E-02
   0.11475821632746E-03  0.39317400554598E-05 -0.17147971323519E-02  0.40023964872955E-03  0.15482436100927E-02 -0.35818854349285E-03 -0.38991939083678E-03 -0.24459602688319E-04 -0.33494128190790E-04 -0.43474159001490E-03 -0.24560632985353E-03  0.26596582026899E-03 -0.44874972386706E-02  0.23793780651837E-01  0.15911747046183E-02  0.30130179163684E-01 -0.44067138517258E-02  0.10918191003208E-01  0.14725840661704E-04  0.44317516518510E-04  0.17597587434151E-03  0.71771311023500E-04  0.26092673251911E-04  0.19491932932381E-04 -0.11174299427687E-04 -0.26822465126103E-04  0.31376777914629E-04  0.27350451471455E-04 -0.36529814953082E-04 -0.37681686450032E-04  0.19602671597481E-04  0.25117846127429E-04  0.20614667176519E-04 -0.11029838903742E-04  0.17596334938081E-05  0.14277916153426E-05  0.55519531835966E-05
  -0.21734854575788E-03  0.21762919775748E-02  0.34776480805480E-01  0.17989116992219E-02  0.18116519965534E-01 -0.16479596809586E-01  0.23063104034551E-01 -0.34182665797984E-03 -0.50011574339190E-03 -0.35754037686865E-01 -0.47971780801021E-01  0.89263488895625E-03 -0.50432954897020E-01  0.19740000752608E+01  0.30130179163684E-01  0.11944138537233E+01 -0.37546107175018E-01  0.26070741613879E+00  0.10856783066910E-03 -0.61261891340205E-01  0.43661015822957E-01  0.12494622397284E-01  0.10379167774667E-02  0.84854898999119E-03  0.22319817863431E-02  0.16811255776886E-03  0.15953700281290E-02  0.15737835687716E-02  0.21652556874296E-02  0.24289334242658E-02  0.63236933327616E-03  0.13013871247200E-02  0.13590668302031E-02 -0.42912337334531E-02 -0.22736253339361E-02  0.56754454088836E-04  0.25638555651260E-03
   0.43858546983597E-03  0.83915214046521E-04 -0.68786883865306E-02 -0.29198017950545E-03 -0.68050298021344E-02  0.50626457215884E-02 -0.80991557532948E-02  0.24822966950729E-03  0.20690678744829E-03 -0.10222104160074E-01 -0.64974285898073E-01 -0.46706459558000E-03  0.10061208293456E-01 -0.27071066949360E+00 -0.44067138517258E-02 -0.37546107175018E-01  0.30371180322576E-01 -0.53492212969367E-01 -0.24371387773615E-04 -0.12779023912347E-01  0.40015687374859E-02  0.22220912170009E-02  0.77983834482765E-04  0.10062483951421E-03  0.16634363525260E-03  0.16611005614961E-03  0.11694258896529E-03  0.16819406955920E-03  0.31386503353967E-03  0.30672258328687E-03  0.19351517164615E-05  0.10889269984967E-03  0.18780015581542E-03 -0.12499675102709E-02 -0.99230795145968E-03  0.10668141155741E-04  0.42068269888527E-04
  -0.12935846136673E-02  0.29724578744283E-03  0.26294692155036E-01 -0.15424595080404E-03  0.11761097328447E-01 -0.11278951633128E-01  0.19562570774134E-01 -0.44524459733491E-03 -0.38940844459256E-03  0.10728605546978E-01  0.88374071409629E-01  0.52342468639820E-03 -0.21294076454057E-01  0.82561258080065E+00  0.10918191003208E-01  0.26070741613879E+00 -0.53492212969367E-01  0.13107711229186E+00  0.28780940859375E-04  0.88184597420766E-02  0.32655330821091E-02 -0.16333751167277E-02 -0.81310013881891E-04 -0.15603524165808E-03 -0.21519968804302E-03 -0.31861640455339E-03 -0.50121111471326E-04 -0.14936028602220E-03 -0.42041242570633E-03 -0.36266100417253E-03  0.11553824649839E-03 -0.80288369589123E-04 -0.20578733056231E-03  0.15792809787496E-02  0.15496766834123E-02 -0.17110569732672E-04 -0.64469952330326E-04
   0.15574572004983E-04 -0.93566714861119E-06 -0.27655299174656E-03  0.75844850871723E-04  0.24362424211236E-03 -0.10777611146197E-04 -0.16537973906344E-03  0.24738463477909E-05  0.16671415483581E-05 -0.64425261640992E-04 -0.87743247262339E-03  0.28566750631321E-04 -0.31913186640096E-03  0.18320562013594E-02  0.14725840661704E-04  0.10856783066911E-03 -0.24371387773616E-04  0.28780940859377E-04  0.27263705467447E-05 -0.42470707050444E-04 -0.45785768489941E-05  0.57909225241781E-05  0.15539037243860E-05  0.97922462714584E-06 -0.86286714934710E-05  0.50046719133410E-06  0.12131522328336E-05  0.52320580288655E-06 -0.61454040118856E-05 -0.86836578566268E-05  0.18238099311793E-05  0.12941531440946E-05 -0.16010028850889E-06 -0.13457363374592E-05 -0.15123336102267E-05  0.76667720870278E-07  0.28402071336422E-06
   0.38659682442760E-04 -0.10401301004476E-02 -0.64344195805157E-02 -0.86773837808221E-03  0.19505662852499E-02 -0.82149995537276E-03  0.49410595739577E-02 -0.91114526707862E-04 -0.63835280445492E-04  0.93029313489053E-02  0.60082974165139E-01 -0.55019885806091E-03  0.12312526115142E-01 -0.58491115304259E-01  0.44317516518487E-04 -0.61261891340206E-01 -0.12779023912347E-01  0.88184597420763E-02 -0.42470707050444E-04  0.43244714927685E-01 -0.18352008636046E-01 -0.39259290471767E-02 -0.60313896999354E-04 -0.66628292141451E-04  0.41966927815733E-03  0.40791857282564E-04 -0.91283252315343E-04 -0.11862787171144E-03  0.32881536285647E-03  0.35591592482237E-03 -0.39148239452871E-04 -0.23439978393691E-03 -0.28175594277346E-03  0.82864801960903E-03  0.51253994869917E-03 -0.20563808623976E-05 -0.61486722573543E-05
  -0.52533758265744E-03  0.40854426813652E-03  0.11836632318232E-01 -0.36109390002297E-03 -0.39044168010251E-02  0.56088924402028E-03 -0.16700358674482E-02 -0.96463388677348E-05 -0.59096236107424E-05 -0.38544043113287E-02 -0.24349119861359E-01  0.34832043478065E-03 -0.70859757480883E-02  0.71631736251106E-01  0.17597587434152E-03  0.43661015822958E-01  0.40015687374858E-02  0.32655330821093E-02 -0.45785768489938E-05 -0.18352008636046E-01  0.11462499811426E-01  0.12234585314405E-02 -0.59358771099660E-04 -0.60729106414478E-04 -0.39165905037738E-03 -0.10997829930899E-03  0.37094065205777E-04  0.42806987160495E-04 -0.27479771890768E-03 -0.30520984343294E-03  0.10582845885153E-04  0.60680464526661E-04  0.94257880362815E-04 -0.15246821197507E-03  0.81646155072625E-05 -0.57388033670535E-05 -0.25250283188276E-04
   0.72604820057438E-04  0.93802631237173E-04 -0.31924542001943E-03  0.16026559166168E-03  0.21822738430609E-04  0.59044343758860E-04 -0.51940105469014E-03  0.18298266354247E-04  0.11357089748926E-04 -0.14622485658231E-02 -0.63119798188545E-02  0.27583379633708E-04 -0.60032783031783E-03  0.10103624584406E-01  0.71771311023501E-04  0.12494622397284E-01  0.22220912170009E-02 -0.16333751167277E-02  0.57909225241782E-05 -0.39259290471767E-02  0.12234585314405E-02  0.10136746965322E-02  0.42641971867741E-04  0.44868003410561E-04  0.74486012082822E-04  0.25107837180283E-04  0.21384522228921E-04  0.27748434965446E-04  0.85189389616478E-04  0.86420987504449E-04  0.10961454674428E-04  0.86680584983889E-05  0.18863955472270E-04 -0.19122984878761E-03 -0.14570055888199E-03  0.24126427256321E-05  0.98019000129871E-05
   0.47092626846316E-04  0.97368081071864E-05 -0.57146900148613E-03  0.42223190521825E-04  0.16418665783457E-03 -0.33373702181775E-04 -0.12258682031052E-04  0.80288915751716E-05  0.52604867463303E-05 -0.47113041661436E-04 -0.65333097219509E-04 -0.47167459838560E-05  0.17447786158809E-03  0.93300667967634E-02  0.26092673251910E-04  0.10379167774667E-02  0.77983834482766E-04 -0.81310013881894E-04  0.15539037243860E-05 -0.60313896999354E-04 -0.59358771099661E-04  0.42641971867741E-04  0.30469866419649E-04  0.19688569591875E-04  0.53217624448157E-04  0.19103784349376E-04  0.23543205064133E-04  0.21674912061637E-04  0.52024499722061E-04  0.52806006448810E-04  0.95483821888704E-05  0.22472168556033E-04  0.20074980594072E-04 -0.18693654020872E-04 -0.20158403763051E-04  0.91548761764773E-06  0.35256244915261E-05
   0.33925817005907E-04  0.62023072814916E-05 -0.39705070374650E-03  0.41854423100949E-04  0.92750798597870E-04 -0.26701773893736E-04  0.21480111875532E-04  0.71240875003734E-05  0.46582744659152E-05  0.20451574334048E-04  0.57359713848589E-03 -0.76273776390985E-05  0.19405835574075E-03 -0.33464338505895E-03  0.19491932932381E-04  0.84854898999118E-03  0.10062483951422E-03 -0.15603524165808E-03  0.97922462714584E-06 -0.66628292141451E-04 -0.60729106414478E-04  0.44868003410561E-04  0.19688569591875E-04  0.38568768919334E-04  0.57355872219299E-04  0.18652066036579E-04  0.21333855629712E-04  0.25432689850984E-04  0.55911650602711E-04  0.58563665777365E-04  0.53081232424521E-05  0.20042070610287E-04  0.23607405287820E-04 -0.17677496162862E-04 -0.19945120039271E-04  0.81310896336792E-06  0.34538924145305E-05
  -0.11265607035591E-03 -0.15327815689187E-04  0.24504566490587E-02 -0.32967286110415E-03 -0.68210254253453E-03 -0.57560717218074E-03  0.13545963410339E-02 -0.13305836077495E-04 -0.10964529821585E-04 -0.14632190990806E-02  0.87937434769829E-02 -0.23995094335430E-04  0.31096118749146E-03  0.45078491050499E-01 -0.11174299427687E-04  0.22319817863432E-02  0.16634363525261E-03 -0.21519968804302E-03 -0.86286714934710E-05  0.41966927815733E-03 -0.39165905037738E-03  0.74486012082822E-04  0.53217624448157E-04  0.57355872219299E-04  0.88375319385817E-03  0.71831440735739E-04  0.61267227163701E-04  0.65234802786512E-04  0.37434613277080E-03  0.38689849297487E-03 -0.11708309281609E-04  0.56030732495620E-04  0.59042942690628E-04 -0.61374076875102E-04 -0.68404948630465E-04  0.25760338229249E-05  0.11730997021434E-04
   0.28036859305254E-04  0.67560424630346E-05 -0.27689897832162E-03  0.44489990608359E-05  0.14416212913634E-03 -0.15354355111222E-03  0.27629492852397E-03  0.64361249073244E-05  0.44971940808279E-05  0.11610329376807E-03  0.15575212298839E-02 -0.15640687121916E-04  0.27004455586138E-03  0.16542984395574E-01 -0.26822465126103E-04  0.16811255776885E-03  0.16611005614961E-03 -0.31861640455340E-03  0.50046719133411E-06  0.40791857282564E-04 -0.10997829930899E-03  0.25107837180283E-04  0.19103784349376E-04  0.18652066036579E-04  0.71831440735739E-04  0.60386901295442E-04  0.20899329882088E-04  0.20482776336757E-04  0.72891782180751E-04  0.74687113924506E-04  0.65696332749375E-05  0.19878345780202E-04  0.18729152809532E-04 -0.18119283904687E-04 -0.20300430711152E-04  0.99420784011354E-06  0.40804603634887E-05
   0.41476980349689E-04  0.51754042972882E-05 -0.44487331045396E-03  0.26726903045700E-04  0.66611367567372E-04 -0.17900138929441E-04 -0.24751132554091E-04  0.73920475078779E-05  0.47158614577896E-05 -0.58263771452011E-04  0.20621423725961E-03  0.14317632159646E-05  0.15129267462683E-03  0.10249567145985E-01  0.31376777914629E-04  0.15953700281290E-02  0.11694258896529E-03 -0.50121111471330E-04  0.12131522328337E-05 -0.91283252315343E-04  0.37094065205777E-04  0.21384522228922E-04  0.23543205064133E-04  0.21333855629712E-04  0.61267227163701E-04  0.20899329882088E-04  0.31547908803549E-04  0.27701004244348E-04  0.62704300000364E-04  0.63086915937597E-04  0.95262456524206E-05  0.28984471677559E-04  0.26150084873151E-04 -0.23155582385004E-04 -0.23694771123462E-04  0.98554855736402E-06  0.38571809797069E-05
   0.31649401519163E-04  0.64683145777593E-05 -0.31760207573527E-03  0.33054332386765E-04  0.12251528302466E-04 -0.49584495504928E-05 -0.16155354047747E-04  0.70249787717780E-05  0.44693411799641E-05 -0.20111103103095E-04  0.64805576180933E-03 -0.51289755888004E-05  0.18068693538888E-03  0.21682457547225E-03  0.27350451471455E-04  0.15737835687716E-02  0.16819406955920E-03 -0.14936028602220E-03  0.52320580288657E-06 -0.11862787171144E-03  0.42806987160495E-04  0.27748434965446E-04  0.21674912061637E-04  0.25432689850984E-04  0.65234802786512E-04  0.20482776336757E-04  0.27701004244348E-04  0.33915058492380E-04  0.65218716006803E-04  0.67859953056401E-04  0.51966755017878E-05  0.26016395370926E-04  0.31538999076225E-04 -0.24660468702642E-04 -0.25567816859064E-04  0.91522952279152E-06  0.39314546714919E-05
  -0.12597057900929E-03  0.54509728461110E-04  0.32474426214229E-02 -0.21180616131613E-03 -0.50099077404762E-04 -0.60854885731265E-03  0.16693426867156E-02 -0.15126273179614E-04 -0.12159850797611E-04  0.48763617551443E-03  0.13306355296930E-01  0.35003012889937E-04  0.23833761010812E-02  0.33417587315365E-01 -0.36529814953082E-04  0.21652556874296E-02  0.31386503353967E-03 -0.42041242570632E-03 -0.61454040118856E-05  0.32881536285647E-03 -0.27479771890768E-03  0.85189389616478E-04  0.52024499722061E-04  0.55911650602711E-04  0.37434613277080E-03  0.72891782180751E-04  0.62704300000364E-04  0.65218716006803E-04  0.41096531821474E-03  0.32642903595827E-03 -0.52019547385447E-05  0.60829385694249E-04  0.58792195186084E-04 -0.64374271709111E-04 -0.69960423310249E-04  0.25523759558554E-05  0.11906134458194E-04
  -0.99676884955991E-04  0.39260828339981E-04  0.26686162461944E-02 -0.29193416797690E-03 -0.31319896894851E-03 -0.67064241007322E-03  0.19349944998929E-02 -0.16221225843859E-04 -0.12915055490080E-04  0.55359149974372E-03  0.14192578969285E-01 -0.14835107614033E-03  0.27888302014530E-02  0.23972144811029E-01 -0.37681686450032E-04  0.24289334242658E-02  0.30672258328688E-03 -0.36266100417254E-03 -0.86836578566268E-05  0.35591592482237E-03 -0.30520984343294E-03  0.86420987504450E-04  0.52806006448810E-04  0.58563665777365E-04  0.38689849297487E-03  0.74687113924506E-04  0.63086915937597E-04  0.67859953056401E-04  0.32642903595827E-03  0.37250327483254E-03 -0.59923407021498E-05  0.60536380708372E-04  0.61460982946453E-04 -0.66088035389387E-04 -0.71704584867216E-04  0.25935573086428E-05  0.11685149914702E-04
   0.50045286207572E-04 -0.17568847306741E-05 -0.81630969295304E-03  0.46385668695621E-04  0.11732254052717E-03  0.49202942032349E-04 -0.20612572213173E-03  0.11008579888937E-04  0.77269078208120E-05 -0.12208464952409E-03 -0.24709289278049E-02  0.12062962662698E-04 -0.29410340217863E-03  0.77798797214550E-02  0.19602671597481E-04  0.63236933327615E-03  0.19351517164621E-05  0.11553824649839E-03  0.18238099311793E-05 -0.39148239452870E-04  0.10582845885152E-04  0.10961454674428E-04  0.95483821888704E-05  0.53081232424521E-05 -0.11708309281609E-04  0.65696332749375E-05  0.95262456524206E-05  0.51966755017878E-05 -0.52019547385447E-05 -0.59923407021498E-05  0.27643002386815E-03  0.87984736529034E-05  0.45965839566426E-05  0.51875555082453E-05  0.53446822334479E-05  0.24592183500151E-06  0.32054022157866E-06
   0.34200527117232E-04  0.10711106588775E-04 -0.29363009032213E-03  0.22784415250189E-04  0.74310464728109E-04 -0.25252174792575E-04  0.13212151857082E-04  0.63264563430363E-05  0.40059049736530E-05 -0.63092413174578E-05  0.49392942052215E-03  0.52525673075315E-05  0.16510986523778E-03  0.95484453605913E-02  0.25117846127429E-04  0.13013871247200E-02  0.10889269984967E-03 -0.80288369589126E-04  0.12941531440946E-05 -0.23439978393691E-03  0.60680464526660E-04  0.86680584983888E-05  0.22472168556033E-04  0.20042070610287E-04  0.56030732495620E-04  0.19878345780202E-04  0.28984471677559E-04  0.26016395370926E-04  0.60829385694249E-04  0.60536380708372E-04  0.87984736529034E-05  0.41023036554191E-04  0.26929487316969E-04 -0.22020499293890E-04 -0.22461426726012E-04  0.92465492900963E-06  0.36323093113417E-05
   0.28713857483241E-04  0.13754259005878E-04 -0.25824321361838E-03  0.17253183057180E-04 -0.73440537380237E-04  0.26924476272726E-04 -0.48720796033291E-04  0.66327599043154E-05  0.42570276351143E-05 -0.22832252393476E-04  0.54910969842843E-03 -0.80312621958354E-05  0.19456421824392E-03 -0.60200889085458E-03  0.20614667176519E-04  0.13590668302031E-02  0.18780015581542E-03 -0.20578733056231E-03 -0.16010028850888E-06 -0.28175594277346E-03  0.94257880362815E-04  0.18863955472270E-04  0.20074980594072E-04  0.23607405287820E-04  0.59042942690628E-04  0.18729152809532E-04  0.26150084873151E-04  0.31538999076225E-04  0.58792195186084E-04  0.61460982946453E-04  0.45965839566426E-05  0.26929487316969E-04  0.40912839953764E-04 -0.24003697435655E-04 -0.24495061327490E-04  0.84352149608429E-06  0.36200807390705E-05
  -0.57920806964873E-04 -0.13517604716371E-04  0.77624141398629E-03 -0.44903153359092E-04  0.14628200400085E-04 -0.98998515139707E-04  0.28333933784969E-03 -0.20113521194872E-05 -0.29165544622902E-06  0.62537313105832E-03  0.73988237757292E-03  0.67950197394571E-05 -0.26422291485806E-03  0.10022839632259E-02 -0.11029838903741E-04 -0.42912337334531E-02 -0.12499675102709E-02  0.15792809787496E-02 -0.13457363374592E-05  0.82864801960903E-03 -0.15246821197507E-03 -0.19122984878761E-03 -0.18693654020872E-04 -0.17677496162862E-04 -0.61374076875101E-04 -0.18119283904687E-04 -0.23155582385004E-04 -0.24660468702642E-04 -0.64374271709111E-04 -0.66088035389386E-04  0.51875555082453E-05 -0.22020499293890E-04 -0.24003697435655E-04  0.25349404617775E-03  0.11015872368472E-03 -0.19292211286071E-05 -0.85508824866942E-05
