# fitpack15: fit parameters                                                                         
# CJ15_AV18                                                                                         
# Created on 07/02/2015 at 07:22:22                                                                 

 # QCD setup
  INS	                    0
  NVL                          11
  IORD                          1
  Q02                   1.6899999999999999     
  IPARAMC                       7
  FLAVOR                4.0000000000000000     
  xmc                   1.3000000000000000     
  xmb                   4.5000000000000000     
  ncb                          12

 # Theory corrections
  inuke                         0
  itmc                          1
  iht                           1

 # fit parameters
 LAMBDA       0.22680        0.0000    
 a0uv          2.7660        0.0000    
 a1uv         0.64572       0.19415E-01
 a2uv          3.5376       0.13272E-01
 a3uv          0.0000        0.0000    
 a4uv          2.7651       0.35029    
 a5uv          0.0000        0.0000    
 a0dv          46.184        0.0000    
 a1dv          1.2801       0.43619E-01
 a2dv          7.8713       0.18168    
 a3dv         -3.9532       0.84228E-01
 a4dv          5.3632       0.18536    
 a5dv          0.0000        0.0000    
 a0ud         0.14187       0.52181E-02
 a1ud        -0.21761       0.40393E-02
 a2ud          8.3632       0.16856    
 a3ud          0.0000        0.0000    
 a4ud          15.142        1.2762    
 a5ud          0.0000        0.0000    
 a0du          35712.        0.0000    
 a1du          3.9776       0.49260E-01
 a2du          19.964       0.65862    
 a3du          17.000        0.0000    
 a4du          61.851        9.9241    
 a0g           61.623        0.0000    
 a1g          0.66513       0.40292E-01
 a2g           6.9259        1.0182    
 a3g          -3.5473       0.15970    
 a4g           3.5969       0.35650    
 a5g           0.0000        0.0000    
 kappa        0.40000        0.0000    
 a6dv        -0.88267E-02   0.14155E-02
 a7dv          2.0000        0.0000    
 x0_KP        0.32900        0.0000    
 C_KP         0.97630E-01    0.0000    
 ht1          -2.4133       0.20590    
 ht2           1.5495       0.10570    
 ht3          -2.1482       0.31860E-01
 ht4           0.0000        0.0000    
 dummy40       0.0000        0.0000    
 dummy41       0.0000        0.0000    
 dummy42       0.0000        0.0000    
 dummy43       0.0000        0.0000    
 dummy44       0.0000        0.0000    
 dummy45       0.0000        0.0000    
 dummy46       0.0000        0.0000    
 dummy47       0.0000        0.0000    
 dummy48       0.0000        0.0000    
 dummy49       0.0000        0.0000    
 bcdmsh2      0.96774       0.54966E-02
 bcdmsd2      0.99829       0.61846E-02
 ccfr          1.0000        0.0000    
 nutev         1.0000        0.0000    
 zeus         0.97998        0.0000    
 h1            1.0162        0.0000    
 e605          1.0121       0.29199E-01
 NmcH2         1.0163       0.77481E-02
 ntv_nu        1.0000        0.0000    
 ntv_nubar     1.0000        0.0000    
 cdf_jet      0.98910        0.0000    
 d0_jet       0.83504        0.0000    
 slac_p       0.99928       0.55717E-02
 slac_d        1.0058       0.57411E-02
 e866pp       0.95487       0.19615E-01
 e866pd       0.96633       0.18710E-01
 d0_gamjet     1.0388       0.16609E-01
 h1b          0.97608        0.0000    
 jlab_p       0.98659       0.63710E-02
 jlab_d       0.97939       0.63220E-02
 blank         1.0000        0.0000    
 d0run2       0.95120       0.15574E-01
 cdfrun2      0.93110       0.18092E-01
 HERA_el      0.99980       0.34138E-02
 HERA_ps      0.99499       0.31471E-02
 CDF_Z        0.97281       0.67164E-02
 NmcRat        1.0000        0.0000    
 BNS_F2nd     0.97241       0.63985E-02
 END 0. 0.

 # Hessian matrix (Bevington alpha)
   0.44199579989114E+07 -0.12825825907918E+07  0.25658031474251E+06  0.83660430640119E+06 -0.89995312910278E+05 -0.71473660411777E+05  0.30448394510248E+05  0.96266902674199E+06 -0.15098545881887E+06 -0.48717823767881E+05  0.75255208513079E+04  0.85848455259680E+04  0.10824616516018E+04 -0.11158598592135E+02  0.16722690800167E+05 -0.21777714962012E+04  0.14528009406460E+05  0.87610993143252E+04 -0.15167204837879E+08
  -0.12825825907918E+07  0.43685225586087E+06 -0.76750370094031E+05 -0.22569255849720E+06  0.20259833607343E+05  0.35876969881232E+05  0.16707540925894E+04 -0.14996937005758E+06  0.26758026673523E+05  0.80525615695180E+04 -0.11070835004742E+04 -0.68948316333148E+03 -0.80361059202542E+02  0.39667190396454E+00 -0.18026428523406E+04  0.14002101844935E+03 -0.17723156291118E+04 -0.84863711752167E+03  0.52161361013154E+07
   0.25658031474251E+06 -0.76750370094031E+05  0.15047121817472E+05  0.47979607162512E+05 -0.51135096206203E+04 -0.49795206457799E+04  0.13243241430339E+04  0.44214364265840E+05 -0.67175213869164E+04 -0.24596014366864E+04  0.34743852857814E+03  0.25474183305500E+03  0.41764520212030E+02 -0.54913997736760E+00  0.48909813323730E+03 -0.65057918918578E+02  0.41803001357827E+03  0.25103296640456E+03 -0.91007742482860E+06
   0.83660430640119E+06 -0.22569255849720E+06  0.47979607162512E+05  0.24802482857032E+06 -0.28957510745086E+05 -0.60257489060291E+04  0.17553633245048E+05  0.23396790233761E+06 -0.32709273554790E+05 -0.12820519284439E+05  0.18853729760395E+04  0.55996741945097E+03  0.36260457942003E+02  0.45401745343564E+01  0.27989892203172E+04 -0.38481931197584E+03  0.18277939657912E+04  0.12367251061525E+04 -0.36325061860753E+07
  -0.89995312910278E+05  0.20259833607343E+05 -0.51135096206203E+04 -0.28957510745086E+05  0.39782723630025E+04  0.25415477755809E+03 -0.26248626937455E+04 -0.21894563335687E+05  0.20428482634685E+04  0.15199028512448E+04 -0.18858784451824E+03 -0.12344802384825E+03 -0.69513178049141E+01 -0.43025334610720E+00 -0.46320407888926E+02  0.10372937482005E+02  0.59102667151327E+02  0.21035938977118E+02  0.33489539640293E+06
  -0.71473660411777E+05  0.35876969881232E+05 -0.49795206457799E+04 -0.60257489060291E+04  0.25415477755809E+03  0.12173983930482E+05  0.53714151184688E+04  0.68656180922950E+05 -0.13524613552079E+05 -0.22363302623028E+04  0.51557866435053E+03 -0.20869624171276E+03 -0.14945621410114E+02  0.18378945841798E+01  0.96535424689345E+03 -0.18441498592140E+03  0.58946420330994E+03  0.54597496930783E+03  0.59095780081877E+06
   0.30448394510248E+05  0.16707540925894E+04  0.13243241430339E+04  0.17553633245048E+05 -0.26248626937455E+04  0.53714151184688E+04  0.43662519114378E+04  0.42055392013558E+05 -0.61488824012661E+04 -0.20408544330940E+04  0.34018715642244E+03  0.40889296479346E+02  0.68137993879394E+00  0.10045538014238E+01  0.30695006850037E+03 -0.73442478473404E+02  0.20709863677656E+02  0.12094842311290E+03  0.29754070492272E+05
   0.96266902674199E+06 -0.14996937005758E+06  0.44214364265840E+05  0.23396790233761E+06 -0.21894563335687E+05  0.68656180922950E+05  0.42055392013558E+05  0.49002082329766E+07 -0.25124358635522E+07 -0.80134809486200E+05  0.22069782916805E+05  0.24714338237995E+05  0.18864837947306E+04  0.38364660489159E+02  0.34880698763707E+05 -0.49600908925263E+04  0.38338582590733E+05  0.21865919020048E+05 -0.95920528812044E+06
  -0.15098545881887E+06  0.26758026673523E+05 -0.67175213869164E+04 -0.32709273554790E+05  0.20428482634685E+04 -0.13524613552079E+05 -0.61488824012661E+04 -0.25124358635522E+07  0.22169423879616E+07  0.18225208465281E+05 -0.56571327427628E+04 -0.50543685208691E+04 -0.33412054833379E+03 -0.97018290404231E+01  0.44040894536305E+05 -0.23696666734752E+04  0.17513375163961E+05  0.90689692493102E+04  0.53504445193260E+05
  -0.48717823767881E+05  0.80525615695180E+04 -0.24596014366864E+04 -0.12820519284439E+05  0.15199028512448E+04 -0.22363302623028E+04 -0.20408544330940E+04 -0.80134809486200E+05  0.18225208465281E+05  0.25434277963486E+04 -0.55029283855665E+03 -0.67625964520225E+03 -0.65350636265512E+02 -0.26369691083241E+00 -0.19762795148705E+04  0.25229493024269E+03 -0.16192360544653E+04 -0.10045041784519E+04  0.84327813751995E+05
   0.75255208513079E+04 -0.11070835004742E+04  0.34743852857814E+03  0.18853729760395E+04 -0.18858784451824E+03  0.51557866435053E+03  0.34018715642244E+03  0.22069782916805E+05 -0.56571327427628E+04 -0.55029283855665E+03  0.14119962528128E+03  0.17978170475988E+03  0.14509022300372E+02  0.16751171551276E+00  0.63165036514320E+03 -0.69049756141890E+02  0.51505535321762E+03  0.29536441803502E+03 -0.85074164322712E+04
   0.85848455259680E+04 -0.68948316333148E+03  0.25474183305500E+03  0.55996741945097E+03 -0.12344802384825E+03 -0.20869624171276E+03  0.40889296479346E+02  0.24714338237995E+05 -0.50543685208691E+04 -0.67625964520225E+03  0.17978170475988E+03  0.28587873039192E+04  0.18552398391116E+03  0.17025209244844E-01  0.11746017665035E+04 -0.15830718618742E+03  0.12463102411477E+04  0.74113311406499E+03 -0.13894244287557E+05
   0.10824616516018E+04 -0.80361059202542E+02  0.41764520212030E+02  0.36260457942003E+02 -0.69513178049141E+01 -0.14945621410114E+02  0.68137993879394E+00  0.18864837947306E+04 -0.33412054833379E+03 -0.65350636265512E+02  0.14509022300372E+02  0.18552398391116E+03  0.16050585230176E+02 -0.51893941603551E-01  0.74801245946017E+02 -0.11544724149554E+02  0.77900878721695E+02  0.50466345814663E+02 -0.79060991146844E+03
  -0.11158598592135E+02  0.39667190396454E+00 -0.54913997736760E+00  0.45401745343564E+01 -0.43025334610720E+00  0.18378945841798E+01  0.10045538014238E+01  0.38364660489159E+02 -0.97018290404231E+01 -0.26369691083241E+00  0.16751171551276E+00  0.17025209244844E-01 -0.51893941603551E-01  0.18259432376206E-01  0.33374493258415E+01 -0.13439245127107E+00  0.12953122731770E+01  0.43629679072913E+00 -0.23520004034493E+02
   0.16722690800167E+05 -0.18026428523406E+04  0.48909813323730E+03  0.27989892203172E+04 -0.46320407888926E+02  0.96535424689345E+03  0.30695006850037E+03  0.34880698763707E+05  0.44040894536305E+05 -0.19762795148705E+04  0.63165036514320E+03  0.11746017665035E+04  0.74801245946017E+02  0.33374493258415E+01  0.23428307660402E+05 -0.21097281278102E+04  0.16703562970686E+05  0.90580167521469E+04 -0.12725607424546E+05
  -0.21777714962012E+04  0.14002101844935E+03 -0.65057918918578E+02 -0.38481931197584E+03  0.10372937482005E+02 -0.18441498592140E+03 -0.73442478473404E+02 -0.49600908925263E+04 -0.23696666734752E+04  0.25229493024269E+03 -0.69049756141890E+02 -0.15830718618742E+03 -0.11544724149554E+02 -0.13439245127107E+00 -0.21097281278102E+04  0.22651713446622E+03 -0.17183017307457E+04 -0.98221096900379E+03  0.65468631563405E+03
   0.14528009406460E+05 -0.17723156291118E+04  0.41803001357827E+03  0.18277939657912E+04  0.59102667151327E+02  0.58946420330994E+03  0.20709863677656E+02  0.38338582590733E+05  0.17513375163961E+05 -0.16192360544653E+04  0.51505535321762E+03  0.12463102411477E+04  0.77900878721695E+02  0.12953122731770E+01  0.16703562970686E+05 -0.17183017307457E+04  0.13747274615955E+05  0.76616185107335E+04 -0.15739861205416E+05
   0.87610993143252E+04 -0.84863711752167E+03  0.25103296640456E+03  0.12367251061525E+04  0.21035938977118E+02  0.54597496930783E+03  0.12094842311290E+03  0.21865919020048E+05  0.90689692493102E+04 -0.10045041784519E+04  0.29536441803502E+03  0.74113311406499E+03  0.50466345814663E+02  0.43629679072913E+00  0.90580167521469E+04 -0.98221096900379E+03  0.76616185107335E+04  0.43623047454187E+04 -0.74412173907540E+04
  -0.15167204837879E+08  0.52161361013154E+07 -0.91007742482860E+06 -0.36325061860753E+07  0.33489539640293E+06  0.59095780081877E+06  0.29754070492272E+05 -0.95920528812044E+06  0.53504445193260E+05  0.84327813751995E+05 -0.85074164322712E+04 -0.13894244287557E+05 -0.79060991146844E+03 -0.23520004034493E+02 -0.12725607424546E+05  0.65468631563405E+03 -0.15739861205416E+05 -0.74412173907540E+04  0.83759454816019E+08

 # Covariance matrix (Bevington epsilon)
   0.37693526854589E-03 -0.10357564632548E-03 -0.65788621902780E-02  0.27851201165147E-03  0.24908029047947E-03  0.41581224309947E-03 -0.14846242961337E-02  0.50718725702764E-04  0.34962567903624E-04 -0.81522363470974E-03 -0.12000095249569E-01  0.22615504483196E-05 -0.27670490432319E-02  0.17311105637419E-01  0.12404349875197E-03  0.62528337868787E-03  0.92125078391349E-04 -0.52123212794615E-03  0.89976429968869E-05  0.78912769523844E-04 -0.43394466289996E-03  0.56856729107689E-04  0.44079117361637E-04  0.34008112815934E-04 -0.63614682727490E-04  0.25671595129865E-04  0.39715547884632E-04  0.32595190196206E-04 -0.74813743663966E-04 -0.51896645384070E-04  0.39798734226273E-04  0.32837493003519E-04  0.30050727339689E-04 -0.37388403796814E-04 -0.43442853698973E-04  0.23179177813011E-05  0.78362289188434E-05  0.56432510070477E-04 -0.12451693573206E-04
  -0.10357564632549E-03  0.17614520819790E-03  0.26983901503764E-02  0.37938660546947E-04  0.79711461210826E-03 -0.31820794247777E-03  0.70965916987083E-03 -0.11022664001390E-04 -0.80556592134186E-05  0.59292029600966E-03  0.44384539838798E-02  0.83914246953644E-04  0.15243448300015E-03  0.11331002567962E-01  0.72963325846563E-05  0.22147259110639E-02  0.50504126419008E-04  0.37687754079585E-03 -0.49535493451771E-06 -0.10893298174200E-02  0.44100538508746E-03  0.10129279129652E-03  0.86949038363551E-05  0.52525995101693E-05 -0.19890284814068E-04  0.62909739582992E-05  0.43403702159300E-05  0.57852289976090E-05  0.50313719217345E-04  0.35123037662570E-04 -0.17544030007538E-05  0.10117801308670E-04  0.13187920288922E-04 -0.15818618813515E-04 -0.92705259858565E-05  0.45491528997022E-07  0.45627377745888E-06 -0.11440167549440E-05 -0.41590752873165E-05
  -0.65788621902780E-02  0.26983901503764E-02  0.12270644652642E+00 -0.43937629461258E-02  0.71977083264574E-03 -0.90587568526128E-02  0.29343687756984E-01 -0.86413020803425E-03 -0.60259517573341E-03  0.17434540597734E-01  0.23286534163192E+00  0.41659585371026E-03  0.50009235027657E-01 -0.93777551983104E-01 -0.16995489017545E-02  0.17004164349514E-01 -0.11539464736976E-02  0.12277032291048E-01 -0.14369937183470E-03 -0.69843835189731E-02  0.95608938732162E-02  0.11840962400059E-04 -0.48212780333222E-03 -0.37281631535034E-03  0.14004826140256E-02 -0.21860561273093E-03 -0.38670989570385E-03 -0.31357389614552E-03  0.21039220188667E-02  0.16302352410277E-02 -0.57950877194491E-03 -0.25295450573184E-03 -0.26400471795615E-03  0.36798139077674E-03  0.49797339117947E-03 -0.30267348894841E-04 -0.97810387025517E-04 -0.75771834215987E-03  0.12797168740485E-03
   0.27851201165147E-03  0.37938660546947E-04 -0.43937629461258E-02  0.19026162753080E-02  0.61504997836062E-02 -0.14302624800735E-03 -0.37427754915030E-02  0.60402848496469E-04  0.40339686922326E-04 -0.94392215781022E-03 -0.18653383242621E-01  0.80431221466439E-03 -0.77601625686440E-02  0.55988927469023E-02  0.43092250729839E-03  0.24464071076782E-02 -0.10969818747909E-02  0.13695786809521E-02  0.58277269756860E-04 -0.63337201175026E-03 -0.22226199896818E-03  0.10620165351840E-03  0.33396095814851E-04  0.41922252148201E-04 -0.24774532904198E-03 -0.61901780036773E-05  0.20398701860509E-04  0.34968135264810E-04 -0.14164711398048E-03 -0.21901666567033E-03  0.26056539394425E-04  0.17173854891479E-04  0.20598378015706E-04  0.69501498415121E-05 -0.10032000810933E-04  0.10333760247594E-05  0.65019799103118E-05  0.59404180450814E-04  0.15836712501215E-04
   0.24908029047947E-03  0.79711461210826E-03  0.71977083264565E-03  0.61504997836062E-02  0.33007565669814E-01 -0.87400574760191E-02  0.47517167380759E-02  0.11917670049149E-04 -0.23756808777088E-05  0.43861052323247E-02  0.74902830415453E-02  0.22109543109418E-02 -0.17702870218966E-01  0.32636726356648E+00  0.15587588548142E-02  0.17095215175106E-01 -0.80950078539224E-02  0.13974184739836E-01  0.19511307091584E-03  0.17665927311019E-02 -0.30859365412877E-02 -0.29342187911138E-04  0.13659171539842E-03  0.93684418956084E-04 -0.50808724165260E-03  0.11051811754864E-03  0.49804537812844E-04  0.26474878414449E-04  0.63766452185587E-04 -0.18041554049888E-03  0.67603314260154E-04  0.53973410320645E-04 -0.51736917826222E-04  0.11490749959649E-03  0.39640701409123E-04  0.50257816611717E-05  0.25600082457013E-04  0.16140657230024E-03 -0.50226413323255E-04
   0.41581224309947E-03 -0.31820794247777E-03 -0.90587568526127E-02 -0.14302624800738E-03 -0.87400574760192E-02  0.70944396762712E-02 -0.12819660008014E-01  0.16088867159344E-03  0.11797259670207E-03 -0.54152224541273E-02 -0.58583817964015E-01  0.59307310353432E-03 -0.53040269677812E-02 -0.25504964955871E+00 -0.27316872721556E-03 -0.11828597579171E-01  0.39619370068737E-02 -0.86342435781072E-02 -0.18363676434258E-04 -0.47618939411483E-03  0.57082055265528E-03  0.65020436460014E-05 -0.35616403268545E-04 -0.21359554205652E-04 -0.46389805977207E-03 -0.15061721713372E-03 -0.19194813281776E-04 -0.65554780278352E-06 -0.49148156667814E-03 -0.55578578036833E-03  0.27812055317827E-04 -0.24294165727577E-04  0.29415364758923E-04 -0.46387910745889E-04 -0.24981451491306E-04 -0.23597031459717E-05 -0.71819116580799E-05 -0.21085764070774E-04  0.46663058021742E-05
  -0.14846242961337E-02  0.70965916987082E-03  0.29343687756984E-01 -0.37427754915029E-02  0.47517167380761E-02 -0.12819660008014E-01  0.34359857302711E-01 -0.41064271882267E-03 -0.29212421432048E-03  0.16417865247483E-01  0.16113778786831E+00 -0.31705066850215E-02  0.37910791730989E-01  0.29945899421636E+00 -0.58889232331624E-03  0.14361953623501E-01 -0.39334217742708E-02  0.10888584847653E-01 -0.10238605816844E-03  0.32919583788685E-02 -0.17816213903783E-02 -0.23949730491910E-03  0.13152993697617E-04  0.12711495432422E-04  0.94764020751530E-03  0.29553676678601E-03 -0.57982670325621E-05 -0.24359809069865E-04  0.12659939442157E-02  0.15240245908908E-02 -0.11672114045717E-03  0.23997898523460E-04 -0.57096799131320E-04  0.48575474067109E-04  0.42405868192462E-04  0.21463660779585E-05  0.35549661083234E-05 -0.34765140703865E-04  0.44829270742679E-04
   0.50718725702764E-04 -0.11022664001389E-04 -0.86413020803425E-03  0.60402848496469E-04  0.11917670049145E-04  0.16088867159344E-03 -0.41064271882268E-03  0.27228410478205E-04  0.20544647849990E-04 -0.33389386738451E-03 -0.52836537516131E-02  0.33829188003496E-04 -0.52889627707887E-03 -0.64582233772715E-02 -0.19353048047394E-04 -0.18581950079652E-03  0.16025354146996E-03 -0.26845505046398E-03  0.15105713387891E-05 -0.75600761856180E-04 -0.78725366650521E-06  0.14636692005309E-04  0.75079661669684E-05  0.71817843188862E-05 -0.66097953397580E-05  0.59439936822797E-05  0.70030585113019E-05  0.71522343742431E-05 -0.85102803564368E-05 -0.98760671997905E-05  0.94717882545017E-05  0.59891403711166E-05  0.68120598439257E-05  0.19272794550534E-05  0.17220215215389E-05  0.31392263717620E-06  0.12803225669957E-05  0.11584632111279E-04 -0.33794596532716E-06
   0.34962567903624E-04 -0.80556592134185E-05 -0.60259517573341E-03  0.40339686922325E-04 -0.23756808777116E-05  0.11797259670208E-03 -0.29212421432049E-03  0.20544647849990E-04  0.16315998253492E-04 -0.23239373564932E-03 -0.38882748193273E-02  0.22409667785413E-04 -0.35778179338425E-03 -0.48815565379197E-02 -0.29526999260330E-04 -0.37180208326308E-03  0.14385479783349E-03 -0.26099403056615E-03  0.98122329125219E-06 -0.50105737370749E-04 -0.52238866166060E-06  0.83973738753694E-05  0.48365358852857E-05  0.46493880436238E-05 -0.61096824901574E-05  0.41009885411318E-05  0.43873833624699E-05  0.45050247105772E-05 -0.73982379516275E-05 -0.83370705623994E-05  0.65640775342573E-05  0.37237087039728E-05  0.43330893446565E-05  0.25405802266114E-05  0.22251430415722E-05  0.18461980313569E-06  0.18788633391278E-07  0.74368814041678E-05 -0.23466567656035E-06
  -0.81522363470976E-03  0.59292029600966E-03  0.17434540597734E-01 -0.94392215781021E-03  0.43861052323249E-02 -0.54152224541275E-02  0.16417865247484E-01 -0.33389386738452E-03 -0.23239373564932E-03  0.28413628596129E-01  0.15488653313928E+00 -0.23028662904879E-02  0.42305101256155E-01 -0.90977371101872E-01 -0.67659554010108E-03 -0.39060434943884E-01 -0.60422265539187E-02  0.29418255810958E-02 -0.34978276789846E-04  0.91130351555132E-02 -0.42176508223275E-02 -0.13678180506360E-02 -0.26901745182875E-04  0.24860023434705E-04 -0.16319102122819E-02  0.13556841823112E-03 -0.41087860791892E-04 -0.15160786630176E-04  0.32037140314525E-03  0.39034121723132E-03 -0.77106467338317E-04  0.56081802047275E-05 -0.19401138393247E-04  0.49191822740720E-03  0.30930923934042E-03 -0.35358320818878E-05 -0.20960039379450E-04 -0.28340674787009E-04  0.70856142643945E-04
  -0.12000095249569E-01  0.44384539838798E-02  0.23286534163193E+00 -0.18653383242621E-01  0.74902830415469E-02 -0.58583817964016E-01  0.16113778786832E+00 -0.52836537516131E-02 -0.38882748193274E-02  0.15488653313928E+00  0.16286899834186E+01 -0.16592606839327E-01  0.28453728111920E+00  0.10317832024259E+01 -0.20771330445533E-02 -0.91235371527428E-01 -0.31307307558202E-01  0.23146800965295E-01 -0.53101661709453E-03  0.55286849596332E-01 -0.27915550618113E-01 -0.51539751233762E-02  0.13591843770477E-03  0.57021599143316E-03  0.64019917658983E-02  0.17150215423540E-02  0.34419006844531E-03  0.61117340124919E-03  0.10879785120181E-01  0.11829500460240E-01 -0.18894451209235E-02  0.59519768586183E-03  0.49653688578165E-03 -0.52434470516756E-03 -0.13182223646216E-02  0.17152612797056E-04  0.40126850175366E-04  0.29447358192781E-03  0.71075172905647E-03
   0.22615504483185E-05  0.83914246953644E-04  0.41659585371027E-03  0.80431221466439E-03  0.22109543109418E-02  0.59307310353434E-03 -0.31705066850216E-02  0.33829188003496E-04  0.22409667785413E-04 -0.23028662904879E-02 -0.16592606839327E-01  0.24265297935497E-02 -0.26146168459206E-01 -0.24199566830787E-01  0.26800050321949E-03  0.40285437714701E-03 -0.63856044811934E-03  0.70064047199778E-03  0.24305417645912E-04 -0.42516503172175E-03  0.32144813868527E-03  0.79272916491837E-05 -0.49496324186431E-05 -0.49990929068979E-05 -0.99160239442887E-05 -0.14861130151861E-04  0.10097168904294E-05 -0.23004214888717E-05  0.37964962269311E-04 -0.13684865089834E-03  0.92621397842136E-05  0.38969459948252E-05 -0.47288654547030E-05  0.21965494532887E-04  0.15220834611468E-04 -0.17770932629388E-07  0.18177912239355E-05 -0.63569365295700E-05 -0.43074755213804E-05
  -0.27670490432319E-02  0.15243448300015E-03  0.50009235027657E-01 -0.77601625686440E-02 -0.17702870218966E-01 -0.53040269677815E-02  0.37910791730990E-01 -0.52889627707888E-03 -0.35778179338425E-03  0.42305101256155E-01  0.28453728111920E+00 -0.26146168459206E-01  0.43377956502061E+00  0.11433645948856E+00 -0.45088655255416E-02 -0.39414888545798E-01  0.14322659344051E-01 -0.26437460063601E-01 -0.25195777487120E-03  0.10670777820038E-01 -0.69702520503249E-02 -0.30264984457408E-03  0.18881993106294E-03  0.16569485198928E-03  0.19835156667310E-04  0.27213880481864E-03  0.16553125008097E-03  0.15004248419076E-03  0.21142604402142E-02  0.24842200857395E-02 -0.22071259204522E-03  0.18856286764289E-03  0.15826063093962E-03 -0.51768136578555E-03 -0.47934757260398E-03  0.50166435945834E-05  0.35371898004205E-04  0.14950292982417E-03  0.59285591321308E-04
   0.17311105637419E-01  0.11331002567961E-01 -0.93777551983111E-01  0.55988927469040E-02  0.32636726356648E+00 -0.25504964955871E+00  0.29945899421635E+00 -0.64582233772713E-02 -0.48815565379196E-02 -0.90977371101880E-01  0.10317832024258E+01 -0.24199566830785E-01  0.11433645948854E+00  0.98487783150309E+02  0.21901870270560E-01  0.17559571333277E+01 -0.28367851989154E+00  0.81264959994880E+00  0.18873155529702E-02 -0.72000294742326E-01  0.64275538976442E-01  0.13300880215324E-01  0.10541915513895E-01 -0.93320038104788E-04  0.42670867993547E-01  0.17819354497144E-01  0.11332990812520E-01  0.40271301493721E-03  0.30286818152103E-01  0.21928863344418E-01  0.95458662585506E-02  0.10409593936651E-01 -0.42112163789258E-03 -0.13469489004533E-02 -0.70983409341195E-03  0.57077495881941E-03  0.16161839933838E-02 -0.88248768161964E-03 -0.17298310846622E-01
   0.12404349875198E-03  0.72963325846525E-05 -0.16995489017546E-02  0.43092250729841E-03  0.15587588548142E-02 -0.27316872721551E-03 -0.58889232331635E-03 -0.19353048047391E-04 -0.29526999260328E-04 -0.67659554010115E-03 -0.20771330445542E-02  0.26800050321950E-03 -0.45088655255418E-02  0.21901870270559E-01  0.16234748375235E-02  0.29230835867216E-01 -0.45422187138683E-02  0.11056561716561E-01  0.14803878217771E-04 -0.37516568569853E-03  0.35031744928826E-03  0.13163393555121E-03  0.27372352708594E-04  0.19756312771340E-04 -0.24646449862952E-04 -0.26799686065190E-04  0.33497338230344E-04  0.29322640439772E-04 -0.39690612113098E-04 -0.41456024582956E-04  0.22028997312032E-04  0.26464394231239E-04  0.22216820985541E-04 -0.32402409637750E-04 -0.13954967803379E-04  0.15795286677299E-05  0.59965081282471E-05  0.23623933202636E-04 -0.95415117593649E-05
   0.62528337868809E-03  0.22147259110637E-02  0.17004164349510E-01  0.24464071076785E-02  0.17095215175106E-01 -0.11828597579170E-01  0.14361953623498E-01 -0.18581950079644E-03 -0.37180208326302E-03 -0.39060434943886E-01 -0.91235371527450E-01  0.40285437714725E-03 -0.39414888545802E-01  0.17559571333276E+01  0.29230835867216E-01  0.10367471550712E+01 -0.57267886635546E-01  0.26812243206643E+00  0.11370748937383E-03 -0.66782034938295E-01  0.42269494644032E-01  0.12971642249702E-01  0.10098417575044E-02  0.79799272454365E-03  0.15841400498886E-02  0.20258005943247E-03  0.15131336777600E-02  0.14665505471048E-02  0.18334568516331E-02  0.20894727905403E-02  0.63732394823356E-03  0.12528804433979E-02  0.12619604232302E-02 -0.44472252216226E-02 -0.25798834223133E-02  0.59728742856551E-04  0.26063534191063E-03  0.64477965294286E-03 -0.38102882894024E-04
   0.92125078391312E-04  0.50504126419025E-04 -0.11539464736969E-02 -0.10969818747910E-02 -0.80950078539224E-02  0.39619370068736E-02 -0.39334217742703E-02  0.16025354146995E-03  0.14385479783348E-03 -0.60422265539184E-02 -0.31307307558199E-01 -0.63856044811938E-03  0.14322659344051E-01 -0.28367851989154E+00 -0.45422187138683E-02 -0.57267886635546E-01  0.25502851326291E-01 -0.49470553529990E-01 -0.48508046191789E-04 -0.84707824373675E-02  0.19870831463794E-02  0.14833822606377E-02  0.42665417359168E-04  0.88139030697655E-04  0.33726295725234E-03  0.14257284446001E-03  0.64474661060334E-04  0.12709499679391E-03  0.42484426806533E-03  0.41520395309801E-03 -0.65387645936498E-04  0.70950384507408E-04  0.15209748651874E-03 -0.89343035074704E-03 -0.76051724073785E-03  0.73430006002333E-05  0.32487148525311E-04  0.21448383148786E-03  0.12004223919950E-03
  -0.52123212794605E-03  0.37687754079580E-03  0.12277032291046E-01  0.13695786809523E-02  0.13974184739836E-01 -0.86342435781068E-02  0.10888584847651E-01 -0.26845505046394E-03 -0.26099403056612E-03  0.29418255810950E-02  0.23146800965285E-01  0.70064047199789E-03 -0.26437460063603E-01  0.81264959994879E+00  0.11056561716561E-01  0.26812243206643E+00 -0.49470553529990E-01  0.12709534945132E+00  0.73817325839823E-04  0.61894108719240E-03  0.63866778096787E-02 -0.29532837102759E-03 -0.23689910407455E-04 -0.14191512365935E-03 -0.62259248192555E-03 -0.26880062991942E-03  0.27602785657295E-04 -0.96548349654751E-04 -0.67585685599544E-03 -0.61272566295869E-03  0.23328037670122E-03 -0.20739085102628E-04 -0.16079259092848E-03  0.94428459375128E-03  0.10992475538391E-02 -0.10740828356663E-04 -0.46646215728435E-04 -0.46898230593676E-03 -0.22589617781847E-03
   0.89976429968870E-05 -0.49535493451772E-06 -0.14369937183470E-03  0.58277269756860E-04  0.19511307091584E-03 -0.18363676434257E-04 -0.10238605816844E-03  0.15105713387891E-05  0.98122329125221E-06 -0.34978276789847E-04 -0.53101661709454E-03  0.24305417645912E-04 -0.25195777487120E-03  0.18873155529701E-02  0.14803878217771E-04  0.11370748937382E-03 -0.48508046191788E-04  0.73817325839818E-04  0.20037692580769E-05 -0.32622275656901E-04  0.15008513121295E-06  0.37969715984381E-05  0.11957189997641E-05  0.93764902886577E-06 -0.56153183243224E-05  0.12908298668232E-06  0.95742880595783E-06  0.57488728798512E-06 -0.36664838941267E-05 -0.59643464161832E-05  0.10905652996398E-05  0.10463223916330E-05 -0.21081026829165E-07  0.34353690629908E-06 -0.13319402400681E-06  0.41699504394962E-07  0.19947170063794E-06  0.15382875252416E-05 -0.34111602046339E-06
   0.78912769523851E-04 -0.10893298174200E-02 -0.69843835189732E-02 -0.63337201175024E-03  0.17665927311020E-02 -0.47618939411481E-03  0.32919583788685E-02 -0.75600761856178E-04 -0.50105737370748E-04  0.91130351555132E-02  0.55286849596331E-01 -0.42516503172174E-03  0.10670777820038E-01 -0.72000294742326E-01 -0.37516568569853E-03 -0.66782034938295E-01 -0.84707824373674E-02  0.61894108719230E-03 -0.32622275656900E-04  0.42395383125754E-01 -0.18122664710054E-01 -0.39144184694137E-02 -0.62536976764331E-04 -0.65383211741444E-04  0.39222675538204E-03  0.43142586389350E-04 -0.93072021552126E-04 -0.11392698714448E-03  0.29761756848297E-03  0.31785608693233E-03 -0.37719127122282E-04 -0.23975344011474E-03 -0.27358547436299E-03  0.79218447291649E-03  0.48640046397347E-03 -0.19404840924006E-05 -0.63928801333474E-05  0.24864454432872E-04 -0.91519557621203E-04
  -0.43394466289996E-03  0.44100538508745E-03  0.95608938732161E-02 -0.22226199896818E-03 -0.30859365412878E-02  0.57082055265530E-03 -0.17816213903783E-02 -0.78725366650420E-06 -0.52238866165986E-06 -0.42176508223275E-02 -0.27915550618113E-01  0.32144813868526E-03 -0.69702520503249E-02  0.64275538976441E-01  0.35031744928827E-03  0.42269494644032E-01  0.19870831463794E-02  0.63866778096787E-02  0.15008513121290E-06 -0.18122664710054E-01  0.11172132099923E-01  0.12283317806190E-02 -0.56369869415280E-04 -0.64793649929082E-04 -0.44307174426372E-03 -0.10792868743847E-03  0.36084630796589E-04  0.32554398798653E-04 -0.31602528166858E-03 -0.34404522477244E-03  0.21307907803424E-04  0.64312491708384E-04  0.82475679239852E-04 -0.15644703082275E-03  0.14462115030977E-05 -0.54203948209476E-05 -0.24881513325730E-04 -0.18988889394764E-03  0.21669358811133E-05
   0.56856729107689E-04  0.10129279129652E-03  0.11840962400063E-04  0.10620165351840E-03 -0.29342187911145E-04  0.65020436460022E-05 -0.23949730491910E-03  0.14636692005309E-04  0.83973738753693E-05 -0.13678180506360E-02 -0.51539751233762E-02  0.79272916491837E-05 -0.30264984457409E-03  0.13300880215324E-01  0.13163393555121E-03  0.12971642249702E-01  0.14833822606377E-02 -0.29532837102759E-03  0.37969715984381E-05 -0.39144184694137E-02  0.12283317806190E-02  0.10150907879685E-02  0.41744754781161E-04  0.43791334199374E-04  0.77604685271650E-04  0.23649691181151E-04  0.19806211069807E-04  0.25430338348290E-04  0.90146727840300E-04  0.92196127402837E-04  0.96896164790744E-05  0.80667246719959E-05  0.16483373094662E-04 -0.18035312136611E-03 -0.13771783906007E-03  0.23064562081576E-05  0.95078942716780E-05  0.48363682426296E-04  0.18328580495837E-04
   0.44079117361637E-04  0.86949038363553E-05 -0.48212780333221E-03  0.33396095814851E-04  0.13659171539842E-03 -0.35616403268545E-04  0.13152993697616E-04  0.75079661669683E-05  0.48365358852857E-05 -0.26901745182876E-04  0.13591843770477E-03 -0.49496324186426E-05  0.18881993106294E-03  0.10541915513895E-01  0.27372352708594E-04  0.10098417575044E-02  0.42665417359170E-04 -0.23689910407457E-04  0.11957189997641E-05 -0.62536976764333E-04 -0.56369869415280E-04  0.41744754781161E-04  0.30212261352238E-04  0.19493324616432E-04  0.53825172002828E-04  0.18803659516733E-04  0.23182041922167E-04  0.21405938443581E-04  0.52812653969822E-04  0.53662159796813E-04  0.92309381762376E-05  0.22100307261814E-04  0.19858929720552E-04 -0.17172112867624E-04 -0.19003015439707E-04  0.89409672667837E-06  0.34531900843047E-05  0.23356116566158E-04 -0.22326982912989E-05
   0.34008112815934E-04  0.52525995101695E-05 -0.37281631535034E-03  0.41922252148201E-04  0.93684418956085E-04 -0.21359554205652E-04  0.12711495432423E-04  0.71817843188862E-05  0.46493880436237E-05  0.24860023434704E-04  0.57021599143316E-03 -0.49990929068977E-05  0.16569485198928E-03 -0.93320038104725E-04  0.19756312771340E-04  0.79799272454366E-03  0.88139030697656E-04 -0.14191512365935E-03  0.93764902886577E-06 -0.65383211741446E-04 -0.64793649929081E-04  0.43791334199374E-04  0.19493324616432E-04  0.38249750468495E-04  0.56034658163349E-04  0.18411240219284E-04  0.20968447370612E-04  0.24838473231251E-04  0.55141074627426E-04  0.57660348295860E-04  0.54305209270401E-05  0.19735546590230E-04  0.23026424093872E-04 -0.16883858121033E-04 -0.19328937375540E-04  0.80423380866280E-06  0.33910767316944E-05  0.25615879008464E-04  0.67652334059513E-05
  -0.63614682727489E-04 -0.19890284814069E-04  0.14004826140256E-02 -0.24774532904198E-03 -0.50808724165260E-03 -0.46389805977207E-03  0.94764020751528E-03 -0.66097953397576E-05 -0.61096824901571E-05 -0.16319102122819E-02  0.64019917658982E-02 -0.99160239442865E-05  0.19835156667267E-04  0.42670867993547E-01 -0.24646449862947E-04  0.15841400498886E-02  0.33726295725233E-03 -0.62259248192551E-03 -0.56153183243223E-05  0.39222675538205E-03 -0.44307174426372E-03  0.77604685271650E-04  0.53825172002828E-04  0.56034658163349E-04  0.85256339048045E-03  0.72422981094455E-04  0.60700002477810E-04  0.62784567988715E-04  0.34902622574506E-03  0.36240906014475E-03 -0.68193317042117E-05  0.55540753761729E-04  0.56527072982007E-04 -0.67656463708850E-04 -0.73842929289444E-04  0.27250269784005E-05  0.11839149226303E-04  0.72701585162840E-04  0.49850272231451E-05
   0.25671595129865E-04  0.62909739582994E-05 -0.21860561273093E-03 -0.61901780036769E-05  0.11051811754865E-03 -0.15061721713372E-03  0.29553676678601E-03  0.59439936822797E-05  0.41009885411317E-05  0.13556841823112E-03  0.17150215423540E-02 -0.14861130151861E-04  0.27213880481863E-03  0.17819354497144E-01 -0.26799686065189E-04  0.20258005943249E-03  0.14257284446001E-03 -0.26880062991941E-03  0.12908298668233E-06  0.43142586389349E-04 -0.10792868743847E-03  0.23649691181151E-04  0.18803659516733E-04  0.18411240219284E-04  0.72422981094455E-04  0.60033332927222E-04  0.20557171583723E-04  0.20180982566130E-04  0.73281997293067E-04  0.75259362005007E-04  0.63276269266503E-05  0.19546566797553E-04  0.18493203951584E-04 -0.16576541882255E-04 -0.19041854683026E-04  0.97118131748229E-06  0.39962724675813E-05  0.25293230213383E-04  0.48111267799834E-06
   0.39715547884632E-04  0.43403702159302E-05 -0.38670989570384E-03  0.20398701860509E-04  0.49804537812845E-04 -0.19194813281776E-04 -0.57982670325629E-05  0.70030585113019E-05  0.43873833624699E-05 -0.41087860791893E-04  0.34419006844531E-03  0.10097168904299E-05  0.16553125008096E-03  0.11332990812520E-01  0.33497338230343E-04  0.15131336777600E-02  0.64474661060334E-04  0.27602785657295E-04  0.95742880595784E-06 -0.93072021552128E-04  0.36084630796590E-04  0.19806211069807E-04  0.23182041922167E-04  0.20968447370612E-04  0.60700002477810E-04  0.20557171583723E-04  0.31043541535004E-04  0.27160289845524E-04  0.62486486375260E-04  0.62953227026694E-04  0.93524320133265E-05  0.28534071836030E-04  0.25662368293087E-04 -0.21453190771714E-04 -0.22427741515817E-04  0.96295533299991E-06  0.37589349707503E-05  0.24461846431006E-04 -0.24161063975604E-05
   0.32595190196206E-04  0.57852289976092E-05 -0.31357389614552E-03  0.34968135264810E-04  0.26474878414450E-04 -0.65554780278405E-06 -0.24359809069864E-04  0.71522343742431E-05  0.45050247105772E-05 -0.15160786630176E-04  0.61117340124919E-03 -0.23004214888715E-05  0.15004248419076E-03  0.40271301493728E-03  0.29322640439772E-04  0.14665505471048E-02  0.12709499679391E-03 -0.96548349654751E-04  0.57488728798512E-06 -0.11392698714448E-03  0.32554398798654E-04  0.25430338348290E-04  0.21405938443581E-04  0.24838473231251E-04  0.62784567988715E-04  0.20180982566130E-04  0.27160289845524E-04  0.32960100591302E-04  0.63622659009216E-04  0.66108994736646E-04  0.54581619907656E-05  0.25647149324774E-04  0.30575675586216E-04 -0.23389503097524E-04 -0.24622585916659E-04  0.90331371531824E-06  0.38373676583814E-05  0.27609944309008E-04  0.72184278504001E-05
  -0.74813743663966E-04  0.50313719217345E-04  0.21039220188667E-02 -0.14164711398048E-03  0.63766452185597E-04 -0.49148156667814E-03  0.12659939442157E-02 -0.85102803564367E-05 -0.73982379516275E-05  0.32037140314524E-03  0.10879785120181E-01  0.37964962269312E-04  0.21142604402142E-02  0.30286818152103E-01 -0.39690612113092E-04  0.18334568516333E-02  0.42484426806530E-03 -0.67585685599537E-03 -0.36664838941266E-05  0.29761756848297E-03 -0.31602528166858E-03  0.90146727840300E-04  0.52812653969822E-04  0.55141074627426E-04  0.34902622574506E-03  0.73281997293067E-04  0.62486486375260E-04  0.63622659009216E-04  0.38475840412109E-03  0.30325724826248E-03 -0.48251824994073E-06  0.60451978325594E-04  0.57179676401558E-04 -0.70109681780057E-04 -0.74884254953313E-04  0.27015716308401E-05  0.12069699383458E-04  0.69723512261126E-04  0.70796283037504E-05
  -0.51896645384070E-04  0.35123037662570E-04  0.16302352410277E-02 -0.21901666567033E-03 -0.18041554049887E-03 -0.55578578036833E-03  0.15240245908908E-02 -0.98760671997905E-05 -0.83370705623994E-05  0.39034121723131E-03  0.11829500460240E-01 -0.13684865089834E-03  0.24842200857394E-02  0.21928863344419E-01 -0.41456024582949E-04  0.20894727905405E-02  0.41520395309798E-03 -0.61272566295862E-03 -0.59643464161831E-05  0.31785608693233E-03 -0.34404522477244E-03  0.92196127402837E-04  0.53662159796813E-04  0.57660348295860E-04  0.36240906014476E-03  0.75259362005007E-04  0.62953227026694E-04  0.66108994736645E-04  0.30325724826248E-03  0.35005146646780E-03 -0.13358825602655E-05  0.60295516129923E-04  0.59646093047842E-04 -0.72265660732233E-04 -0.76947923125881E-04  0.27459446947830E-05  0.11869716374319E-04  0.73778636882223E-04  0.96659673174607E-05
   0.39798734226273E-04 -0.17544030007537E-05 -0.57950877194491E-03  0.26056539394425E-04  0.67603314260153E-04  0.27812055317829E-04 -0.11672114045717E-03  0.94717882545018E-05  0.65640775342573E-05 -0.77106467338318E-04 -0.18894451209235E-02  0.92621397842140E-05 -0.22071259204523E-03  0.95458662585505E-02  0.22028997312031E-04  0.63732394823353E-03 -0.65387645936494E-04  0.23328037670120E-03  0.10905652996398E-05 -0.37719127122284E-04  0.21307907803423E-04  0.96896164790745E-05  0.92309381762376E-05  0.54305209270401E-05 -0.68193317042119E-05  0.63276269266503E-05  0.93524320133265E-05  0.54581619907656E-05 -0.48251824994084E-06 -0.13358825602656E-05  0.27586746911335E-03  0.85955770865502E-05  0.49112570512113E-05  0.75081169888292E-05  0.71045191596752E-05  0.20519631346683E-06  0.24952682465920E-06  0.51639906319883E-05 -0.61176629636221E-05
   0.32837493003519E-04  0.10117801308670E-04 -0.25295450573184E-03  0.17173854891479E-04  0.53973410320647E-04 -0.24294165727577E-04  0.23997898523460E-04  0.59891403711166E-05  0.37237087039728E-05  0.56081802047266E-05  0.59519768586183E-03  0.38969459948256E-05  0.18856286764289E-03  0.10409593936651E-01  0.26464394231240E-04  0.12528804433979E-02  0.70950384507407E-04 -0.20739085102626E-04  0.10463223916330E-05 -0.23975344011474E-03  0.64312491708385E-04  0.80667246719960E-05  0.22100307261814E-04  0.19735546590230E-04  0.55540753761729E-04  0.19546566797553E-04  0.28534071836030E-04  0.25647149324774E-04  0.60451978325594E-04  0.60295516129923E-04  0.85955770865503E-05  0.40590007148733E-04  0.26639817944000E-04 -0.20736954198176E-04 -0.21488487777294E-04  0.90381210297543E-06  0.35442819942990E-05  0.22977664244639E-04 -0.24922754884512E-05
