# fitpack15: fit parameters                                                                         
# CJ15_AV18                                                                                         
# Created on 07/02/2015 at 03:43:18                                                                 

 # QCD setup
  INS	                    0
  NVL                          11
  IORD                          1
  Q02                   1.6899999999999999     
  IPARAMC                       7
  FLAVOR                4.0000000000000000     
  xmc                   1.3000000000000000     
  xmb                   4.5000000000000000     
  ncb                          12

 # Theory corrections
  inuke                     10314
  itmc                          1
  iht                           1

 # fit parameters
 LAMBDA       0.22680        0.0000    
 a0uv          2.5819        0.0000    
 a1uv         0.63011       0.24561E-01
 a2uv          3.5353       0.16171E-01
 a3uv          0.0000        0.0000    
 a4uv          3.0739       0.47133    
 a5uv          0.0000        0.0000    
 a0dv          24.036        0.0000    
 a1dv          1.1459       0.56765E-01
 a2dv          6.6382       0.19206    
 a3dv         -3.6611       0.11123    
 a4dv          5.0812       0.25965    
 a5dv          0.0000        0.0000    
 a0ud         0.14161       0.55479E-02
 a1ud        -0.21761       0.42658E-02
 a2ud          8.4715       0.17251    
 a3ud          0.0000        0.0000    
 a4ud          16.030        1.4665    
 a5ud          0.0000        0.0000    
 a0du          35712.        0.0000    
 a1du          3.9617       0.51159E-01
 a2du          20.295       0.68653    
 a3du          17.000        0.0000    
 a4du          46.515        7.1485    
 a0g           46.982        0.0000    
 a1g          0.61947       0.40411E-01
 a2g           6.5305        1.3199    
 a3g          -3.2154       0.20931    
 a4g           2.9740       0.37387    
 a5g           0.0000        0.0000    
 kappa        0.40000        0.0000    
 a6dv        -0.51453E-02   0.20544E-02
 a7dv          2.0000        0.0000    
 x0_KP        0.52861       0.24811    
 C_KP         0.62078E-01   0.72688E-01
 ht1          -3.1897       0.25563    
 ht2           1.7899       0.10047    
 ht3          -2.0720       0.26491E-01
 ht4           0.0000        0.0000    
 dummy40       0.0000        0.0000    
 dummy41       0.0000        0.0000    
 dummy42       0.0000        0.0000    
 dummy43       0.0000        0.0000    
 dummy44       0.0000        0.0000    
 dummy45       0.0000        0.0000    
 dummy46       0.0000        0.0000    
 dummy47       0.0000        0.0000    
 dummy48       0.0000        0.0000    
 dummy49       0.0000        0.0000    
 bcdmsh2      0.97146       0.55277E-02
 bcdmsd2      0.99576       0.62369E-02
 ccfr          1.0000        0.0000    
 nutev         1.0000        0.0000    
 zeus         0.97998        0.0000    
 h1            1.0162        0.0000    
 e605          1.0127       0.30092E-01
 NmcH2         1.0168       0.77414E-02
 ntv_nu        1.0000        0.0000    
 ntv_nubar     1.0000        0.0000    
 cdf_jet      0.98910        0.0000    
 d0_jet       0.83504        0.0000    
 slac_p        1.0018       0.56192E-02
 slac_d        1.0054       0.58383E-02
 e866pp       0.96864       0.20837E-01
 e866pd       0.98506       0.20552E-01
 d0_gamjet     1.0367       0.16773E-01
 h1b          0.97608        0.0000    
 jlab_p       0.99242       0.65247E-02
 jlab_d       0.97806       0.65079E-02
 blank         1.0000        0.0000    
 d0run2       0.93263       0.15796E-01
 cdfrun2      0.91886       0.18198E-01
 HERA_el      0.99982       0.34145E-02
 HERA_ps      0.99516       0.31483E-02
 CDF_Z        0.97653        0.0000    
 NmcRat        1.0000        0.0000    
 BNS_F2nd     0.99657       0.16111E-01
 END 0. 0.

 # Hessian matrix (Bevington alpha)
   0.41278212474513E+07 -0.11700979259719E+07  0.21954707456981E+06  0.71655049371495E+06 -0.14330402120829E+06  0.15584844896477E+05  0.73886450835545E+05  0.96495312714112E+06 -0.14596139536098E+06 -0.48062099042443E+05  0.72642265953692E+04  0.83690673031266E+04  0.10458879304289E+04 -0.12308421815958E+02  0.18968895686861E+05 -0.23099267649011E+04  0.17292907796986E+05  0.10345819897914E+05 -0.74318347463113E+07 -0.34423070983621E+05  0.16923314302432E+05
  -0.11700979259719E+07  0.38927439313815E+06 -0.63951611751953E+05 -0.17790517393078E+06  0.37874216145341E+05  0.56590591939075E+04 -0.13688418535117E+05 -0.16072438995051E+06  0.29773706353782E+05  0.80034893989106E+04 -0.11181534762592E+04 -0.60919128029938E+03 -0.71741572421114E+02 -0.42112189944824E-01 -0.29013600692032E+04  0.23382832323444E+03 -0.22574669786346E+04 -0.11029288963981E+04  0.25152738435881E+07  0.94030399292653E+04 -0.12764624518378E+05
   0.21954707456981E+06 -0.63951611751953E+05  0.11778481761978E+05  0.37465019276082E+05 -0.76320012051574E+04  0.37798835812714E+03  0.36989875120378E+04  0.43088776302740E+05 -0.66635734364287E+04 -0.22727578954319E+04  0.32129417228346E+03  0.22615081062435E+03  0.37501612075388E+02 -0.74551113167507E+00  0.67414161414065E+03 -0.77740437203484E+02  0.57446020557338E+03  0.33514153600003E+03 -0.40705607659208E+06 -0.18324276524852E+04  0.11244638181779E+04
   0.71655049371495E+06 -0.17790517393078E+06  0.37465019276082E+05  0.21588789637189E+06 -0.40380187008247E+05  0.15167466676765E+05  0.27214848295926E+05  0.22601446211481E+06 -0.26694620728483E+05 -0.12571213889181E+05  0.17985726820230E+04  0.48700008016023E+03  0.36139681994823E+02  0.63803087886601E+01  0.41658244976518E+04 -0.50707808091561E+03  0.34189013515198E+04  0.21154002458167E+04 -0.15821147624089E+07 -0.11041067566563E+05 -0.53639496451119E+04
  -0.14330402120829E+06  0.37874216145341E+05 -0.76320012051574E+04 -0.40380187008247E+05  0.81129437994636E+04 -0.13169411249087E+04 -0.45648312042865E+04 -0.26990612098419E+05  0.22304602292941E+04  0.18521132932951E+04 -0.22315085514678E+03 -0.17326862911261E+03 -0.10057672972733E+02 -0.91666261942219E+00 -0.52020984082188E+03  0.48978228304371E+02 -0.35760972545537E+03 -0.19157680368234E+03  0.34186951442061E+06  0.21815187933940E+04  0.10915483593100E+03
   0.15584844896477E+05  0.56590591939075E+04  0.37798835812714E+03  0.15167466676765E+05 -0.13169411249087E+04  0.57755585084012E+04  0.36892242696522E+04  0.55027070744905E+05 -0.83983039434181E+04 -0.22971742788986E+04  0.42427746680053E+03 -0.85056497045143E+02 -0.47620436279390E+01  0.21430763012290E+01  0.69993745755503E+03 -0.13016098305257E+03  0.72056228118685E+03  0.55558849554024E+03  0.62079014389005E+05 -0.43306855390688E+03 -0.36207598028417E+04
   0.73886450835545E+05 -0.13688418535117E+05  0.36989875120378E+04  0.27214848295926E+05 -0.45648312042865E+04  0.36892242696522E+04  0.42305195127375E+04  0.37281319772578E+05 -0.41979922567970E+04 -0.20455803914261E+04  0.30121153584160E+03  0.84914046746698E+02  0.47703963050242E+01  0.14048657146757E+01  0.50673696775355E+03 -0.74295786760785E+02  0.38166214103472E+03  0.27749835309497E+03 -0.11715012150309E+06 -0.12494240525494E+04 -0.21331303660987E+04
   0.96495312714112E+06 -0.16072438995051E+06  0.43088776302740E+05  0.22601446211481E+06 -0.26990612098419E+05  0.55027070744905E+05  0.37281319772578E+05  0.43416965786406E+07 -0.22756685797477E+07 -0.74426759784492E+05  0.19004760509593E+05  0.26207729244508E+05  0.19997971610911E+04  0.70749162782002E+02  0.21155223947407E+05 -0.46016788907352E+04  0.35931166404959E+05  0.22603171826876E+05 -0.61239217298797E+06 -0.63232759728897E+04 -0.21547424028716E+05
  -0.14596139536098E+06  0.29773706353782E+05 -0.66635734364287E+04 -0.26694620728483E+05  0.22304602292941E+04 -0.83983039434181E+04 -0.41979922567970E+04 -0.22756685797477E+07  0.21111879513810E+07  0.15717527789588E+05 -0.45265720818871E+04 -0.55606725335767E+04 -0.37754888886247E+03 -0.16165121443037E+02  0.47267972604876E+05 -0.20409956921923E+04  0.16037735085246E+05  0.75841556398961E+04  0.52301357146017E+05  0.58461189781714E+03  0.33062607608934E+04
  -0.48062099042443E+05  0.80034893989106E+04 -0.22727578954319E+04 -0.12571213889181E+05  0.18521132932951E+04 -0.22971742788986E+04 -0.20455803914261E+04 -0.74426759784492E+05  0.15717527789588E+05  0.24844686648041E+04 -0.50590886202173E+03 -0.68990485263054E+03 -0.66105289787209E+02 -0.72636477947076E+00 -0.17354228547094E+04  0.22602277979909E+03 -0.16509436226335E+04 -0.10398788369537E+04  0.45099678350356E+05  0.44836495479140E+03  0.98252448980625E+03
   0.72642265953692E+04 -0.11181534762592E+04  0.32129417228346E+03  0.17985726820230E+04 -0.22315085514678E+03  0.42427746680053E+03  0.30121153584160E+03  0.19004760509593E+05 -0.45265720818871E+04 -0.50590886202173E+03  0.12132200671020E+03  0.18003238648637E+03  0.14387417627190E+02  0.36339057640492E+00  0.51545736935017E+03 -0.58868571964286E+02  0.46094026717059E+03  0.27422898545322E+03 -0.49335674384166E+04 -0.51897005091717E+02 -0.16414515837448E+03
   0.83690673031266E+04 -0.60919128029938E+03  0.22615081062435E+03  0.48700008016023E+03 -0.17326862911261E+03 -0.85056497045143E+02  0.84914046746698E+02  0.26207729244508E+05 -0.55606725335767E+04 -0.68990485263054E+03  0.18003238648637E+03  0.28579843739019E+04  0.18329628335738E+03  0.23642427290194E+01  0.11382951099719E+04 -0.14494505251228E+03  0.12269731790415E+04  0.72347240006175E+03 -0.69762892350631E+04 -0.28995234788263E+02  0.18202344724762E+03
   0.10458879304289E+04 -0.71741572421114E+02  0.37501612075388E+02  0.36139681994823E+02 -0.10057672972733E+02 -0.47620436279390E+01  0.47703963050242E+01  0.19997971610911E+04 -0.37754888886247E+03 -0.66105289787209E+02  0.14387417627190E+02  0.18329628335738E+03  0.15605926658303E+02  0.78794317847537E-03  0.68137578519604E+02 -0.99761726405553E+01  0.78875599466052E+02  0.50075554734774E+02 -0.39666619253340E+03  0.12256380084939E+01  0.23865630280874E+02
  -0.12308421815958E+02 -0.42112189944824E-01 -0.74551113167507E+00  0.63803087886601E+01 -0.91666261942219E+00  0.21430763012290E+01  0.14048657146757E+01  0.70749162782002E+02 -0.16165121443037E+02 -0.72636477947076E+00  0.36339057640492E+00  0.23642427290194E+01  0.78794317847537E-03  0.51643875925543E-01  0.66043450099623E+01 -0.39288437201699E+00  0.32413748357535E+01  0.14062269891561E+01 -0.25239239630466E+02 -0.11300625303062E+01 -0.38206284341005E+01
   0.18968895686861E+05 -0.29013600692032E+04  0.67414161414065E+03  0.41658244976518E+04 -0.52020984082188E+03  0.69993745755503E+03  0.50673696775355E+03  0.21155223947407E+05  0.47267972604876E+05 -0.17354228547094E+04  0.51545736935017E+03  0.11382951099719E+04  0.68137578519604E+02  0.66043450099623E+01  0.20644518633054E+05 -0.17458936143576E+04  0.14096653299953E+05  0.77154728389580E+04 -0.21154042895961E+05  0.10802487275844E+03  0.13470588579584E+03
  -0.23099267649011E+04  0.23382832323444E+03 -0.77740437203484E+02 -0.50707808091561E+03  0.48978228304371E+02 -0.13016098305257E+03 -0.74295786760785E+02 -0.46016788907352E+04 -0.20409956921923E+04  0.22602277979909E+03 -0.58868571964286E+02 -0.14494505251228E+03 -0.99761726405553E+01 -0.39288437201699E+00 -0.17458936143576E+04  0.17653076270891E+03 -0.14187885317517E+04 -0.81353298470702E+03  0.16299767460802E+04 -0.16234033920407E+02  0.25161064125828E+00
   0.17292907796986E+05 -0.22574669786346E+04  0.57446020557338E+03  0.34189013515198E+04 -0.35760972545537E+03  0.72056228118685E+03  0.38166214103472E+03  0.35931166404959E+05  0.16037735085246E+05 -0.16509436226335E+04  0.46094026717059E+03  0.12269731790415E+04  0.78875599466052E+02  0.32413748357535E+01  0.14096653299953E+05 -0.14187885317517E+04  0.11589966983574E+05  0.65972649521904E+04 -0.17293428349214E+05  0.13039996215795E+03  0.20533399981921E+03
   0.10345819897914E+05 -0.11029288963981E+04  0.33514153600003E+03  0.21154002458167E+04 -0.19157680368234E+03  0.55558849554024E+03  0.27749835309497E+03  0.22603171826876E+05  0.75841556398961E+04 -0.10398788369537E+04  0.27422898545322E+03  0.72347240006175E+03  0.50075554734774E+02  0.14062269891561E+01  0.77154728389580E+04 -0.81353298470702E+03  0.65972649521904E+04  0.38180742292155E+04 -0.85274073723013E+04  0.84593328170206E+02  0.72739359325687E+02
  -0.74318347463113E+07  0.25152738435881E+07 -0.40705607659208E+06 -0.15821147624089E+07  0.34186951442061E+06  0.62079014389005E+05 -0.11715012150309E+06 -0.61239217298797E+06  0.52301357146017E+05  0.45099678350356E+05 -0.49335674384166E+04 -0.69762892350631E+04 -0.39666619253340E+03 -0.25239239630466E+02 -0.21154042895961E+05  0.16299767460802E+04 -0.17293428349214E+05 -0.85274073723013E+04  0.22851619823563E+08  0.99315907744384E+05 -0.14473578490295E+06
  -0.34423070983621E+05  0.94030399292653E+04 -0.18324276524852E+04 -0.11041067566563E+05  0.21815187933940E+04 -0.43306855390688E+03 -0.12494240525494E+04 -0.63232759728897E+04  0.58461189781714E+03  0.44836495479140E+03 -0.51897005091717E+02 -0.28995234788263E+02  0.12256380084939E+01 -0.11300625303062E+01  0.10802487275844E+03 -0.16234033920407E+02  0.13039996215795E+03  0.84593328170206E+02  0.99315907744384E+05  0.75789375595708E+03  0.22658631459311E+03
   0.16923314302432E+05 -0.12764624518378E+05  0.11244638181779E+04 -0.53639496451119E+04  0.10915483593100E+03 -0.36207598028417E+04 -0.21331303660987E+04 -0.21547424028716E+05  0.33062607608934E+04  0.98252448980625E+03 -0.16414515837448E+03  0.18202344724762E+03  0.23865630280874E+02 -0.38206284341005E+01  0.13470588579584E+03  0.25161064125828E+00  0.20533399981921E+03  0.72739359325687E+02 -0.14473578490295E+06  0.22658631459311E+03  0.44237190603470E+04

 # Covariance matrix (Bevington epsilon)
   0.60322310261242E-03 -0.92065484802324E-04 -0.11271624601528E-01  0.50427850057824E-03  0.98469491942259E-03  0.45108637715992E-03 -0.30454362912356E-02  0.75504749975567E-04  0.52377281044287E-04 -0.16195879780313E-02 -0.22637556630811E-01  0.12947197984041E-04 -0.35269092850560E-02  0.23371734477791E-01  0.14391429901631E-03 -0.11914336500477E-02  0.11183503064647E-03 -0.93543311647828E-03  0.46656519086963E-05 -0.64631235182902E-03 -0.36944362255424E-03  0.72814042790782E-03 -0.77262583538354E-03 -0.77755258431645E-04  0.47886037687065E-04  0.43045199115765E-04 -0.16705888840341E-03  0.30188979673584E-04  0.43862557501799E-04  0.36554847689904E-04 -0.18094107709572E-03 -0.16727866509740E-03  0.70869528605533E-04  0.43031850705816E-04  0.33204897609385E-04 -0.45551529209082E-04 -0.51211766299104E-04  0.31653766135512E-05  0.83597940611546E-05 -0.11024534374906E-03
  -0.92065484802332E-04  0.26151136572169E-03  0.31307371335313E-02 -0.14280002093664E-03  0.80766124888863E-03 -0.62386699824072E-03  0.12718693671228E-02 -0.11740139150229E-04 -0.86171121317645E-05  0.74986645234469E-03  0.54539982568847E-02  0.63194100425068E-04  0.40196888135945E-03  0.18343602047290E-02  0.90585533552609E-05  0.27075016794194E-02  0.58995870276674E-04  0.49846874665685E-03 -0.19626483058452E-04  0.15151921574549E-03 -0.58294276902526E-03 -0.13954483332753E-02  0.39899929119197E-03 -0.13513831475100E-04  0.10505855851677E-04  0.75129308657151E-05 -0.22379076723071E-04  0.86695137745305E-05  0.71869920604126E-05  0.21786830223170E-05  0.55364491488647E-04  0.41948519955463E-04  0.95631231623351E-05  0.21697498775000E-04  0.55101794918125E-05  0.24306828998728E-05  0.31857943737016E-05  0.35248580255612E-06  0.33020163748376E-06 -0.80242808329436E-04
  -0.11271624601528E-01  0.31307371335312E-02  0.22215061248679E+00 -0.98540542760488E-02 -0.11997108478706E-01 -0.11999336690130E-01  0.63387146651088E-01 -0.13930894271664E-02 -0.97339594207752E-03  0.35376856472412E-01  0.45831592147705E+00 -0.12194765604148E-04  0.71647851516833E-01 -0.40276781283135E+00 -0.23774273011065E-02  0.43733573233742E-01 -0.12312396899724E-02  0.18849562526600E-01 -0.16083733785960E-03  0.80783410762576E-02  0.42873425898581E-02 -0.19155366591665E-01  0.15258383105539E-01  0.15280878353134E-02 -0.58509471369313E-03 -0.56273974633437E-03  0.34642236978443E-02 -0.30235482383133E-03 -0.49250094710138E-03 -0.42591280107586E-03  0.42783824604732E-02  0.39850042499165E-02 -0.11395062001554E-02 -0.40342901396019E-03 -0.36568341081369E-03  0.64726416456364E-03  0.74629487703125E-03 -0.46475165196274E-04 -0.11472497535415E-03  0.13982767594646E-02
   0.50427850057820E-03 -0.14280002093662E-03 -0.98540542760480E-02  0.32222346607907E-02  0.74623788344756E-02  0.15862391052091E-03 -0.92236793535503E-02  0.10502643697400E-03  0.71846827502558E-04 -0.31375017750042E-02 -0.38907980686507E-01  0.98069388686692E-03 -0.11214930857403E-01  0.68603047788347E-01  0.43423521267021E-03  0.69776791205604E-02  0.71541519723660E-03 -0.10983068721351E-02  0.62853880709518E-04  0.10363042268657E-02  0.10252989045578E-02 -0.28729424642469E-02  0.32208585082937E-03  0.42828573062445E-03  0.46127615168866E-04  0.37373199915792E-04 -0.35399021866709E-03  0.23089391943946E-05  0.31277330848945E-04  0.41797584458262E-04 -0.26469692731769E-03 -0.38154676743203E-03  0.29141688790513E-04  0.91483738981440E-05  0.29994817084284E-04 -0.94939644720249E-04 -0.86011470129909E-04  0.15578006033990E-05  0.98883078317854E-05  0.18986592934022E-03
   0.98469491942239E-03  0.80766124888870E-03 -0.11997108478702E-01  0.74623788344754E-02  0.36886450466786E-01 -0.12633068534821E-01 -0.73356465288407E-03  0.95888583990549E-04  0.56416757023383E-04  0.29584547440306E-03 -0.31067165594610E-01  0.17304234668211E-02 -0.15990364325272E-01  0.31018286044684E+00  0.15398606010893E-02  0.16136159333970E-01 -0.74027459017400E-02  0.12728256551650E-01  0.50593759096119E-04 -0.10336132556026E-01 -0.74438281044737E-03 -0.29651041420875E-02 -0.19451930355019E-02  0.13228454771391E-04  0.16753730097325E-03  0.14283109923919E-03 -0.73307911301119E-03  0.16952671392462E-03  0.73449559798939E-04  0.79959313430409E-04 -0.25468224579891E-03 -0.52694420519010E-03  0.21493814400807E-03  0.93063611456312E-04 -0.23081811128020E-04 -0.22910540372658E-04 -0.54842675179278E-04  0.98006509674654E-05  0.30815271274255E-04 -0.71449541679876E-03
   0.45108637716001E-03 -0.62386699824074E-03 -0.11999336690132E-01  0.15862391052106E-03 -0.12633068534821E-01  0.12371226776184E-01 -0.20257267538385E-01  0.19866178038639E-03  0.14657910427279E-03 -0.55264653351646E-02 -0.69455436243818E-01  0.93929123082110E-03 -0.75105738844110E-02 -0.17560817405871E+00 -0.53872380218346E-03 -0.18658745181710E-01  0.62836150897054E-02 -0.13693155322515E-01  0.60239811390455E-04  0.23413327087620E-02  0.20141767024970E-02  0.15203319752480E-02 -0.13596279672492E-03  0.33125055875331E-03 -0.35495832277833E-04 -0.44158052983189E-04 -0.66286764856101E-03 -0.17433452343621E-03 -0.24238918268825E-04 -0.85070199840806E-05 -0.56350307871628E-03 -0.64289292125238E-03 -0.74109374332856E-05 -0.61983773891634E-04  0.45036313947782E-04 -0.14509290696443E-03 -0.96351794577417E-04 -0.35310033217480E-05 -0.62659497758839E-05  0.39693154832529E-03
  -0.30454362912357E-02  0.12718693671227E-02  0.63387146651088E-01 -0.92236793535506E-02 -0.73356465288551E-03 -0.20257267538385E-01  0.67415962333808E-01 -0.70460958367350E-03 -0.50069178681054E-03  0.25668835263905E-01  0.27636001176794E+00 -0.48873029695302E-02  0.60264416287212E-01  0.45419059770336E-01 -0.61395961586166E-03  0.25421791511071E-01 -0.88889589531673E-02  0.22118214650878E-01 -0.23725656041006E-03 -0.21824434021188E-02 -0.20552907807269E-02  0.40194183652723E-02 -0.76096374308423E-03 -0.61406839402009E-03 -0.41269302158633E-04  0.32031151458562E-04  0.18985440115809E-02  0.30467555340195E-03 -0.50462674134171E-04 -0.23463873528860E-04  0.21288627228173E-02  0.25829210453938E-02 -0.24412822712809E-03  0.20822553395097E-04 -0.94693898026000E-04  0.37044808119071E-03  0.29386803135772E-03 -0.18266255495265E-05 -0.10338481822870E-04 -0.21645306830817E-03
   0.75504749975568E-04 -0.11740139150228E-04 -0.13930894271664E-02  0.10502643697401E-03  0.95888583990578E-04  0.19866178038638E-03 -0.70460958367350E-03  0.30779139818969E-04  0.23117022246140E-04 -0.43031057193998E-03 -0.66815681540530E-02  0.44042420090005E-04 -0.74198552562169E-03 -0.26687793428531E-02 -0.25292623495887E-04 -0.35527293854649E-03  0.27219943568822E-03 -0.48529890801101E-03  0.16451494838578E-05 -0.26189523683382E-04 -0.21365753446409E-04 -0.69405440477537E-04 -0.25720572623039E-04  0.90545030985975E-05  0.85095439921491E-05  0.77106683579477E-05 -0.15759031677763E-04  0.71446026757244E-05  0.80530888634304E-05  0.74760240820200E-05 -0.18573974926961E-04 -0.20198297327566E-04  0.12483666904975E-04  0.71934536839537E-05  0.71295991562391E-05 -0.21006612074108E-05 -0.14683139278899E-05  0.42770523465027E-06  0.14895968072510E-05 -0.59800244147117E-05
   0.52377281044288E-04 -0.86171121317638E-05 -0.97339594207754E-03  0.71846827502563E-04  0.56416757023404E-04  0.14657910427278E-03 -0.50069178681054E-03  0.23117022246140E-04  0.18197040257149E-04 -0.30107585546227E-03 -0.48912514803426E-02  0.30007995736998E-04 -0.51056683718421E-03 -0.20422389622129E-02 -0.34204955915436E-04 -0.55003486841254E-03  0.21685910337440E-03 -0.41204891785047E-03  0.11582743806505E-05 -0.20563999514959E-04 -0.13960730000640E-04 -0.49235425827870E-04 -0.16148959613098E-04  0.56655469197441E-05  0.55588474209283E-05  0.50502862692638E-05 -0.12611141674819E-04  0.49570031131397E-05  0.51339944333694E-05  0.47712030436150E-05 -0.14426958066428E-04 -0.15577366914897E-04  0.86907227015496E-05  0.45328383358701E-05  0.45782838385570E-05 -0.45937672976870E-06 -0.14103309171506E-06  0.26552412928707E-06  0.16817776466617E-06 -0.41632576137080E-05
  -0.16195879780314E-02  0.74986645234467E-03  0.35376856472413E-01 -0.31375017750044E-02  0.29584547440223E-03 -0.55264653351643E-02  0.25668835263906E-01 -0.43031057193998E-03 -0.30107585546228E-03  0.29759959018620E-01  0.18721564545530E+00 -0.24668299947555E-02  0.46870917312686E-01 -0.83632454809711E-01 -0.40417386673104E-03 -0.33828040286996E-01 -0.12054557114509E-01  0.14912654258128E-01 -0.56615123181223E-04 -0.58413237823733E-02  0.98809979020179E-03  0.64902383455144E-02 -0.10195255217698E-02 -0.54421763269908E-03 -0.47307931286799E-04  0.11609972816046E-04 -0.13899439578200E-02  0.90245005509394E-04 -0.59914176414999E-04  0.24106929310319E-05  0.58804145390144E-03  0.70151859978292E-03 -0.11318594472649E-03 -0.38711284488976E-04 -0.15278746054454E-04  0.52981176136773E-03  0.38153372615526E-03 -0.66403586469955E-05 -0.30725917170817E-04 -0.57815782343649E-04
  -0.22637556630811E-01  0.54539982568844E-02  0.45831592147706E+00 -0.38907980686509E-01 -0.31067165594620E-01 -0.69455436243814E-01  0.27636001176794E+00 -0.66815681540530E-02 -0.48912514803426E-02  0.18721564545530E+00  0.21505678982813E+01 -0.20328496789364E-01  0.35825476238002E+00 -0.32625844438350E+00 -0.79641128129051E-03  0.96115266205370E-02 -0.59055078208821E-01  0.91782147503350E-01 -0.59790325133678E-03 -0.17284970049714E-01  0.10258692238571E-01  0.40388508501264E-01 -0.55768265026210E-02  0.67595589196160E-03 -0.16067229918945E-03  0.32722607268171E-03  0.10388323541280E-01  0.12688029806263E-02  0.10747260248359E-03  0.65925045048027E-03  0.15216104131872E-01  0.16839059824196E-01 -0.29514768732587E-02  0.12637012080804E-03  0.45489419215767E-03 -0.70900815809102E-04 -0.72681540085860E-03 -0.24017189204735E-04 -0.45183989084500E-04  0.19455597955752E-02
   0.12947197984036E-04  0.63194100425071E-04 -0.12194765604038E-04  0.98069388686692E-03  0.17304234668212E-02  0.93929123082108E-03 -0.48873029695301E-02  0.44042420090005E-04  0.30007995736998E-04 -0.24668299947555E-02 -0.20328496789364E-01  0.26172380058948E-02 -0.28526911113415E-01 -0.59392217574558E-01  0.23004804987698E-03 -0.58656990563080E-03 -0.24540100407807E-03 -0.11643390374983E-03  0.14315904633003E-04  0.35369989531141E-03  0.12022264909302E-03 -0.12015068218215E-02  0.48173185526512E-03  0.42226063034798E-04 -0.12654882753980E-04 -0.77119736141383E-05 -0.70533357989221E-04 -0.29253402235518E-04 -0.62557171322075E-05 -0.27368381625390E-05 -0.54516834376911E-05 -0.17906840350147E-03  0.14266368655287E-05 -0.22345045632941E-05 -0.12796665667951E-05  0.84949361915735E-06  0.43230101973827E-06 -0.42402974083992E-06  0.77008172105062E-06  0.39740845724109E-04
  -0.35269092850559E-02  0.40196888135938E-03  0.71647851516832E-01 -0.11214930857403E-01 -0.15990364325274E-01 -0.75105738844102E-02  0.60264416287212E-01 -0.74198552562168E-03 -0.51056683718420E-03  0.46870917312686E-01  0.35825476238002E+00 -0.28526911113415E-01  0.47131665576798E+00  0.73077610401914E+00 -0.42316220632997E-02 -0.51732501878392E-01  0.48339242355412E-02 -0.12563356656028E-01 -0.18046165548230E-03 -0.71180393779821E-02 -0.29252114499037E-03  0.21097244637147E-01 -0.86574207049271E-02 -0.81967836000142E-03  0.26459962119959E-03  0.18974415184867E-03  0.78103624066631E-03  0.42591930768888E-03  0.22453892088601E-03  0.15477547845874E-03  0.28533928254081E-02  0.31072310583476E-02 -0.17038430150103E-03  0.24205746226818E-03  0.12173512921908E-03 -0.17584274047527E-03 -0.22972844713102E-03  0.74294779927529E-05  0.40940201825682E-04 -0.46806066094109E-03
   0.23371734477789E-01  0.18343602047299E-02 -0.40276781283130E+00  0.68603047788347E-01  0.31018286044684E+00 -0.17560817405872E+00  0.45419059770352E-01 -0.26687793428535E-02 -0.20422389622131E-02 -0.83632454809701E-01 -0.32625844438338E+00 -0.59392217574558E-01  0.73077610401916E+00  0.51101307506081E+02  0.26087514305514E-01  0.68057597730626E+00 -0.29941280740839E+00  0.59316638515098E+00  0.11130873634207E-02  0.16616681766765E+00  0.33408755025481E-01  0.38476780723147E-01 -0.40670775090265E-01 -0.40000357146783E-01  0.46841265783118E-02  0.50994531657696E-03  0.73388903284574E-02  0.10060303492996E-01  0.48772196626285E-02 -0.16757176944194E-03  0.53647691936716E-02 -0.12823136952366E-01  0.52040033904572E-02  0.70779431563576E-02  0.11275759621005E-02  0.87156194825851E-02  0.59748749137756E-02  0.25727499739899E-03  0.78682849886601E-03 -0.15572758696030E-02
   0.14391429901630E-03  0.90585533552655E-05 -0.23774273011062E-02  0.43423521267021E-03  0.15398606010893E-02 -0.53872380218349E-03 -0.61395961586159E-03 -0.25292623495888E-04 -0.34204955915437E-04 -0.40417386673100E-03 -0.79641128129001E-03  0.23004804987698E-03 -0.42316220632996E-02  0.26087514305514E-01  0.16330128049592E-02  0.34582033014643E-01 -0.40515519888536E-02  0.10984292607183E-01  0.21364945626316E-05  0.50489160882009E-03 -0.16921814542047E-03  0.17381540023678E-03  0.72740870785899E-04 -0.48193898846272E-04  0.22575052844459E-04  0.15475240212156E-04 -0.27434757912551E-04 -0.28398728182479E-04  0.29324172389579E-04  0.20760358508430E-04 -0.61719722128154E-04 -0.69251628775596E-04  0.20878498221182E-04  0.29857889563392E-04  0.16993296789257E-04  0.18232545538666E-04  0.21929312819031E-04  0.12795204675691E-05  0.47622243376775E-05 -0.11609262283648E-04
  -0.11914336500480E-02  0.27075016794195E-02  0.43733573233747E-01  0.69776791205600E-02  0.16136159333969E-01 -0.18658745181710E-01  0.25421791511072E-01 -0.35527293854651E-03 -0.55003486841255E-03 -0.33828040286996E-01  0.96115266205410E-02 -0.58656990563075E-03 -0.51732501878391E-01  0.68057597730623E+00  0.34582033014642E-01  0.17422154368133E+01  0.38575090870452E-01  0.22164545515646E+00 -0.25491508394420E-03  0.11836711552357E+00 -0.78044292424699E-02 -0.89488541744450E-01  0.41371331150328E-01  0.84347125134696E-02  0.10422405948396E-02  0.55286001244364E-03  0.35783071547823E-02  0.83843466770390E-04  0.18492380759267E-02  0.12644598528350E-02  0.30098001457417E-02  0.35175233757956E-02 -0.15617858768002E-03  0.19014578023006E-02  0.12104110750079E-02 -0.43114978538384E-02 -0.23919350161810E-02  0.49909531162708E-04  0.32176662478154E-03  0.52664246482856E-02
   0.11183503064653E-03  0.58995870276672E-04 -0.12312396899735E-02  0.71541519723665E-03 -0.74027459017399E-02  0.62836150897055E-02 -0.88889589531676E-02  0.27219943568823E-03  0.21685910337441E-03 -0.12054557114509E-01 -0.59055078208824E-01 -0.24540100407805E-03  0.48339242355406E-02 -0.29941280740839E+00 -0.40515519888536E-02  0.38575090870451E-01  0.43809217220513E-01 -0.63012848920484E-01 -0.14623958385935E-05  0.17335443512678E-01  0.36776693869248E-03 -0.19839194968075E-01  0.48507481606770E-02  0.28357911339195E-02  0.14691784637810E-03  0.10736727023103E-03  0.64825082232279E-03  0.21230626895259E-03  0.22813225943321E-03  0.21018519233992E-03  0.76274635407752E-03  0.85893360606275E-03 -0.13497578935820E-03  0.20112794107179E-03  0.22679637662687E-03 -0.16970976112970E-02 -0.13241772554604E-02  0.12938278614283E-04  0.69759841075620E-04  0.11285436661967E-02
  -0.93543311647840E-03  0.49846874665686E-03  0.18849562526602E-01 -0.10983068721353E-02  0.12728256551649E-01 -0.13693155322515E-01  0.22118214650878E-01 -0.48529890801102E-03 -0.41204891785048E-03  0.14912654258128E-01  0.91782147503354E-01 -0.11643390374986E-03 -0.12563356656027E-01  0.59316638515098E+00  0.10984292607183E-01  0.22164545515646E+00 -0.63012848920484E-01  0.13977766294162E+00 -0.66409138825474E-04 -0.80536409735734E-02 -0.24567610388593E-02  0.15738710875863E-01  0.10488444187645E-02 -0.35569819273669E-02 -0.20848735341167E-03 -0.23098572649803E-03 -0.79105915476205E-03 -0.41625017804008E-03 -0.20810773971604E-03 -0.29598751402683E-03 -0.10347368064280E-02 -0.10928880108946E-02  0.20825947339662E-03 -0.13194583841822E-03 -0.31583896726189E-03  0.23851321565360E-02  0.21285530518557E-02 -0.22466107673389E-04 -0.10129803686345E-03 -0.10321155373485E-02
   0.46656519086965E-05 -0.19626483058452E-04 -0.16083733785960E-03  0.62853880709520E-04  0.50593759096124E-04  0.60239811390454E-04 -0.23725656041006E-03  0.16451494838579E-05  0.11582743806506E-05 -0.56615123181224E-04 -0.59790325133679E-03  0.14315904633003E-04 -0.18046165548231E-03  0.11130873634207E-02  0.21364945626318E-05 -0.25491508394419E-03 -0.14623958385930E-05 -0.66409138825473E-04  0.42205400102521E-05 -0.15741578166756E-03  0.12099987095150E-03 -0.65966557185256E-04  0.12130306431501E-04  0.17737346647363E-04  0.67455751661285E-06 -0.34214111379675E-06 -0.16961547551745E-05 -0.21388336560132E-06  0.24876984019825E-06  0.75113109147831E-06 -0.35750088144207E-05 -0.45757154334308E-05 -0.51983202306555E-06 -0.88689564466050E-06  0.14480824325211E-05 -0.35046131829052E-05 -0.24906560940381E-05 -0.73820663343179E-08  0.17999281589330E-06  0.82265683605068E-05
  -0.64631235182904E-03  0.15151921574551E-03  0.80783410762581E-02  0.10363042268657E-02 -0.10336132556027E-01  0.23413327087620E-02 -0.21824434021186E-02 -0.26189523683385E-04 -0.20563999514961E-04 -0.58413237823733E-02 -0.17284970049713E-01  0.35369989531140E-03 -0.71180393779819E-02  0.16616681766765E+00  0.50489160882007E-03  0.11836711552357E+00  0.17335443512678E-01 -0.80536409735734E-02 -0.15741578166756E-03  0.61557113435458E-01 -0.39364542575201E-02 -0.15237542366968E-01  0.73914739092622E-02  0.22508287113352E-02 -0.42035206692429E-04 -0.95264709047226E-04 -0.25103104921838E-04 -0.11387897900931E-03  0.67979305839061E-04 -0.15730752951351E-03  0.18680775456031E-03  0.10492940850708E-05 -0.33842390340147E-03  0.13800242058324E-04 -0.24562806432629E-03 -0.17036635093892E-03 -0.14541923826159E-03 -0.95432935233342E-05 -0.11533783586182E-04  0.26470127404277E-02
  -0.36944362255423E-03 -0.58294276902526E-03  0.42873425898579E-02  0.10252989045578E-02 -0.74438281044739E-03  0.20141767024971E-02 -0.20552907807271E-02 -0.21365753446406E-04 -0.13960730000638E-04  0.98809979020169E-03  0.10258692238570E-01  0.12022264909302E-03 -0.29252114499053E-03  0.33408755025481E-01 -0.16921814542047E-03 -0.78044292424698E-02  0.36776693869256E-03 -0.24567610388594E-02  0.12099987095150E-03 -0.39364542575200E-02  0.52835293619608E-02 -0.54147558491310E-03  0.68267271304004E-05  0.69209749720600E-03 -0.10824892034284E-05 -0.24874391052257E-04  0.10436977923322E-03 -0.80827705336073E-05 -0.29070626124561E-04  0.25054672556083E-04  0.11082714299489E-03  0.10166986621945E-03 -0.10096056803370E-03 -0.89637427466936E-04  0.58682137925456E-04 -0.10341109402948E-03 -0.69336460317134E-04 -0.24633945556282E-05  0.28769745955009E-05  0.54424663494078E-03
   0.72814042790781E-03 -0.13954483332753E-02 -0.19155366591665E-01 -0.28729424642468E-02 -0.29651041420873E-02  0.15203319752478E-02  0.40194183652724E-02 -0.69405440477541E-04 -0.49235425827874E-04  0.64902383455145E-02  0.40388508501265E-01 -0.12015068218216E-02  0.21097244637147E-01  0.38476780723152E-01  0.17381540023679E-03 -0.89488541744449E-01 -0.19839194968075E-01  0.15738710875863E-01 -0.65966557185255E-04 -0.15237542366968E-01 -0.54147558491304E-03  0.65347580723883E-01 -0.21168356144985E-01 -0.35462207169116E-02 -0.26973446254040E-04  0.34872207889959E-04  0.41034238125814E-03  0.77222545508135E-04 -0.69513483466391E-04 -0.24843438632144E-04  0.18794284414996E-03  0.23050668037812E-03  0.12333721481760E-03 -0.26431002404392E-03 -0.24504323057415E-03  0.73726827415812E-03  0.44451357278051E-03  0.30139592782313E-05 -0.31700397573470E-05 -0.97949125166397E-03
  -0.77262583538353E-03  0.39899929119196E-03  0.15258383105539E-01  0.32208585082934E-03 -0.19451930355021E-02 -0.13596279672480E-03 -0.76096374308440E-03 -0.25720572623035E-04 -0.16148959613095E-04 -0.10195255217699E-02 -0.55768265026224E-02  0.48173185526512E-03 -0.86574207049273E-02 -0.40670775090268E-01  0.72740870785885E-04  0.41371331150328E-01  0.48507481606771E-02  0.10488444187643E-02  0.12130306431501E-04  0.73914739092622E-02  0.68267271303816E-05 -0.21168356144985E-01  0.10094146069821E-01  0.60014460340785E-03 -0.85605060994738E-04 -0.11813834072186E-03 -0.28851594808637E-03 -0.11817363240548E-03  0.10695674605572E-04 -0.24962885650761E-04 -0.16896606681139E-03 -0.17886232799874E-03 -0.74572374427962E-04  0.52320422063275E-04  0.41588325744889E-04  0.14970728337323E-04  0.10707071228240E-03 -0.79896125912663E-05 -0.25772950482785E-04  0.40840348284518E-03
  -0.77755258431646E-04 -0.13513831475099E-04  0.15280878353134E-02  0.42828573062444E-03  0.13228454771369E-04  0.33125055875332E-03 -0.61406839402010E-03  0.90545030985979E-05  0.56655469197443E-05 -0.54421763269909E-03  0.67595589196154E-03  0.42226063034799E-04 -0.81967836000143E-03 -0.40000357146783E-01 -0.48193898846274E-04  0.84347125134696E-02  0.28357911339196E-02 -0.35569819273670E-02  0.17737346647363E-04  0.22508287113352E-02  0.69209749720600E-03 -0.35462207169116E-02  0.60014460340785E-03  0.70177857866635E-03  0.27363956519749E-04  0.13824649506494E-04  0.11935567759768E-03  0.14042829390529E-04  0.94097209476137E-05  0.68088010897144E-05  0.11359797002604E-03  0.13579358896656E-03 -0.37853697145254E-04 -0.37315987674549E-05  0.82809449399735E-05 -0.15220937172968E-03 -0.12360900453267E-03  0.83640516048998E-06  0.79877744390256E-05  0.24471999932984E-03
   0.47886037687064E-04  0.10505855851678E-04 -0.58509471369310E-03  0.46127615168867E-04  0.16753730097325E-03 -0.35495832277838E-04 -0.41269302158623E-04  0.85095439921489E-05  0.55588474209281E-05 -0.47307931286792E-04 -0.16067229918938E-03 -0.12654882753980E-04  0.26459962119959E-03  0.46841265783119E-02  0.22575052844459E-04  0.10422405948396E-02  0.14691784637810E-03 -0.20848735341166E-03  0.67455751661282E-06 -0.42035206692426E-04 -0.10824892034284E-05 -0.26973446254041E-04 -0.85605060994737E-04  0.27363956519750E-04  0.30555322638840E-04  0.19677959120380E-04  0.51854902038132E-04  0.18985302767622E-04  0.23497356247209E-04  0.21853550878817E-04  0.50938041888418E-04  0.52251928972702E-04  0.95296242453080E-05  0.22867408858170E-04  0.20406198521179E-04 -0.19004237691417E-04 -0.20476736502081E-04  0.91484233563818E-06  0.35252345774957E-05 -0.41983406189253E-05
   0.43045199115764E-04  0.75129308657157E-05 -0.56273974633435E-03  0.37373199915792E-04  0.14283109923920E-03 -0.44158052983194E-04  0.32031151458571E-04  0.77106683579475E-05  0.50502862692637E-05  0.11609972816052E-04  0.32722607268177E-03 -0.77119736141383E-05  0.18974415184868E-03  0.50994531657704E-03  0.15475240212156E-04  0.55286001244366E-03  0.10736727023103E-03 -0.23098572649802E-03 -0.34214111379678E-06 -0.95264709047224E-04 -0.24874391052257E-04  0.34872207889959E-04 -0.11813834072186E-03  0.13824649506495E-04  0.19677959120380E-04  0.38899374656103E-04  0.53426701370056E-04  0.18877172348023E-04  0.21333026573133E-04  0.25547232935954E-04  0.51424498478873E-04  0.54145915366109E-04  0.67963709581264E-05  0.21252067542334E-04  0.24072876724453E-04 -0.15923378761620E-04 -0.18837219606773E-04  0.84746719067556E-06  0.34278622736030E-05 -0.18168361126818E-05
  -0.16705888840341E-03 -0.22379076723074E-04  0.34642236978443E-02 -0.35399021866710E-03 -0.73307911301125E-03 -0.66286764856097E-03  0.18985440115809E-02 -0.15759031677763E-04 -0.12611141674818E-04 -0.13899439578200E-02  0.10388323541280E-01 -0.70533357989222E-04  0.78103624066630E-03  0.73388903284566E-02 -0.27434757912555E-04  0.35783071547822E-02  0.64825082232282E-03 -0.79105915476209E-03 -0.16961547551744E-05 -0.25103104921848E-04  0.10436977923322E-03  0.41034238125814E-03 -0.28851594808636E-03  0.11935567759768E-03  0.51854902038132E-04  0.53426701370056E-04  0.90554064316082E-03  0.68637658658065E-04  0.60522439123748E-04  0.64619813500109E-04  0.39604516049655E-03  0.42092742257708E-03 -0.19604243278342E-04  0.52040631739421E-04  0.57969230907325E-04 -0.74321349120499E-04 -0.76526824292323E-04  0.23642186416515E-05  0.11571223685285E-04  0.29285900598690E-04
   0.30188979673582E-04  0.86695137745311E-05 -0.30235482383130E-03  0.23089391943936E-05  0.16952671392462E-03 -0.17433452343622E-03  0.30467555340197E-03  0.71446026757241E-05  0.49570031131396E-05  0.90245005509401E-04  0.12688029806264E-02 -0.29253402235518E-04  0.42591930768889E-03  0.10060303492996E-01 -0.28398728182479E-04  0.83843466770420E-04  0.21230626895259E-03 -0.41625017804007E-03 -0.21388336560135E-06 -0.11387897900930E-03 -0.80827705336067E-05  0.77222545508133E-04 -0.11817363240548E-03  0.14042829390529E-04  0.18985302767622E-04  0.18877172348023E-04  0.68637658658065E-04  0.59929366205327E-04  0.20804394359981E-04  0.20950015101255E-04  0.70337613062265E-04  0.72040662544337E-04  0.74243006951841E-05  0.20140112786089E-04  0.19141077718536E-04 -0.18742413013651E-04 -0.20531839316050E-04  0.99966458281157E-06  0.40235674510831E-05 -0.65459885472262E-05
   0.43862557501798E-04  0.71869920604131E-05 -0.49250094710136E-03  0.31277330848946E-04  0.73449559798946E-04 -0.24238918268830E-04 -0.50462674134165E-04  0.80530888634303E-05  0.51339944333693E-05 -0.59914176414995E-04  0.10747260248363E-03 -0.62557171322072E-05  0.22453892088602E-03  0.48772196626285E-02  0.29324172389580E-04  0.18492380759267E-02  0.22813225943321E-03 -0.20810773971603E-03  0.24876984019823E-06  0.67979305839063E-04 -0.29070626124561E-04 -0.69513483466391E-04  0.10695674605573E-04  0.94097209476138E-05  0.23497356247209E-04  0.21333026573133E-04  0.60522439123748E-04  0.20804394359981E-04  0.31575502221441E-04  0.27363156914874E-04  0.62122241687750E-04  0.63095150941321E-04  0.93224101929822E-05  0.29564226599406E-04  0.25760594813017E-04 -0.22585693739679E-04 -0.23611560620728E-04  0.99107018134374E-06  0.38949482966821E-05 -0.22979969235325E-05
