# fitpack15: fit parameters                                                                         
# CJ15_WJC2                                                                                         
# Created on 06/30/2015 at 21:58:36                                                                 

 # QCD setup
  INS	                    0
  NVL                          11
  IORD                          1
  Q02                   1.6899999999999999     
  IPARAMC                       7
  FLAVOR                4.0000000000000000     
  xmc                   1.3000000000000000     
  xmb                   4.5000000000000000     
  ncb                          12

 # Theory corrections
  inuke                     10344
  itmc                          1
  iht                           1

 # fit parameters
 LAMBDA       0.22680        0.0000    
 a0uv          2.3526        0.0000    
 a1uv         0.60931       0.20175E-01
 a2uv          3.5394       0.11404E-01
 a3uv          0.0000        0.0000    
 a4uv          3.5339       0.42570    
 a5uv          0.0000        0.0000    
 a0dv          22.542        0.0000    
 a1dv          1.1331       0.34924E-01
 a2dv          6.5538       0.16109    
 a3dv         -3.5466       0.92837E-01
 a4dv          4.8665       0.14755    
 a5dv          0.0000        0.0000    
 a0ud         0.14146       0.50524E-02
 a1ud        -0.21767       0.39436E-02
 a2ud          8.4006       0.14968    
 a3ud          0.0000        0.0000    
 a4ud          16.003        1.1447    
 a5ud          0.0000        0.0000    
 a0du          35712.        0.0000    
 a1du          3.9878       0.49809E-01
 a2du          20.303       0.66750    
 a3du          17.000        0.0000    
 a4du          48.618        6.7205    
 a0g           46.075        0.0000    
 a1g          0.61449       0.38523E-01
 a2g           6.2199        1.1683    
 a3g          -3.2511       0.17073    
 a4g           3.0025       0.31422    
 a5g           0.0000        0.0000    
 kappa        0.40000        0.0000    
 a6dv        -0.39144E-02   0.71770E-03
 a7dv          2.0000        0.0000    
 x0_KP        0.31322       0.11415    
 C_KP         0.76304E-01   0.28460E-01
 ht1          -3.0403       0.24580    
 ht2           1.7605       0.10359    
 ht3          -2.0898       0.27868E-01
 ht4           0.0000        0.0000    
 dummy40       0.0000        0.0000    
 dummy41       0.0000        0.0000    
 dummy42       0.0000        0.0000    
 dummy43       0.0000        0.0000    
 dummy44       0.0000        0.0000    
 dummy45       0.0000        0.0000    
 dummy46       0.0000        0.0000    
 dummy47       0.0000        0.0000    
 dummy48       0.0000        0.0000    
 dummy49       0.0000        0.0000    
 bcdmsh2      0.97209       0.54619E-02
 bcdmsd2      0.99436       0.61479E-02
 ccfr          1.0000        0.0000    
 nutev         1.0000        0.0000    
 zeus         0.97998        0.0000    
 h1            1.0162        0.0000    
 e605          1.0348       0.28133E-01
 NmcH2         1.0160       0.76038E-02
 ntv_nu        1.0000        0.0000    
 ntv_nubar     1.0000        0.0000    
 cdf_jet      0.98910        0.0000    
 d0_jet       0.83504        0.0000    
 slac_p        1.0030       0.55260E-02
 slac_d        1.0051       0.58083E-02
 e866pp       0.98144       0.18692E-01
 e866pd       0.99287       0.17139E-01
 d0_gamjet     1.0373       0.16543E-01
 h1b          0.97608        0.0000    
 jlab_p       0.99420       0.63435E-02
 jlab_d       0.97790       0.64090E-02
 blank         1.0000        0.0000    
 d0run2       0.93547       0.15656E-01
 cdfrun2      0.92169       0.18093E-01
 HERA_el      0.99979       0.34135E-02
 HERA_ps      0.99525       0.31432E-02
 CDF_Z        0.97410       0.68404E-02
 NmcRat        1.0000        0.0000    
 BNS_F2nd     0.98431       0.62679E-02
 END 0. 0.

 # Hessian matrix (Bevington alpha)
   0.46556096767967E+07 -0.12507933026531E+07  0.21962799703074E+06  0.43540722260801E+06 -0.11920404159870E+06 -0.39497783781685E+05  0.40578083503514E+05  0.84619274037100E+06 -0.17870227451555E+06 -0.43097877055976E+05  0.57026167338476E+04  0.12652760276992E+05  0.14689645367538E+04 -0.11021787696439E+03 -0.20579537226333E+05  0.19617153968567E+04 -0.19295607884809E+05 -0.10162687240952E+05 -0.66446138520831E+07 -0.32299607148682E+05  0.11568199272398E+06
  -0.12507933026531E+07  0.40150117045736E+06 -0.60478824945713E+05 -0.12758927308709E+06  0.33665612966360E+05  0.10974065305441E+05 -0.96200761858758E+04 -0.13163736408055E+06  0.30705720752558E+05  0.71701396398999E+04 -0.83351206682472E+03 -0.11566454728998E+04 -0.12736976669747E+03  0.13034202979382E+02  0.36496483527399E+04 -0.44555186659209E+03  0.34656462316995E+04  0.20996596451548E+04  0.22773728450912E+07  0.82150719667106E+04 -0.38451067561661E+05
   0.21962799703074E+06 -0.60478824945713E+05  0.10438876008910E+05  0.20794799622758E+05 -0.57359233995683E+04 -0.19915736583119E+04  0.18843713709395E+04  0.31767228037297E+05 -0.68418617959858E+04 -0.18130160624308E+04  0.21199999375659E+03  0.40655645757659E+03  0.53899578153523E+02 -0.49816532585264E+01 -0.12842033643700E+04  0.12862405270171E+03 -0.12033623485077E+04 -0.65426749774682E+03 -0.32399079277536E+06 -0.15224536222974E+04  0.56318813913963E+04
   0.43540722260801E+06 -0.12758927308709E+06  0.20794799622758E+05  0.38683005484684E+06 -0.60838921488025E+05  0.66024020363109E+05  0.58111482025062E+05  0.34013818289498E+06 -0.23701675797820E+05 -0.17402945904100E+05  0.29194705444617E+04 -0.19259614247852E+04 -0.21981753575480E+03  0.67746785017660E+02  0.23409847453024E+05 -0.27206831388287E+04  0.21831299426573E+05  0.12805062647370E+05 -0.19766269638750E+07 -0.10402907669661E+05  0.25339684680604E+05
  -0.11920404159870E+06  0.33665612966360E+05 -0.57359233995683E+04 -0.60838921488025E+05  0.11373824050708E+05 -0.65041117763624E+04 -0.83443875913025E+04 -0.33519171687877E+05  0.86197859249044E+03  0.23122839809670E+04 -0.30197326617447E+03 -0.25172996443820E+02  0.91318865140176E+01 -0.62481992169855E+01 -0.17250821283020E+04  0.20607005560626E+03 -0.15547433699630E+04 -0.93290945402017E+03  0.43530045707850E+06  0.20892813946016E+04 -0.62628608567317E+04
  -0.39497783781685E+05  0.10974065305441E+05 -0.19915736583119E+04  0.66024020363109E+05 -0.65041117763624E+04  0.20252567906798E+05  0.12095104561743E+05  0.95072051598073E+05 -0.83780495092127E+04 -0.39102485052898E+04  0.80440133038692E+03 -0.90815731486559E+03 -0.89352691111387E+02  0.21453942277358E+02  0.72151759040146E+04 -0.85408637026698E+03  0.69235707970577E+04  0.40973681001847E+04 -0.31157572088620E+05 -0.81741305295620E+03 -0.12090246503386E+04
   0.40578083503514E+05 -0.96200761858758E+04  0.18843713709395E+04  0.58111482025062E+05 -0.83443875913025E+04  0.12095104561743E+05  0.95814817350059E+04  0.55173406622590E+05 -0.32742433453228E+04 -0.29035296575365E+04  0.48218967641456E+03 -0.29264968301203E+03 -0.37537364032319E+02  0.11533386034480E+02  0.34906393014773E+04 -0.42236492257778E+03  0.32588523452384E+04  0.19656266721721E+04 -0.19909172153485E+06 -0.13966889123773E+04  0.20600539945505E+04
   0.84619274037100E+06 -0.13163736408055E+06  0.31767228037297E+05  0.34013818289498E+06 -0.33519171687877E+05  0.95072051598073E+05  0.55173406622590E+05  0.51504157421977E+07 -0.25420475720861E+07 -0.87213388957355E+05  0.23141790784333E+05  0.22650714018205E+05  0.16962803527332E+04  0.11514091339859E+03  0.53900053630563E+05 -0.69989306216822E+04  0.59085799654527E+05  0.33836774925054E+05 -0.55751178608637E+06 -0.73952240425405E+04 -0.10963378400258E+04
  -0.17870227451555E+06  0.30705720752558E+05 -0.68418617959858E+04 -0.23701675797820E+05  0.86197859249044E+03 -0.83780495092127E+04 -0.32742433453228E+04 -0.25420475720861E+07  0.22179382425588E+07  0.18712458301961E+05 -0.56136065164617E+04 -0.52678465062843E+04 -0.35571895414791E+03 -0.13700955815562E+02  0.45986266276288E+05 -0.24158552895584E+04  0.19232497369825E+05  0.10175057064480E+05 -0.10180263192384E+05  0.77572746056537E+03  0.13065521729435E+04
  -0.43097877055976E+05  0.71701396398999E+04 -0.18130160624308E+04 -0.17402945904100E+05  0.23122839809670E+04 -0.39102485052898E+04 -0.29035296575365E+04 -0.87213388957355E+05  0.18712458301961E+05  0.27930491023110E+04 -0.58771159179493E+03 -0.58494184630606E+03 -0.56354983283575E+02 -0.25531140592553E+01 -0.26617761200482E+04  0.32241524978746E+03 -0.25112445507006E+04 -0.15255214725544E+04  0.50227621162623E+05  0.49533115637802E+03 -0.43405856571001E+03
   0.57026167338476E+04 -0.83351206682472E+03  0.21199999375659E+03  0.29194705444617E+04 -0.30197326617447E+03  0.80440133038692E+03  0.48218967641456E+03  0.23141790784333E+05 -0.56136065164617E+04 -0.58771159179493E+03  0.14622447001923E+03  0.14987458781532E+03  0.11775800667770E+02  0.82517780472852E+00  0.80575560019233E+03 -0.86253688072567E+02  0.71790158726565E+03  0.41232851341183E+03 -0.51979902118179E+04 -0.59694971422753E+02  0.25418352990457E+01
   0.12652760276992E+05 -0.11566454728998E+04  0.40655645757659E+03 -0.19259614247852E+04 -0.25172996443820E+02 -0.90815731486559E+03 -0.29264968301203E+03  0.22650714018205E+05 -0.52678465062843E+04 -0.58494184630606E+03  0.14987458781532E+03  0.27525093466648E+04  0.17977355504355E+03  0.36616219029425E+00  0.61526227750020E+03 -0.93144196670499E+02  0.81804414299555E+03  0.50476949274085E+03 -0.62595817017758E+04 -0.19494876272430E+02  0.24950419917887E+03
   0.14689645367538E+04 -0.12736976669747E+03  0.53899578153523E+02 -0.21981753575480E+03  0.91318865140176E+01 -0.89352691111387E+02 -0.37537364032319E+02  0.16962803527332E+04 -0.35571895414791E+03 -0.56354983283575E+02  0.11775800667770E+02  0.17977355504355E+03  0.15484994818923E+02 -0.14149023760769E+00  0.25086811947016E+02 -0.56026877614816E+01  0.43341728159672E+02  0.30868610372272E+02 -0.22997046467497E+03  0.20401888286951E+01  0.18366643189894E+02
  -0.11021787696439E+03  0.13034202979382E+02 -0.49816532585264E+01  0.67746785017660E+02 -0.62481992169855E+01  0.21453942277358E+02  0.11533386034480E+02  0.11514091339859E+03 -0.13700955815562E+02 -0.25531140592553E+01  0.82517780472852E+00  0.36616219029425E+00 -0.14149023760769E+00  0.73455251004882E-01  0.15267778841311E+02 -0.13786345291941E+01  0.11857754325336E+02  0.62882922511015E+01 -0.96350346011374E+02 -0.11546590634301E+01 -0.27992020252946E+00
  -0.20579537226333E+05  0.36496483527399E+04 -0.12842033643700E+04  0.23409847453024E+05 -0.17250821283020E+04  0.72151759040146E+04  0.34906393014773E+04  0.53900053630563E+05  0.45986266276288E+05 -0.26617761200482E+04  0.80575560019233E+03  0.61526227750020E+03  0.25086811947016E+02  0.15267778841311E+02  0.26894791950850E+05 -0.24135916284236E+04  0.20420402064026E+05  0.11232274720071E+05 -0.25556039339221E+05  0.11223640506791E+03 -0.22240235978172E+03
   0.19617153968567E+04 -0.44555186659209E+03  0.12862405270171E+03 -0.27206831388287E+04  0.20607005560626E+03 -0.85408637026698E+03 -0.42236492257778E+03 -0.69989306216822E+04 -0.24158552895584E+04  0.32241524978746E+03 -0.86253688072567E+02 -0.93144196670499E+02 -0.56026877614816E+01 -0.13786345291941E+01 -0.24135916284236E+04  0.25246695467540E+03 -0.21205716093087E+04 -0.12140848036442E+04  0.28731828471105E+04 -0.16106863430253E+02  0.55150583091964E+02
  -0.19295607884809E+05  0.34656462316995E+04 -0.12033623485077E+04  0.21831299426573E+05 -0.15547433699630E+04  0.69235707970577E+04  0.32588523452384E+04  0.59085799654527E+05  0.19232497369825E+05 -0.25112445507006E+04  0.71790158726565E+03  0.81804414299555E+03  0.43341728159672E+02  0.11857754325336E+02  0.20420402064026E+05 -0.21205716093087E+04  0.18120403536187E+05  0.10290976255184E+05 -0.24004579664686E+05  0.14919395900730E+03 -0.22673134927371E+03
  -0.10162687240952E+05  0.20996596451548E+04 -0.65426749774682E+03  0.12805062647370E+05 -0.93290945402017E+03  0.40973681001847E+04  0.19656266721721E+04  0.33836774925054E+05  0.10175057064480E+05 -0.15255214725544E+04  0.41232851341183E+03  0.50476949274085E+03  0.30868610372272E+02  0.62882922511015E+01  0.11232274720071E+05 -0.12140848036442E+04  0.10290976255184E+05  0.59326338383001E+04 -0.14027036610198E+05  0.93850908166130E+02 -0.21242702352389E+03
  -0.66446138520831E+07  0.22773728450912E+07 -0.32399079277536E+06 -0.19766269638750E+07  0.43530045707850E+06 -0.31157572088620E+05 -0.19909172153485E+06 -0.55751178608637E+06 -0.10180263192384E+05  0.50227621162623E+05 -0.51979902118179E+04 -0.62595817017758E+04 -0.22997046467497E+03 -0.96350346011374E+02 -0.25556039339221E+05  0.28731828471105E+04 -0.24004579664686E+05 -0.14027036610198E+05  0.26869603403296E+08  0.82187965580759E+05 -0.39619542837198E+06
  -0.32299607148682E+05  0.82150719667106E+04 -0.15224536222974E+04 -0.10402907669661E+05  0.20892813946016E+04 -0.81741305295620E+03 -0.13966889123773E+04 -0.73952240425405E+04  0.77572746056537E+03  0.49533115637802E+03 -0.59694971422753E+02 -0.19494876272430E+02  0.20401888286951E+01 -0.11546590634301E+01  0.11223640506791E+03 -0.16106863430253E+02  0.14919395900730E+03  0.93850908166130E+02  0.82187965580759E+05  0.71974822093812E+03 -0.16962819314342E+04
   0.11568199272398E+06 -0.38451067561661E+05  0.56318813913963E+04  0.25339684680604E+05 -0.62628608567317E+04 -0.12090246503386E+04  0.20600539945505E+04 -0.10963378400258E+04  0.13065521729435E+04 -0.43405856571001E+03  0.25418352990457E+01  0.24950419917887E+03  0.18366643189894E+02 -0.27992020252946E+00 -0.22240235978172E+03  0.55150583091964E+02 -0.22673134927371E+03 -0.21242702352389E+03 -0.39619542837198E+06 -0.16962819314342E+04  0.86870734734817E+04

 # Covariance matrix (Bevington epsilon)
   0.40701675338227E-03 -0.68141987778474E-04 -0.83805475810859E-02  0.21663167808667E-03  0.64873544970387E-04  0.39788368545854E-03 -0.12674861369234E-02  0.49225828769817E-04  0.33898002568779E-04 -0.74305035575076E-03 -0.11798249756824E-01 -0.10798375054994E-03 -0.11288250475169E-02  0.11808550201986E-01  0.11226472453082E-03  0.15128051815397E-02  0.10852247963625E-03 -0.38691581693424E-03  0.36417793163906E-05  0.35326614879680E-03 -0.31759623761676E-04  0.61044497383191E-03 -0.57800358624864E-03  0.17549582551104E-04  0.47894977577107E-04  0.38384476052406E-04 -0.58444574015489E-04  0.32433250669348E-04  0.48639491908662E-04  0.38074445371900E-04 -0.65216991924011E-04 -0.41074137508089E-04  0.38785046257779E-04  0.44621204339076E-04  0.34709859332671E-04 -0.45011435528509E-04 -0.51169327802271E-04  0.24883837780299E-05  0.88363744649691E-05  0.62404983397655E-04  0.94337486447817E-05
  -0.68141987778472E-04  0.13004865688046E-03  0.22360074498686E-02  0.95828842951741E-04  0.64028073813505E-03 -0.24345558516556E-03  0.31053016260215E-03 -0.41378477191238E-05 -0.29747459108032E-05  0.49002190019965E-03  0.25616123503144E-02  0.96217163681219E-04 -0.37106935594055E-03  0.60303299046716E-02 -0.84887117174072E-05  0.86710161249612E-03  0.17657658185640E-03 -0.12157395466622E-03 -0.20452008540445E-05 -0.21153956801932E-04  0.14087077736797E-04 -0.15407244561732E-02  0.41917498924172E-03  0.88684891216088E-04  0.86366628233596E-05  0.59037313356006E-05 -0.41411592231797E-04  0.43563375770975E-05  0.23868862042540E-05  0.41631023386008E-05  0.25115408879709E-04  0.11215870303493E-04  0.11890057629849E-05  0.89093743830642E-05  0.10305779599485E-04 -0.10048547675101E-04 -0.56880673504740E-05  0.44723630841496E-07  0.25561824733399E-06  0.18661042825399E-05 -0.41947110596186E-05
  -0.83805475810859E-02  0.22360074498686E-02  0.18122024507712E+00 -0.31974492204339E-02  0.40466559931404E-02 -0.98837287363240E-02  0.27110909354912E-01 -0.96086576985735E-03 -0.66675049601363E-03  0.18507049218311E-01  0.26053547537566E+00  0.28596986475705E-02  0.22962020578801E-01 -0.15574317475662E+00 -0.20219066008748E-02 -0.73002334876448E-02  0.79187683691772E-03  0.56478932854468E-02 -0.78155330852182E-04 -0.59584891894664E-02  0.73664720448996E-03 -0.21935353439732E-01  0.14257920977755E-01  0.68417752680474E-03 -0.69485390476280E-03 -0.53322396031946E-03  0.13879623093895E-02 -0.44120515948091E-03 -0.70304787690764E-03 -0.49448611573097E-03  0.20966215254028E-02  0.15045348620382E-02 -0.69873113977470E-03 -0.60398571815493E-03 -0.42174111200096E-03  0.64139223262347E-03  0.78854747883296E-03 -0.41758793653550E-04 -0.14415341041618E-03 -0.10035984277315E-02 -0.15830766110429E-03
   0.21663167808669E-03  0.95828842951739E-04 -0.31974492204343E-02  0.12197030365218E-02  0.46713059463889E-02 -0.20240462501883E-02 -0.12198290907516E-03  0.26834122976109E-04  0.15242112704093E-04 -0.39628386490928E-03 -0.63548137370711E-02  0.37997636276130E-03 -0.46802161955169E-02  0.49615726041837E-01  0.48242455229305E-03  0.13476883077656E-01 -0.86400158739803E-03  0.29009260095207E-02  0.78678903477365E-05  0.51821657818679E-03 -0.27557127711223E-04 -0.21271896764834E-02  0.51549318778140E-03  0.23273783671007E-03  0.62463421306699E-04  0.51254493369839E-04 -0.28174624435807E-04  0.39767265316225E-04  0.64472050620160E-04  0.55790347304454E-04  0.34522834672266E-04 -0.26165632595430E-06  0.26744798361575E-04  0.62273637634285E-04  0.43300165077210E-04 -0.54521016423887E-04 -0.56446232586865E-04  0.26714942310193E-05  0.12349680568355E-04  0.70107006821091E-04  0.15921769395630E-04
   0.64873544970493E-04  0.64028073813504E-03  0.40466559931383E-02  0.46713059463890E-02  0.25949965874255E-01 -0.13088409645693E-01  0.11638752302079E-01 -0.42018899128209E-04 -0.41029295787908E-04  0.42475201990189E-02  0.24778679742258E-01  0.79408796082830E-03 -0.59478185575794E-02  0.26601121484426E+00  0.13963126634158E-02  0.37936922999243E-01 -0.53460192172595E-02  0.13159197783497E-01 -0.78419235794429E-05  0.38849668117011E-03  0.29428438766570E-03 -0.59124912813795E-02  0.35390791757221E-03  0.55886164985984E-03  0.15429625650233E-03  0.14342549017106E-03 -0.14450352295296E-03  0.16918771166471E-03  0.10953857649108E-03  0.12044448419743E-03  0.30030181035815E-03  0.15653202150461E-03  0.29399587309401E-04  0.11668618260099E-03  0.46214206418880E-04 -0.52333198085898E-04 -0.81371257228898E-04  0.64798535654993E-05  0.32205373341822E-04  0.17899574739035E-03  0.33117586840512E-04
   0.39788368545848E-03 -0.24345558516555E-03 -0.98837287363227E-02 -0.20240462501884E-02 -0.13088409645693E-01  0.86187805540675E-02 -0.99167712864618E-02  0.11098285382282E-03  0.83438136550064E-04 -0.25471002872880E-02 -0.33933401356179E-01  0.32601789482475E-04  0.21825808546738E-03 -0.22569692598375E+00 -0.51964818212246E-03 -0.22961915746231E-01  0.24049951698383E-02 -0.74962323100613E-02 -0.14276070326208E-05 -0.13531571918750E-02 -0.40641145368891E-03  0.39551574844780E-02 -0.10364214798524E-02 -0.33438544183561E-03 -0.25015947571930E-04 -0.29914685837041E-04 -0.25816914124815E-03 -0.10322041333815E-03 -0.79009629306478E-05 -0.22716198993100E-04 -0.31373296024620E-03 -0.26636638791813E-03  0.35737138531469E-04 -0.66457925638988E-05  0.14487751440783E-04 -0.36560811569003E-05 -0.52476038159656E-05 -0.11163107924481E-05 -0.63324472076387E-05 -0.35545978062732E-04 -0.81792416452862E-04
  -0.12674861369234E-02  0.31053016260214E-03  0.27110909354911E-01 -0.12198290907511E-03  0.11638752302079E-01 -0.99167712864619E-02  0.21771960893377E-01 -0.26343561108314E-03 -0.18343934434366E-03  0.93474004071731E-02  0.93727365192934E-01 -0.16104408507177E-02  0.22103946081618E-01  0.19780394694110E+00 -0.74750492992455E-03 -0.72736842101563E-02 -0.11347537559493E-02  0.21448904225435E-02 -0.38048115006519E-04  0.19384393866816E-03  0.10079170548570E-02  0.57782815118630E-03 -0.11071053059608E-02 -0.66336967371641E-04 -0.78422820320902E-04 -0.25423945836060E-04  0.32653054308040E-03  0.12733885813145E-03 -0.13325281603029E-03 -0.61816018793783E-04  0.58466803946846E-03  0.62866838972063E-03 -0.12160690096454E-03 -0.12427544399014E-03 -0.10552078087654E-03  0.11461709940516E-03  0.10866065600202E-03 -0.33938407011740E-05 -0.15037879403546E-04 -0.58824450873943E-04  0.97525803475909E-04
   0.49225828769816E-04 -0.41378477191238E-05 -0.96086576985733E-03  0.26834122976107E-04 -0.42018899128218E-04  0.11098285382282E-03 -0.26343561108315E-03  0.25527241902006E-04  0.19390248344811E-04 -0.26427383183849E-03 -0.46614464067168E-02  0.12797177947194E-04 -0.29935496586716E-03 -0.33440675277193E-02 -0.25202371221982E-04  0.30658263857090E-04  0.18771266602033E-03 -0.26797647650874E-03  0.41974320396819E-06  0.12235961351884E-04 -0.12406359217567E-04 -0.71973929260160E-04  0.36410748718971E-05  0.13327989029607E-04  0.86457188787928E-05  0.79202022052541E-05  0.37232598879852E-05  0.86306516795521E-05  0.89533929110001E-05  0.80869713275904E-05  0.18953002347182E-06  0.13495748707196E-05  0.92961459606515E-05  0.82862597262172E-05  0.75860007887274E-05  0.20031882544631E-06  0.25801199942175E-06  0.38213579181245E-06  0.15282208166698E-05  0.12419900417886E-04  0.45268036353922E-06
   0.33898002568778E-04 -0.29747459108031E-05 -0.66675049601361E-03  0.15242112704091E-04 -0.41029295787914E-04  0.83438136550067E-04 -0.18343934434366E-03  0.19390248344811E-04  0.15551900691778E-04 -0.18125125399209E-03 -0.34458012784345E-02  0.70961035599090E-05 -0.19136811697277E-03 -0.26077500629632E-02 -0.33455984511540E-04 -0.24696762584616E-03  0.15509125462993E-03 -0.24944342763947E-03  0.25879415395212E-06  0.44169608036940E-05 -0.89992966757567E-05 -0.50185889003481E-04  0.35141258459877E-05  0.80058788276835E-05  0.56786635253778E-05  0.51946644590452E-05  0.12088895329227E-05  0.60427890221938E-05  0.57903558821671E-05  0.51796157628323E-05 -0.11079182422507E-05 -0.15923932055655E-06  0.64822284718407E-05  0.53738235143804E-05  0.48834804279885E-05  0.12613654918198E-05  0.11389118296039E-05  0.23561059139193E-06  0.19945595290630E-06  0.80127042435622E-05  0.11019247039564E-06
  -0.74305035575075E-03  0.49002190019965E-03  0.18507049218311E-01 -0.39628386490920E-03  0.42475201990193E-02 -0.25471002872882E-02  0.93474004071732E-02 -0.26427383183849E-03 -0.18125125399209E-03  0.22403737273280E-01  0.11613288296365E+00 -0.14934638140944E-02  0.31582324004704E-01 -0.75319294948070E-01 -0.51674490663362E-03 -0.51163805322983E-01 -0.96076793549868E-02  0.77404983865878E-02 -0.29792444262932E-04 -0.45857807023829E-02  0.13751286496427E-03  0.69929454807637E-02 -0.21644280237451E-02 -0.11010920022373E-02 -0.80129925262820E-04 -0.25389552312824E-04 -0.17926222290816E-02  0.33035723695679E-04 -0.99549703237175E-04 -0.48469158483917E-04 -0.50139148089017E-04 -0.30932130832080E-04 -0.41420670607519E-04 -0.64415726440600E-04 -0.48939019966223E-04  0.56327486629496E-03  0.38552392344247E-03 -0.64219974362669E-05 -0.35805377083675E-04 -0.12499348674070E-03 -0.17750830666965E-03
  -0.11798249756824E-01  0.25616123503144E-02  0.26053547537566E+00 -0.63548137370705E-02  0.24778679742260E-01 -0.33933401356180E-01  0.93727365192935E-01 -0.46614464067169E-02 -0.34458012784345E-02  0.11613288296365E+00  0.13104335754849E+01 -0.80018302457278E-02  0.18856311170936E+00  0.28968251298984E+00 -0.56876827480077E-03 -0.19521243345758E+00 -0.42603941536592E-01  0.26020493382068E-01 -0.17977587600035E-03 -0.18688775112828E-01  0.55586245502502E-02  0.46194576273467E-01 -0.19538558364267E-01 -0.35079945466995E-02 -0.43271564799777E-03  0.18204883418102E-03  0.25865889920720E-02  0.53713630759761E-03 -0.43174511826639E-03  0.30488769547659E-03  0.70109723333682E-02  0.71100731486945E-02 -0.17941328348920E-02 -0.34889016556345E-03  0.23618271737961E-03 -0.15461977570900E-03 -0.83356287266864E-03 -0.17266695870769E-04 -0.10002243165903E-03 -0.29092668609593E-03 -0.21255414362250E-03
  -0.10798375054994E-03  0.96217163681221E-04  0.28596986475705E-02  0.37997636276131E-03  0.79408796082836E-03  0.32601789482433E-04 -0.16104408507177E-02  0.12797177947193E-04  0.70961035599088E-05 -0.14934638140945E-02 -0.80018302457278E-02  0.24809741444586E-02 -0.27282001509740E-01 -0.57368663892782E-01  0.27280196764711E-03  0.43951603305567E-02 -0.45451377003512E-03  0.11627014139991E-02  0.31496630367266E-05  0.40034380290043E-03 -0.11373261426712E-04 -0.15700583870953E-02  0.77993726321018E-03  0.83835242742502E-04 -0.71019231616179E-05 -0.31233360250371E-05  0.48482391727321E-04 -0.12480934918116E-04  0.37684053188877E-05  0.29773656141936E-05  0.11335787980228E-03 -0.34653566685574E-04 -0.54890666715611E-05  0.96100227243143E-05  0.38080679202109E-05 -0.26074402046784E-05 -0.32719589036228E-06 -0.56899679104773E-07  0.19209643929068E-05 -0.70649169511152E-05  0.27229159213529E-04
  -0.11288250475169E-02 -0.37106935594056E-03  0.22962020578801E-01 -0.46802161955169E-02 -0.59478185575794E-02  0.21825808546742E-03  0.22103946081618E-01 -0.29935496586717E-03 -0.19136811697277E-03  0.31582324004704E-01  0.18856311170936E+00 -0.27282001509740E-01  0.44555043866240E+00  0.52973810682865E+00 -0.43424471789865E-02 -0.11301194571774E+00  0.61741038562737E-02 -0.26320997939411E-01 -0.85847831913256E-04 -0.11850688605253E-01 -0.19898955135667E-02  0.23900878172294E-01 -0.12472632987246E-01 -0.17068305877837E-02  0.20515844471005E-03  0.10511611747493E-03 -0.37986813122456E-03  0.26837489458463E-03  0.11235344247484E-03  0.14075364565218E-04  0.11533111750904E-02  0.13504961760480E-02  0.15013957546794E-04  0.11926694124889E-03 -0.13844346439254E-04 -0.91652292268951E-04 -0.21933599035868E-03  0.75737441695670E-05  0.26785676362584E-04  0.73812200792816E-04 -0.67561831055033E-03
   0.11808550201988E-01  0.60303299046713E-02 -0.15574317475665E+00  0.49615726041837E-01  0.26601121484425E+00 -0.22569692598374E+00  0.19780394694110E+00 -0.33440675277191E-02 -0.26077500629631E-02 -0.75319294948077E-01  0.28968251298979E+00 -0.57368663892783E-01  0.52973810682866E+00  0.45165485988405E+02  0.22586629440143E-01  0.15113656765019E+01 -0.96875876005122E-01  0.40337653326933E+00  0.55972166868455E-03  0.34034007881436E+00  0.10723996837744E-01 -0.90562264822136E-01  0.30974030124381E-01 -0.20360797107952E-02  0.58083444839832E-02 -0.11790810899077E-02  0.20285586890155E-01  0.11095523387894E-01  0.62873792440026E-02 -0.11756047894474E-02  0.16067852958617E-01  0.50524329881180E-02  0.40025000472140E-02  0.65789505786569E-02 -0.96000656938909E-03 -0.95425750674332E-04 -0.10012490390055E-03  0.30043771434561E-03  0.97251082275448E-03  0.62403354462054E-03  0.56204572727868E-02
   0.11226472453083E-03 -0.84887117174047E-05 -0.20219066008749E-02  0.48242455229306E-03  0.13963126634158E-02 -0.51964818212245E-03 -0.74750492992458E-03 -0.25202371221980E-04 -0.33455984511539E-04 -0.51674490663371E-03 -0.56876827480116E-03  0.27280196764711E-03 -0.43424471789865E-02  0.22586629440143E-01  0.14840003978827E-02  0.30761733080979E-01 -0.33233725292863E-02  0.90600755383758E-02  0.48747515309420E-05  0.35807110011845E-03 -0.26497157741935E-04  0.17126978983865E-04  0.22152464230278E-03  0.45910937614250E-04  0.23210635825238E-04  0.16812910404083E-04 -0.29806365282686E-05 -0.24722175090342E-04  0.31484089041344E-04  0.25826616386901E-04 -0.34704610623206E-04 -0.44347229745022E-04  0.15322683462782E-04  0.26303816124798E-04  0.20898798031366E-04 -0.79151873144073E-05  0.22390163577082E-05  0.12987815547130E-05  0.52150228484150E-05  0.22800542009541E-04  0.76594200392939E-05
   0.15128051815400E-02  0.86710161249610E-03 -0.73002334876489E-02  0.13476883077655E-01  0.37936922999240E-01 -0.22961915746229E-01 -0.72736842101573E-02  0.30658263857135E-04 -0.24696762584613E-03 -0.51163805322986E-01 -0.19521243345759E+00  0.43951603305563E-02 -0.11301194571773E+00  0.15113656765019E+01  0.30761733080978E-01  0.13650316559844E+01  0.14635957267698E-01  0.18884650731752E+00  0.16450760127985E-03  0.33061065613372E-01 -0.22806891010606E-02 -0.77533812046430E-01  0.44011640826672E-01  0.11159550773771E-01  0.10585687945767E-02  0.64829111192889E-03  0.21140836911072E-02  0.68290604586471E-04  0.16633063104005E-02  0.13255665218092E-02  0.11721826306362E-02  0.11152082938269E-02  0.67823239423814E-03  0.13603189888005E-02  0.11100099454813E-02 -0.42572408880886E-02 -0.21641973521841E-02  0.56081893378692E-04  0.26597930787665E-03  0.91342877353472E-03  0.12288740028276E-02
   0.10852247963623E-03  0.17657658185637E-03  0.79187683691798E-03 -0.86400158739825E-03 -0.53460192172604E-02  0.24049951698387E-02 -0.11347537559493E-02  0.18771266602033E-03  0.15509125462993E-03 -0.96076793549865E-02 -0.42603941536591E-01 -0.45451377003519E-03  0.61741038562749E-02 -0.96875876005137E-01 -0.33233725292865E-02  0.14635957267689E-01  0.29149573647644E-01 -0.42773496726942E-01  0.11496283056520E-05  0.34576622699124E-02 -0.28744593077719E-03 -0.15499746596420E-01  0.46397800603919E-02  0.23012678399989E-02  0.13775995980920E-03  0.11034943128008E-03  0.70696378547204E-03  0.20689188592187E-03  0.19352109152872E-03  0.18144095512353E-03  0.69241369474767E-03  0.74768270089559E-03  0.15128490759685E-05  0.17621298104678E-03  0.17908823533499E-03 -0.13215850266032E-02 -0.99659109717563E-03  0.12391982100999E-04  0.53377267291144E-04  0.29427977310425E-03  0.21074211299792E-03
  -0.38691581693416E-03 -0.12157395466618E-03  0.56478932854458E-02  0.29009260095210E-02  0.13159197783498E-01 -0.74962323100617E-02  0.21448904225434E-02 -0.26797647650873E-03 -0.24944342763946E-03  0.77404983865869E-02  0.26020493382064E-01  0.11627014139991E-02 -0.26320997939412E-01  0.40337653326935E+00  0.90600755383761E-02  0.18884650731754E+00 -0.42773496726941E-01  0.98736778015944E-01  0.17731352383468E-04 -0.62770847250800E-03 -0.64907590197396E-04  0.10840463636407E-01  0.16125335139993E-02 -0.21160160264177E-02 -0.18630012856629E-03 -0.21089403750609E-03 -0.11956342345503E-02 -0.41041311953569E-03 -0.18793194780299E-03 -0.23343405035474E-03 -0.12706578243025E-02 -0.13648403567616E-02  0.12303547175714E-03 -0.20055999306515E-03 -0.25269533478015E-03  0.17673398065241E-02  0.16081085654211E-02 -0.20317720586999E-04 -0.83033136072456E-04 -0.55903992210154E-03 -0.17998651939155E-03
   0.36417793163907E-05 -0.20452008540445E-05 -0.78155330852184E-04  0.78678903477363E-05 -0.78419235794440E-05 -0.14276070326202E-05 -0.38048115006519E-04  0.41974320396821E-06  0.25879415395214E-06 -0.29792444262932E-04 -0.17977587600035E-03  0.31496630367265E-05 -0.85847831913255E-04  0.55972166868454E-03  0.48747515309419E-05  0.16450760127985E-03  0.11496283056536E-05  0.17731352383465E-04  0.51509190559952E-06  0.24902480460861E-04  0.57094438332248E-05 -0.44133622294518E-04  0.20021346505974E-04  0.48573591559973E-05  0.61305372423952E-06  0.34342271110789E-06  0.17307391868102E-05  0.30980628182827E-06  0.87132469713576E-06  0.62314921412166E-06 -0.66360596882924E-07  0.38016254133592E-07  0.27808971663150E-06  0.73013928422035E-06  0.75467847918323E-06 -0.11229443519084E-05 -0.91855253146383E-06  0.28100658092592E-07  0.11998913872135E-06  0.70973960351824E-06  0.73018210528780E-06
   0.35326614879681E-03 -0.21153956801938E-04 -0.59584891894667E-02  0.51821657818674E-03  0.38849668116986E-03 -0.13531571918749E-02  0.19384393866808E-03  0.12235961351886E-04  0.44169608036954E-05 -0.45857807023829E-02 -0.18688775112828E-01  0.40034380290041E-03 -0.11850688605253E-01  0.34034007881436E+00  0.35807110011840E-03  0.33061065613371E-01  0.34576622699126E-02 -0.62770847250857E-03  0.24902480460860E-04  0.13030542684572E-01  0.78500471272681E-03 -0.29116183105648E-02  0.14309668059991E-02  0.76978110865994E-03  0.11305091344132E-03 -0.71209718207992E-04  0.30426838837988E-03  0.83235032063649E-04  0.12764405485810E-03 -0.69917367178445E-04  0.15878563010127E-03  0.82737833390023E-04  0.55329506841838E-04  0.89808077889290E-04 -0.80276670861926E-04 -0.24011413363156E-03 -0.17745311691071E-03  0.46133955802087E-05  0.13842752372653E-04  0.64573107945049E-04  0.34998033493071E-03
  -0.31759623761674E-04  0.14087077736796E-04  0.73664720448992E-03 -0.27557127711222E-04  0.29428438766570E-03 -0.40641145368891E-03  0.10079170548570E-02 -0.12406359217567E-04 -0.89992966757567E-05  0.13751286496427E-03  0.55586245502502E-02 -0.11373261426713E-04 -0.19898955135667E-02  0.10723996837745E-01 -0.26497157741931E-04 -0.22806891010605E-02 -0.28744593077720E-03 -0.64907590197359E-04  0.57094438332248E-05  0.78500471272681E-03  0.80999534444622E-03  0.41678521462559E-03 -0.15238659635892E-03  0.33711624808831E-04  0.84989836866889E-05  0.53051548058682E-05  0.14019541807487E-03  0.20470816183687E-04 -0.11830763836437E-05  0.24531540615310E-04  0.62099550706422E-04  0.88307330375544E-04 -0.13272153374276E-04 -0.20453378385953E-04  0.38826165804284E-04 -0.21443748485654E-04 -0.23578199811177E-04  0.58380154275300E-06  0.31361003781957E-05  0.23363099613597E-04  0.19007019976456E-04
   0.61044497383186E-03 -0.15407244561731E-02 -0.21935353439731E-01 -0.21271896764833E-02 -0.59124912813792E-02  0.39551574844778E-02  0.57782815118628E-03 -0.71973929260165E-04 -0.50185889003485E-04  0.69929454807638E-02  0.46194576273467E-01 -0.15700583870952E-02  0.23900878172294E-01 -0.90562264822133E-01  0.17126978984024E-04 -0.77533812046427E-01 -0.15499746596421E-01  0.10840463636409E-01 -0.44133622294518E-04 -0.29116183105649E-02  0.41678521462558E-03  0.60415478809234E-01 -0.21094907573130E-01 -0.37963972227804E-02 -0.67892263000550E-04 -0.19444248924806E-04  0.42451190897867E-03  0.50572452923026E-04 -0.85850105564309E-04 -0.63565297579029E-04  0.16073703075894E-03  0.26409970908194E-03 -0.24576191033536E-04 -0.25780627834409E-03 -0.24169242765623E-03  0.74584150123995E-03  0.41606156504327E-03 -0.31773849454103E-06 -0.36684186190140E-05  0.28167633521028E-04 -0.13886159797298E-03
  -0.57800358624862E-03  0.41917498924172E-03  0.14257920977755E-01  0.51549318778139E-03  0.35390791757220E-03 -0.10364214798525E-02 -0.11071053059607E-02  0.36410748718981E-05  0.35141258459886E-05 -0.21644280237452E-02 -0.19538558364268E-01  0.77993726321015E-03 -0.12472632987246E-01  0.30974030124381E-01  0.22152464230273E-03  0.44011640826672E-01  0.46397800603923E-02  0.16125335139987E-02  0.20021346505974E-04  0.14309668059991E-02 -0.15238659635892E-03 -0.21094907573130E-01  0.10730799784069E-01  0.93006410016747E-03 -0.61422253162874E-04 -0.83579941004301E-04 -0.46067383421516E-03 -0.11007529561038E-03  0.18466548762666E-04  0.43674456688356E-05 -0.26178650863854E-03 -0.30897453218463E-03  0.12296180985048E-04  0.38574805421357E-04  0.49568743599316E-04 -0.50927800802408E-04  0.84881328899869E-04 -0.60539275493100E-05 -0.24903651330244E-04 -0.17026261825249E-03  0.37751832115176E-04
   0.17549582551108E-04  0.88684891216085E-04  0.68417752680465E-03  0.23273783671005E-03  0.55886164985975E-03 -0.33438544183556E-03 -0.66336967371654E-04  0.13327989029607E-04  0.80058788276840E-05 -0.11010920022373E-02 -0.35079945466995E-02  0.83835242742490E-04 -0.17068305877836E-02 -0.20360797107966E-02  0.45910937614224E-04  0.11159550773770E-01  0.23012678399990E-02 -0.21160160264179E-02  0.48573591559972E-05  0.76978110865994E-03  0.33711624808832E-04 -0.37963972227804E-02  0.93006410016744E-03  0.77663746533756E-03  0.38668916722285E-04  0.30981383655079E-04  0.11015915518170E-03  0.23015864369416E-04  0.19039187322858E-04  0.17647296169541E-04  0.10029521341557E-03  0.10768136417903E-03  0.39516039332068E-05  0.43603583774945E-05  0.98334557121934E-05 -0.15805209912443E-03 -0.12035881282262E-03  0.19552858591799E-05  0.85450265946247E-05  0.52096069504127E-04  0.36847681607145E-04
   0.47894977577108E-04  0.86366628233593E-05 -0.69485390476281E-03  0.62463421306695E-04  0.15429625650231E-03 -0.25015947571919E-04 -0.78422820320909E-04  0.86457188787929E-05  0.56786635253779E-05 -0.80129925262822E-04 -0.43271564799778E-03 -0.71019231616191E-05  0.20515844471007E-03  0.58083444839829E-02  0.23210635825235E-04  0.10585687945767E-02  0.13775995980922E-03 -0.18630012856632E-03  0.61305372423950E-06  0.11305091344132E-03  0.84989836866888E-05 -0.67892263000543E-04 -0.61422253162877E-04  0.38668916722285E-04  0.29832849106649E-04  0.19766469654772E-04  0.49868472842825E-04  0.18164317767061E-04  0.22818439380734E-04  0.21990018765680E-04  0.48163069424856E-04  0.47961580357323E-04  0.83697115352863E-05  0.21609410155479E-04  0.20416187391718E-04 -0.18998167908717E-04 -0.20211834293385E-04  0.85157927099434E-06  0.33760726704067E-05  0.24841388919594E-04  0.49866922554676E-05
   0.38384476052406E-04  0.59037313356003E-05 -0.53322396031946E-03  0.51254493369836E-04  0.14342549017104E-03 -0.29914685837032E-04 -0.25423945836065E-04  0.79202022052542E-05  0.51946644590453E-05 -0.25389552312825E-04  0.18204883418101E-03 -0.31233360250381E-05  0.10511611747494E-03 -0.11790810899079E-02  0.16812910404081E-04  0.64829111192883E-03  0.11034943128009E-03 -0.21089403750612E-03  0.34342271110787E-06 -0.71209718207993E-04  0.53051548058681E-05 -0.19444248924799E-04 -0.83579941004303E-04  0.30981383655079E-04  0.19766469654772E-04  0.37796870761519E-04  0.58189625213628E-04  0.18319328127490E-04  0.21549907035507E-04  0.25045906489655E-04  0.52824829404636E-04  0.56025653767557E-04  0.61813002688743E-05  0.20576735618053E-04  0.23360126681569E-04 -0.18020507994977E-04 -0.19984741936105E-04  0.81920579457701E-06  0.34156339545337E-05  0.25957291891378E-04  0.22032020974996E-05
  -0.58444574015488E-04 -0.41411592231798E-04  0.13879623093895E-02 -0.28174624435811E-04 -0.14450352295297E-03 -0.25816914124815E-03  0.32653054308040E-03  0.37232598879850E-05  0.12088895329226E-05 -0.17926222290816E-02  0.25865889920720E-02  0.48482391727318E-04 -0.37986813122453E-03  0.20285586890155E-01 -0.29806365282729E-05  0.21140836911070E-02  0.70696378547204E-03 -0.11956342345503E-02  0.17307391868102E-05  0.30426838837988E-03  0.14019541807487E-03  0.42451190897870E-03 -0.46067383421517E-03  0.11015915518170E-03  0.49868472842825E-04  0.58189625213628E-04  0.79146539462039E-03  0.60432049044039E-04  0.53624210468943E-04  0.66420324456817E-04  0.30862638873295E-03  0.30988469160830E-03 -0.90409914577534E-05  0.45332527640823E-04  0.60727942518614E-04 -0.82268750297682E-04 -0.81261369123623E-04  0.23961461888541E-05  0.11213844843517E-04  0.76878956230472E-04  0.28980828220340E-04
   0.32433250669348E-04  0.43563375770970E-05 -0.44120515948093E-03  0.39767265316222E-04  0.16918771166469E-03 -0.10322041333814E-03  0.12733885813144E-03  0.86306516795521E-05  0.60427890221939E-05  0.33035723695680E-04  0.53713630759760E-03 -0.12480934918117E-04  0.26837489458464E-03  0.11095523387893E-01 -0.24722175090344E-04  0.68290604586386E-04  0.20689188592187E-03 -0.41041311953571E-03  0.30980628182825E-06  0.83235032063647E-04  0.20470816183687E-04  0.50572452923038E-04 -0.11007529561039E-03  0.23015864369415E-04  0.18164317767061E-04  0.18319328127490E-04  0.60432049044039E-04  0.57818106143082E-04  0.19804941938008E-04  0.20513723276300E-04  0.63063775584867E-04  0.62072767195360E-04  0.62069753046410E-05  0.18579897058393E-04  0.18887371734583E-04 -0.18704938772658E-04 -0.20252678351949E-04  0.90894777646509E-06  0.38582817500361E-05  0.26164148108302E-04  0.53887908694491E-05
   0.48639491908662E-04  0.23868862042536E-05 -0.70304787690764E-03  0.64472050620155E-04  0.10953857649106E-03 -0.79009629306353E-05 -0.13325281603030E-03  0.89533929110002E-05  0.57903558821672E-05 -0.99549703237177E-04 -0.43174511826640E-03  0.37684053188863E-05  0.11235344247486E-03  0.62873792440023E-02  0.31484089041340E-04  0.16633063104004E-02  0.19352109152874E-03 -0.18793194780302E-03  0.87132469713574E-06  0.12764405485810E-03 -0.11830763836437E-05 -0.85850105564302E-04  0.18466548762663E-04  0.19039187322858E-04  0.22818439380734E-04  0.21549907035507E-04  0.53624210468943E-04  0.19804941938008E-04  0.30536809675037E-04  0.27568077233784E-04  0.55621812582586E-04  0.54614466755968E-04  0.87754885680818E-05  0.27845447428875E-04  0.25860965600560E-04 -0.22999444982014E-04 -0.23474576076272E-04  0.93267693667568E-06  0.37397555259533E-05  0.26718698496081E-04  0.60911060682760E-05
