# fitpack15: fit parameters                                                                         
# CJ15_AV18                                                                                         
# Created on 07/01/2015 at 03:24:40                                                                 

 # QCD setup
  INS	                    0
  NVL                          11
  IORD                          0
  Q02                   1.6899999999999999     
  IPARAMC                       7
  FLAVOR                5.0000000000000000     
  xmc                   1.3000000000000000     
  xmb                   4.5000000000000000     
  ncb                          12

 # Theory corrections
  inuke                     10334
  itmc                          1
  iht                           1

 # fit parameters
 LAMBDA       0.22680        0.0000    
 a0uv          1.2025        0.0000    
 a1uv         0.46241       0.26715E-01
 a2uv          3.1062       0.13454E-01
 a3uv          0.0000        0.0000    
 a4uv          6.1159       0.92427    
 a5uv          0.0000        0.0000    
 a0dv          8.2858        0.0000    
 a1dv         0.90253       0.38578E-01
 a2dv          5.2491       0.23180    
 a3dv         -3.0905       0.17670    
 a4dv          4.4611       0.25167    
 a5dv          0.0000        0.0000    
 a0ud         0.20552       0.47352E-02
 a1ud        -0.18870       0.26350E-02
 a2ud          6.4465       0.23859    
 a3ud          0.0000        0.0000    
 a4ud          4.0951       0.69150    
 a5ud          0.0000        0.0000    
 a0du          35712.        0.0000    
 a1du          4.0721       0.57898E-01
 a2du          18.159       0.64801    
 a3du          17.000        0.0000    
 a4du          45.121        6.1480    
 a0g           2.2458        0.0000    
 a1g         -0.17964E-01   0.11622E-01
 a2g          0.68461       0.21611    
 a3g          -1.4630       0.13541    
 a4g          0.27564       0.17258    
 a5g           0.0000        0.0000    
 kappa        0.40000        0.0000    
 a6dv        -0.48267E-02   0.40813E-02
 a7dv          2.0000        0.0000    
 x0_KP       -0.26156       0.32522E-01
 C_KP         0.32751       0.48540E-01
 ht1          -3.3190       0.19458    
 ht2           1.5308       0.63244E-01
 ht3          -2.2611       0.14258E-01
 ht4           0.0000        0.0000    
 dummy40       0.0000        0.0000    
 dummy41       0.0000        0.0000    
 dummy42       0.0000        0.0000    
 dummy43       0.0000        0.0000    
 dummy44       0.0000        0.0000    
 dummy45       0.0000        0.0000    
 dummy46       0.0000        0.0000    
 dummy47       0.0000        0.0000    
 dummy48       0.0000        0.0000    
 dummy49       0.0000        0.0000    
 bcdmsh2      0.98595       0.55388E-02
 bcdmsd2       1.0143       0.64066E-02
 ccfr          1.0000        0.0000    
 nutev         1.0000        0.0000    
 zeus         0.97998        0.0000    
 h1            1.0162        0.0000    
 e605         0.70240       0.19807E-01
 NmcH2         1.0594       0.80347E-02
 ntv_nu        1.0000        0.0000    
 ntv_nubar     1.0000        0.0000    
 cdf_jet      0.98910        0.0000    
 d0_jet       0.83504        0.0000    
 slac_p        1.0228       0.58139E-02
 slac_d        1.0288       0.60938E-02
 e866pp       0.65458       0.12670E-01
 e866pd       0.66331       0.11704E-01
 d0_gamjet    0.76557       0.13568E-01
 h1b          0.97608        0.0000    
 jlab_p        1.0168       0.67008E-02
 jlab_d        1.0045       0.66831E-02
 blank         1.0000        0.0000    
 d0run2       0.85182       0.13764E-01
 cdfrun2      0.84126       0.16067E-01
 HERA_el       1.0000       0.34141E-02
 HERA_ps      0.99654       0.31515E-02
 CDF_Z        0.73417       0.52012E-02
 NmcRat        1.0000        0.0000    
 BNS_F2nd     0.95582       0.64934E-02
 END 0. 0.

 # Hessian matrix (Bevington alpha)
   0.58537562742687E+07 -0.15205991915855E+07  0.16085546022062E+06  0.49081819097583E+06 -0.15333922092199E+06 -0.13472639729909E+05  0.52072829724480E+05  0.64679288860526E+06 -0.19375135848248E+06 -0.55833114356090E+05  0.17533984638706E+05  0.15105089905505E+05  0.20715719219182E+04 -0.15866751747744E+03 -0.13921778719014E+04  0.43911914675045E+04  0.28446820080474E+06  0.24231159380707E+06 -0.29777402787573E+07  0.87761646215417E+05  0.65816176248050E+05
  -0.15205991915855E+07  0.46996043034629E+06 -0.41888876250972E+05 -0.14346522728707E+06  0.43884033468052E+05  0.26093774812098E+04 -0.13785986144620E+05 -0.10941842488237E+06  0.37718183122508E+05  0.10140987816510E+05 -0.28244075344478E+04 -0.12640040535979E+04 -0.18846044279494E+03  0.20002039759540E+02  0.68792007503074E+04 -0.25397791913133E+04 -0.80916803895377E+05 -0.72800714998037E+05  0.97665135776545E+06 -0.31972674977187E+05 -0.14301214694580E+05
   0.16085546022062E+06 -0.41888876250972E+05  0.44364760164814E+04  0.12657041222196E+05 -0.41503775485060E+04 -0.55814813889880E+03  0.13344292186641E+04  0.15474324057443E+05 -0.51152115113666E+04 -0.14448858979682E+04  0.42823071161161E+03  0.34953367735138E+03  0.53154771362668E+02 -0.48906837464674E+01 -0.47567243348253E+03  0.15437756949846E+03  0.76128652083476E+04  0.65257416916978E+04 -0.81271293477025E+05  0.24054183502914E+04  0.17989022225402E+04
   0.49081819097583E+06 -0.14346522728707E+06  0.12657041222196E+05  0.44857554069029E+06 -0.72475715111880E+05  0.64750231440164E+05  0.56088253129480E+05  0.22080610318206E+06 -0.49501025331762E+03 -0.19965893079615E+05  0.75829717650215E+04 -0.28306940769794E+04 -0.32520192129216E+03  0.94408993316304E+02  0.34311273133120E+05 -0.29631592745176E+04  0.89226788040818E+05  0.68356653425200E+05 -0.86912282793586E+06  0.14889383632472E+05  0.20896396309784E+05
  -0.15333922092199E+06  0.43884033468052E+05 -0.41503775485060E+04 -0.72475715111880E+05  0.14495251614930E+05 -0.73781353652791E+04 -0.87251112729214E+04 -0.24813824763748E+05 -0.22461620088810E+03  0.29408394401480E+04 -0.93401739784203E+03  0.54956612675273E+02  0.18105838047245E+02 -0.88067539881465E+01 -0.24710102380425E+04  0.58260200738628E+02 -0.16920456086822E+05 -0.13642334745795E+05  0.21204219982386E+06 -0.47689605855080E+04 -0.44833758365232E+04
  -0.13472639729909E+05  0.26093774812098E+04 -0.55814813889880E+03  0.64750231440164E+05 -0.73781353652791E+04  0.12924515274311E+05  0.85704912427528E+04  0.40962101175187E+05  0.56666050438427E+03 -0.31313844496449E+04  0.13763375253129E+04 -0.80652009097617E+03 -0.85906256197623E+02  0.21662990252528E+02  0.78513000810460E+04 -0.86140506034050E+03  0.98713636599403E+04  0.68465178280103E+04 -0.46283887710452E+05 -0.50398504474230E+03  0.17382330184570E+04
   0.52072829724480E+05 -0.13785986144620E+05  0.13344292186641E+04  0.56088253129480E+05 -0.87251112729214E+04  0.85704912427528E+04  0.72412129865867E+04  0.26779182198495E+05  0.54516194330795E+03 -0.25711833476481E+04  0.96436975607243E+03 -0.30943876403635E+03 -0.40411030781748E+02  0.12266561976801E+02  0.42102733292280E+04 -0.41410012853435E+03  0.10403749551668E+05  0.78257607489452E+04 -0.92864340903369E+05  0.11650511382642E+04  0.26004346150809E+04
   0.64679288860526E+06 -0.10941842488237E+06  0.15474324057443E+05  0.22080610318206E+06 -0.24813824763748E+05  0.40962101175187E+05  0.26779182198495E+05  0.21284064760375E+07 -0.18278865600049E+07 -0.47462454626767E+05  0.24199357961193E+05  0.95630152367885E+04  0.85898733208149E+03  0.79598317155873E+02  0.25625760360181E+05 -0.39288805320197E+04  0.38113604458538E+05  0.27383855710464E+05 -0.20225728228067E+06 -0.17770835483854E+04  0.89731495366648E+04
  -0.19375135848248E+06  0.37718183122508E+05 -0.51152115113666E+04 -0.49501025331762E+03 -0.22461620088810E+03  0.56666050438427E+03  0.54516194330795E+03 -0.18278865600049E+07  0.26758849656025E+07  0.12393455023728E+05 -0.68904297823693E+04 -0.21202510037544E+04 -0.18313255943461E+03  0.14838725983502E+01  0.10088251019799E+06 -0.34386134949413E+04  0.33500817562429E+05  0.21104099225008E+05  0.56719924321259E+04  0.74629725066636E+03 -0.81948422237456E+03
  -0.55833114356090E+05  0.10140987816510E+05 -0.14448858979682E+04 -0.19965893079615E+05  0.29408394401480E+04 -0.31313844496449E+04 -0.25711833476481E+04 -0.47462454626767E+05  0.12393455023728E+05  0.26558207333476E+04 -0.11464440156666E+04 -0.47846868167940E+03 -0.55198747471709E+02 -0.31059834515542E+01 -0.42261948271074E+04  0.40721635326413E+03 -0.66880263665552E+04 -0.48614938466233E+04  0.28337264977594E+05 -0.16621995098090E+03 -0.11149369557878E+04
   0.17533984638706E+05 -0.28244075344478E+04  0.42823071161161E+03  0.75829717650215E+04 -0.93401739784203E+03  0.13763375253129E+04  0.96436975607243E+03  0.24199357961193E+05 -0.68904297823693E+04 -0.11464440156666E+04  0.53775753332798E+03  0.23904794231467E+03  0.24131079086009E+02  0.18155419149151E+01  0.22540492491558E+04 -0.20471546507637E+03  0.24423202532689E+04  0.17225151325948E+04 -0.76792739723548E+04 -0.23931479915866E+02  0.32465622273215E+03
   0.15105089905505E+05 -0.12640040535979E+04  0.34953367735138E+03 -0.28306940769794E+04  0.54956612675273E+02 -0.80652009097617E+03 -0.30943876403635E+03  0.95630152367885E+04 -0.21202510037544E+04 -0.47846868167940E+03  0.23904794231467E+03  0.25140756299534E+04  0.18615121026913E+03 -0.34636695464323E+00  0.11555931287672E+04 -0.11199260908495E+03  0.91641851750641E+03  0.62302204801996E+03 -0.17417873754774E+04  0.14411805530216E+03  0.11802691927419E+03
   0.20715719219182E+04 -0.18846044279494E+03  0.53154771362668E+02 -0.32520192129216E+03  0.18105838047245E+02 -0.85906256197623E+02 -0.40411030781748E+02  0.85898733208149E+03 -0.18313255943461E+03 -0.55198747471709E+02  0.24131079086009E+02  0.18615121026913E+03  0.18403907172151E+02 -0.23992716591319E+00  0.89498750947032E+02 -0.11842702688716E+02  0.11414025213798E+03  0.79846523868844E+02 -0.36388117171174E+02  0.14607242110108E+02  0.19154758903852E+01
  -0.15866751747744E+03  0.20002039759540E+02 -0.48906837464674E+01  0.94408993316304E+02 -0.88067539881465E+01  0.21662990252528E+02  0.12266561976801E+02  0.79598317155873E+02  0.14838725983502E+01 -0.31059834515542E+01  0.18155419149151E+01 -0.34636695464323E+00 -0.23992716591319E+00  0.10866192176167E+00  0.19802889630044E+02 -0.13869655289913E+01  0.11768643765454E+02  0.77558195052326E+01 -0.50012599245863E+02 -0.92109262685150E+00  0.22479091648125E+01
  -0.13921778719014E+04  0.68792007503074E+04 -0.47567243348253E+03  0.34311273133120E+05 -0.24710102380425E+04  0.78513000810460E+04  0.42102733292280E+04  0.25625760360181E+05  0.10088251019799E+06 -0.42261948271074E+04  0.22540492491558E+04  0.11555931287672E+04  0.89498750947032E+02  0.19802889630044E+02  0.57319612934342E+05 -0.37079251968361E+04  0.29211580380456E+05  0.18513170288733E+05  0.28022179541267E+04 -0.78855702249997E+03  0.21842818770637E+03
   0.43911914675045E+04 -0.25397791913133E+04  0.15437756949846E+03 -0.29631592745176E+04  0.58260200738628E+02 -0.86140506034050E+03 -0.41410012853435E+03 -0.39288805320197E+04 -0.34386134949413E+04  0.40721635326413E+03 -0.20471546507637E+03 -0.11199260908495E+03 -0.11842702688716E+02 -0.13869655289913E+01 -0.37079251968361E+04  0.35682685783598E+03 -0.15767092305847E+04 -0.79632261942129E+03 -0.62778823019973E+04  0.25912039815417E+03 -0.15806150924142E+02
   0.28446820080474E+06 -0.80916803895377E+05  0.76128652083476E+04  0.89226788040818E+05 -0.16920456086822E+05  0.98713636599403E+04  0.10403749551668E+05  0.38113604458538E+05  0.33500817562429E+05 -0.66880263665552E+04  0.24423202532689E+04  0.91641851750641E+03  0.11414025213798E+03  0.11768643765454E+02  0.29211580380456E+05 -0.15767092305847E+04  0.74005263954713E+05  0.57280981605908E+05 -0.27037665222013E+06  0.56625774818553E+04  0.39450838975196E+04
   0.24231159380707E+06 -0.72800714998037E+05  0.65257416916978E+04  0.68356653425200E+05 -0.13642334745795E+05  0.68465178280103E+04  0.78257607489452E+04  0.27383855710464E+05  0.21104099225008E+05 -0.48614938466233E+04  0.17225151325948E+04  0.62302204801996E+03  0.79846523868844E+02  0.77558195052326E+01  0.18513170288733E+05 -0.79632261942129E+03  0.57280981605908E+05  0.45159289213480E+05 -0.23701958007300E+06  0.54073354520586E+04  0.30189060980364E+04
  -0.29777402787573E+07  0.97665135776545E+06 -0.81271293477025E+05 -0.86912282793586E+06  0.21204219982386E+06 -0.46283887710452E+05 -0.92864340903369E+05 -0.20225728228067E+06  0.56719924321259E+04  0.28337264977594E+05 -0.76792739723548E+04 -0.17417873754774E+04 -0.36388117171174E+02 -0.50012599245863E+02  0.28022179541267E+04 -0.62778823019973E+04 -0.27037665222013E+06 -0.23701958007300E+06  0.42334455293380E+07 -0.12382946262718E+06 -0.53724486410932E+05
   0.87761646215417E+05 -0.31972674977187E+05  0.24054183502914E+04  0.14889383632472E+05 -0.47689605855080E+04 -0.50398504474230E+03  0.11650511382642E+04 -0.17770835483854E+04  0.74629725066636E+03 -0.16621995098090E+03 -0.23931479915866E+02  0.14411805530216E+03  0.14607242110108E+02 -0.92109262685150E+00 -0.78855702249997E+03  0.25912039815417E+03  0.56625774818553E+04  0.54073354520586E+04 -0.12382946262718E+06  0.59223730693750E+04  0.10719896429939E+04
   0.65816176248050E+05 -0.14301214694580E+05  0.17989022225402E+04  0.20896396309784E+05 -0.44833758365232E+04  0.17382330184570E+04  0.26004346150809E+04  0.89731495366648E+04 -0.81948422237456E+03 -0.11149369557878E+04  0.32465622273215E+03  0.11802691927419E+03  0.19154758903852E+01  0.22479091648125E+01  0.21842818770637E+03 -0.15806150924142E+02  0.39450838975196E+04  0.30189060980364E+04 -0.53724486410932E+05  0.10719896429939E+04  0.30753037491657E+04

 # Covariance matrix (Bevington epsilon)
   0.71368886349165E-03  0.31959737032518E-04 -0.24326642251276E-01 -0.21293974624117E-03 -0.11882379810821E-02  0.15034845874027E-02 -0.12437379507595E-02  0.43787338312824E-04  0.17321613659387E-04 -0.36785719760908E-02 -0.11921911869369E-01 -0.61934359247444E-03  0.42673391698899E-02 -0.26937033136613E-01  0.28785344828739E-04  0.84521399308061E-03  0.12312455740954E-03 -0.31370702543297E-03  0.12397641567146E-05 -0.45006831128679E-04 -0.36087958928342E-03  0.63068133417182E-03 -0.28971276060107E-03  0.69502331395179E-04  0.59904517040934E-04  0.53372181294664E-04 -0.79450853651453E-04  0.57411891875021E-04  0.66597663877385E-04  0.53846649604430E-04 -0.11864682924516E-03 -0.83649397268152E-04  0.60002981328206E-04  0.62500921065086E-04  0.48245690753126E-04 -0.69996541071874E-04 -0.65350868496708E-04  0.36564251280590E-05  0.10799062633417E-04  0.55440637623429E-04 -0.22295426282798E-04
   0.31959737032521E-04  0.18100624658849E-03  0.64980093584167E-03  0.10938838965753E-03 -0.40497958231018E-03  0.37243346545837E-03 -0.13360768728470E-02  0.11306921456250E-04  0.47686841719100E-05 -0.20304268331650E-03 -0.20718109025814E-02  0.20447403757576E-03 -0.26825731415853E-02  0.15704789582981E-01  0.49639891895153E-04 -0.10905360834377E-02 -0.12453685298396E-02  0.15794955980833E-02  0.18984220737111E-04  0.31530060028410E-04 -0.56065477334805E-04 -0.17164077179532E-02  0.34254319244920E-03  0.11494106698636E-03  0.16260894353272E-04  0.12700721102863E-04 -0.80637739819751E-04  0.53523388984162E-05  0.70486631991666E-05  0.79963997999022E-05 -0.30807363231156E-04 -0.40767092081140E-04  0.13093128112075E-04  0.10433316504405E-04  0.14069420611056E-04  0.46074784631703E-05 -0.15153806366153E-05  0.58478548581884E-06  0.18987417744044E-05  0.74452707173119E-05 -0.68677887787338E-05
  -0.24326642251276E-01  0.64980093584177E-03  0.85427828304122E+00  0.93199069546500E-02  0.41057529421484E-01 -0.50392178673598E-01  0.31844819196199E-01 -0.13195881038961E-02 -0.52032494915157E-03  0.12996868125028E+00  0.40999542533852E+00  0.23755884028850E-01 -0.16649197747922E+00  0.11369913958417E+01 -0.44481349516325E-03 -0.34607561730586E-01 -0.15105023591224E-01  0.23824423863680E-01  0.88111325796536E-04  0.16124194783695E-02  0.11678705929813E-01 -0.35378062573216E-01  0.12168767229203E-01 -0.13544690240887E-02 -0.15805205824500E-02 -0.13995816058806E-02  0.24526339843744E-02 -0.16030799207895E-02 -0.18053889460606E-02 -0.13746679326282E-02  0.45114969812976E-02  0.31598995780339E-02 -0.18452164985825E-02 -0.16208011344283E-02 -0.11482432719897E-02  0.21763974964867E-02  0.19611762544956E-02 -0.10821951812034E-03 -0.30096622163531E-03 -0.15487493549919E-02  0.75148521611786E-03
  -0.21293974624116E-03  0.10938838965752E-03  0.93199069546497E-02  0.14882372553262E-02  0.70662434558495E-02 -0.54244798610716E-02  0.31470734261764E-02 -0.18750503917207E-04 -0.10663652094693E-04  0.16721217452737E-02  0.49034943638512E-02  0.51849787671264E-03 -0.27976593141782E-02  0.65101780325721E-01  0.17280548625503E-04  0.13935117929873E-02  0.36119752791561E-03 -0.53410101153402E-03 -0.48332630062500E-04 -0.70146284432710E-04  0.69501578515452E-04 -0.21184465714218E-02  0.47827358831827E-03  0.91919623945793E-04  0.22876098837427E-04  0.23823192172857E-04 -0.29477209855387E-04  0.42275899762307E-04  0.27463508779097E-04  0.32254800684716E-04  0.83564343368977E-04  0.36167942362377E-04 -0.10913153943488E-04  0.42727283821489E-04  0.28807167060759E-04 -0.31781859310909E-04 -0.37962741495908E-04  0.76524937229026E-06  0.62967735514808E-05  0.30280255946745E-04  0.15079752265562E-04
  -0.11882379810821E-02 -0.40497958231022E-03  0.41057529421483E-01  0.70662434558494E-02  0.53731679750526E-01 -0.37738442413481E-01  0.46183621932103E-01 -0.17642855749645E-03 -0.87151020878250E-04  0.17919699846206E-01  0.55237699577759E-01 -0.31441486613374E-03  0.18811552971786E-01  0.20609371987552E+00 -0.38367981308517E-03  0.22441828926647E-01  0.15745428123281E-01 -0.20163540375934E-01 -0.71098027215467E-03 -0.45728972636919E-03  0.25311386372796E-02 -0.15540136863458E-03 -0.14207972557351E-02  0.19612111822926E-03  0.22450669799589E-04  0.75760482211355E-04  0.12935528215994E-03  0.20426740556255E-03 -0.20096345567981E-04  0.56902086780765E-04  0.53195989648655E-03  0.44537869463103E-03 -0.12092170526667E-03  0.52051281496445E-04 -0.25970956836585E-04 -0.49307488372310E-04 -0.93160660244049E-04 -0.13567578974271E-06  0.16155930401657E-04  0.12254256004142E-03  0.16527039271015E-04
   0.15034845874027E-02  0.37243346545839E-03 -0.50392178673598E-01 -0.54244798610715E-02 -0.37738442413481E-01  0.31223264544633E-01 -0.35437673300059E-01  0.23487648136715E-03  0.11148942031366E-03 -0.17679058941770E-01 -0.58382259471840E-01  0.87435475255605E-04 -0.92240666244799E-02 -0.31511770053948E+00  0.34596641307930E-03 -0.12049714654286E-01 -0.90094168916120E-02  0.11357000676573E-01  0.37874760242520E-03 -0.15564675472355E-03 -0.95549751755598E-03  0.16603092608214E-02  0.29489185108932E-03 -0.96928699046376E-04  0.53193919898526E-04  0.52092386521687E-05 -0.29901817826286E-03 -0.15372919024689E-03  0.82705829906382E-04  0.16674739515291E-04 -0.53321067975532E-03 -0.45859492296693E-03  0.14913405608299E-03  0.39826340914443E-04  0.67441596753331E-04 -0.60166442089090E-04 -0.18009012749877E-04  0.34952966581758E-05  0.27234771059309E-05 -0.30074880286711E-04 -0.13971439071507E-03
  -0.12437379507595E-02 -0.13360768728470E-02  0.31844819196200E-01  0.31470734261762E-02  0.46183621932103E-01 -0.35437673300059E-01  0.63339371527249E-01 -0.27506006370673E-03 -0.12574938605098E-03  0.28385778764547E-01  0.90293725240382E-01 -0.39138029153621E-02  0.48484583963070E-01  0.10729930495008E+00 -0.76599836215809E-03  0.25362496580723E-01  0.20896013099882E-01 -0.26282768707453E-01 -0.72057568613369E-03  0.45241335177528E-03  0.25438304230752E-02  0.10701679596499E-01 -0.47654297986592E-02 -0.19159876782339E-03 -0.93187826198500E-04 -0.28227463512219E-05  0.57146341293326E-03  0.17523640147756E-03 -0.18342692135754E-03 -0.72981629058995E-04  0.63703886675967E-03  0.79708645155617E-03 -0.16985946908754E-03 -0.16373958864541E-03 -0.18378939104281E-03  0.17862399270368E-03  0.11506305012411E-03 -0.52079589003771E-05 -0.12958842722956E-04  0.40413187412955E-04  0.13986365213889E-03
   0.43787338312823E-04  0.11306921456250E-04 -0.13195881038961E-02 -0.18750503917206E-04 -0.17642855749644E-03  0.23487648136715E-03 -0.27506006370673E-03  0.22422242035875E-04  0.11858010383128E-04 -0.41609000409130E-03 -0.18212360263562E-02  0.32436373202870E-05 -0.11719690438486E-04 -0.70432821236165E-02 -0.80277484039413E-05 -0.24155769837010E-03 -0.78920211598826E-04  0.93342685540183E-04  0.80852434386437E-06 -0.13395978368764E-04 -0.65235486395536E-05 -0.15160163106531E-04  0.53510221749266E-06  0.25549117090243E-05  0.91282863560418E-05  0.81724290320183E-05  0.30471983931080E-05  0.99799479163099E-05  0.10180741786421E-04  0.88935482827408E-05  0.26088080639547E-05  0.37450365417455E-05  0.78040723156603E-05  0.99969830060644E-05  0.85934142324470E-05 -0.60008241120872E-06 -0.24170909878733E-07  0.42870488485693E-06  0.13649828597978E-05  0.10296562783715E-04 -0.91395437885299E-06
   0.17321613659386E-04  0.47686841719100E-05 -0.52032494915156E-03 -0.10663652094692E-04 -0.87151020878248E-04  0.11148942031366E-03 -0.12574938605097E-03  0.11858010383128E-04  0.69431775527770E-05 -0.17698355601066E-03 -0.87442570439474E-03  0.44316850901272E-05 -0.41845277349592E-04 -0.34319604155617E-02 -0.85346936658912E-05 -0.16553440772593E-03 -0.33567380325961E-04  0.43610681341966E-04  0.38159107175593E-06 -0.66243857879558E-05 -0.12158147701145E-05 -0.64357697207263E-05  0.44285590016580E-05 -0.28014000612549E-06  0.37106672804464E-05  0.32579668151492E-05  0.66492288892961E-06  0.41254464000102E-05  0.40698208802409E-05  0.34445944238744E-05  0.74657777006717E-06  0.12161727014405E-05  0.36155459677512E-05  0.39527513823710E-05  0.33108031344970E-05  0.17768716406578E-05  0.19688546424084E-05  0.14584416057311E-06 -0.27913755549338E-06  0.40214186957499E-05 -0.50031520237068E-06
  -0.36785719760908E-02 -0.20304268331650E-03  0.12996868125028E+00  0.16721217452737E-02  0.17919699846206E-01 -0.17679058941770E-01  0.28385778764548E-01 -0.41609000409131E-03 -0.17698355601066E-03  0.56926654023295E-01  0.14688598435619E+00  0.74609051626121E-04  0.13910258106545E-01  0.16603319367591E+00 -0.68142918924176E-03  0.28360237202680E-02  0.52882938121033E-02 -0.55420479505706E-02 -0.16690725492889E-03  0.44171950173107E-03  0.28839044130071E-02  0.52319666273705E-02 -0.15757008767180E-02 -0.57321448083042E-03 -0.22353020184008E-03 -0.17827448049540E-03 -0.78345749592905E-03 -0.65862510674806E-04 -0.28039877698301E-03 -0.20330538670278E-03  0.73009192406228E-03  0.71327078499322E-03 -0.21553557055661E-03 -0.28326108226853E-03 -0.22603948647070E-03  0.69118211821509E-03  0.52819352864044E-03 -0.17901077171781E-04 -0.65221456159915E-04 -0.18905001103782E-03  0.84941727539163E-04
  -0.11921911869369E-01 -0.20718109025813E-02  0.40999542533852E+00  0.49034943638512E-02  0.55237699577759E-01 -0.58382259471840E-01  0.90293725240382E-01 -0.18212360263562E-02 -0.87442570439475E-03  0.14688598435619E+00  0.47817683689058E+00  0.33291364820912E-03  0.38033386087855E-01  0.53308322990535E+00 -0.10839998315439E-02  0.33595744746847E-01  0.19979225359307E-01 -0.24146531977157E-01 -0.57014916609633E-03  0.17403337468344E-02  0.88983557109029E-02  0.24734543896269E-01 -0.99312158197786E-02 -0.16725230453586E-02 -0.40779341906122E-03 -0.21272112649433E-03  0.24424844335448E-02  0.17278231263113E-03 -0.46622282006991E-03 -0.14290504097304E-03  0.41067111586906E-02  0.41869880026074E-02 -0.10009693403196E-02 -0.48140334256505E-03 -0.21721061581387E-03  0.78176418667099E-03  0.41528635802093E-03 -0.34268479635774E-04 -0.77213427611682E-04 -0.15567209818624E-03  0.67653387400487E-03
  -0.61934359247443E-03  0.20447403757577E-03  0.23755884028850E-01  0.51849787671266E-03 -0.31441486613363E-03  0.87435475255543E-04 -0.39138029153621E-02  0.32436373202865E-05  0.44316850901267E-05  0.74609051626081E-04  0.33291364820900E-03  0.33522314542474E-02 -0.31465488925437E-01  0.21240384705848E-01  0.52762270889883E-04 -0.30835143623456E-02 -0.21742334647848E-02  0.28434940150392E-02  0.43318909462217E-04  0.97734505952074E-04 -0.11563152715125E-03 -0.26551879302486E-02  0.95870615022200E-03  0.38114163962760E-04 -0.35107019002195E-04 -0.18313735352695E-04 -0.19581842356713E-04 -0.26967388924134E-04 -0.29005496468975E-04 -0.12514799756316E-04  0.14679116410280E-03 -0.42176535113606E-05 -0.31080200545471E-04 -0.19291874037532E-04 -0.44308060776548E-05  0.37655299850468E-04  0.39066924914239E-04 -0.19459631311283E-05 -0.37000108271757E-05 -0.38393103867409E-04  0.38027395142645E-04
   0.42673391698898E-02 -0.26825731415854E-02 -0.16649197747922E+00 -0.27976593141784E-02  0.18811552971785E-01 -0.92240666244794E-02  0.48484583963070E-01 -0.11719690438484E-04 -0.41845277349590E-04  0.13910258106546E-01  0.38033386087856E-01 -0.31465488925437E-01  0.41992256354354E+00  0.24019382619989E+00 -0.48333338462096E-03  0.46742980239175E-01  0.29829791525574E-01 -0.39267472840298E-01 -0.68836810232676E-03 -0.19117747532094E-02  0.97724902809107E-03  0.34440891568719E-01 -0.13129495728484E-01 -0.65023095644339E-04  0.64565128217809E-03  0.45883756473226E-03  0.73142348356546E-03  0.56612343753803E-03  0.57810855582251E-03  0.36519185953106E-03  0.38635115012708E-03  0.80628452589562E-03  0.35984075235372E-03  0.45054452563888E-03  0.20611191195345E-03 -0.59030145144198E-03 -0.64336377342338E-03  0.32795263021937E-04  0.11900035839993E-03  0.47748644037521E-03 -0.70358955933241E-03
  -0.26937033136614E-01  0.15704789582981E-01  0.11369913958417E+01  0.65101780325722E-01  0.20609371987553E+00 -0.31511770053948E+00  0.10729930495009E+00 -0.70432821236166E-02 -0.34319604155617E-02  0.16603319367591E+00  0.53308322990536E+00  0.21240384705848E-01  0.24019382619989E+00  0.37798188594713E+02 -0.56164666168435E-02 -0.16148840150878E+00 -0.91861117086810E-01  0.12346216942454E+00  0.26511300501947E-02  0.28848125898424E-01 -0.93995385592848E-01 -0.23377054518181E+00  0.70084057807010E-01  0.22366474388015E-01  0.11594464429601E-02  0.19393197129581E-02 -0.46322023957345E-02  0.65647721125906E-02 -0.65207655682610E-03  0.11954372886531E-03  0.10814455071192E-01 -0.30872500228544E-02  0.13386766099798E-02 -0.10799344331831E-02 -0.12891718182576E-03  0.33541758881647E-02  0.26311567539779E-02  0.51084252726310E-04 -0.64684295012520E-04 -0.47099139678017E-02 -0.44924079804433E-02
   0.28785344828742E-04  0.49639891895153E-04 -0.44481349516334E-03  0.17280548625504E-04 -0.38367981308518E-03  0.34596641307931E-03 -0.76599836215810E-03 -0.80277484039411E-05 -0.85346936658911E-05 -0.68142918924177E-03 -0.10839998315439E-02  0.52762270889883E-04 -0.48333338462096E-03 -0.56164666168434E-02  0.13507800758096E-03  0.72717028088209E-03 -0.56582044903935E-03  0.63900401684131E-03  0.10206707528484E-04  0.60157639996308E-05 -0.16537293586843E-04 -0.47718256177932E-03  0.45638293852793E-04  0.43540879734986E-04  0.79059405437130E-05  0.70297442804005E-05  0.19353182819536E-05  0.22025923999463E-05  0.10272178495276E-04  0.10599026733058E-04  0.10115420957850E-05 -0.64733242454191E-06 -0.21880654236809E-05  0.11867629511891E-04  0.12511312606627E-04 -0.37532633436520E-04 -0.38189128239391E-04  0.90299881721350E-06  0.43316698667522E-05  0.12424504970754E-04  0.25137267664235E-05
   0.84521399308059E-03 -0.10905360834378E-02 -0.34607561730585E-01  0.13935117929872E-02  0.22441828926647E-01 -0.12049714654286E-01  0.25362496580724E-01 -0.24155769837010E-03 -0.16553440772593E-03  0.28360237202681E-02  0.33595744746848E-01 -0.30835143623457E-02  0.46742980239176E-01 -0.16148840150878E+00  0.72717028088209E-03  0.46704974713771E-01  0.20388431207929E-01 -0.27076327541164E-01 -0.48814236361004E-03 -0.15506836492192E-03  0.78886429973902E-03  0.12055083338424E-01 -0.51041969738480E-02 -0.90181290244826E-04  0.19492618372011E-03  0.19651522470893E-03  0.86411418443441E-03  0.29613537165704E-03  0.25550876595787E-03  0.25745320781718E-03  0.58410931062084E-03  0.69541181094695E-03 -0.85378087231763E-04  0.30610924876653E-03  0.23477630682718E-03 -0.46421334576581E-03 -0.58419578150125E-03  0.15537531801362E-04  0.78890858466220E-04  0.30582854370280E-03  0.38134154788300E-04
   0.12312455740950E-03 -0.12453685298396E-02 -0.15105023591222E-01  0.36119752791554E-03  0.15745428123281E-01 -0.90094168916120E-02  0.20896013099882E-01 -0.78920211598829E-04 -0.33567380325963E-04  0.52882938121035E-02  0.19979225359308E-01 -0.21742334647848E-02  0.29829791525574E-01 -0.91861117086813E-01 -0.56582044903935E-03  0.20388431207929E-01  0.18334990842627E-01 -0.23274791700779E-01 -0.40415089029658E-03 -0.34318809067656E-03  0.64090802038872E-03  0.11349843038781E-01 -0.27858919857790E-02 -0.59968060806071E-03 -0.46717393164147E-04 -0.37704863369277E-04  0.27993222266803E-03  0.28291039994256E-04 -0.28568757098664E-04 -0.35831773985124E-04  0.14738450276394E-03  0.21956605188903E-03 -0.41876567698694E-04 -0.35015900012072E-05 -0.55933800075802E-04  0.17428342531918E-04  0.36066717886045E-04 -0.32286938385745E-05 -0.12752883225455E-04 -0.14394910257871E-04 -0.21433818921802E-04
  -0.31370702543293E-03  0.15794955980833E-02  0.23824423863679E-01 -0.53410101153393E-03 -0.20163540375934E-01  0.11357000676573E-01 -0.26282768707454E-01  0.93342685540186E-04  0.43610681341968E-04 -0.55420479505708E-02 -0.24146531977158E-01  0.28434940150392E-02 -0.39267472840299E-01  0.12346216942455E+00  0.63900401684131E-03 -0.27076327541164E-01 -0.23274791700779E-01  0.29784758688410E-01  0.52103597786815E-03  0.48338113191034E-03 -0.73238094397523E-03 -0.14693679604255E-01  0.37812051133019E-02  0.72332877398450E-03  0.13616630913355E-04  0.26763153202160E-05 -0.44017486917808E-03 -0.84887051227091E-04 -0.22205374382365E-04 -0.12476107895086E-04 -0.24876961788084E-03 -0.34609089194844E-03  0.46269996546828E-04 -0.56028433787578E-04  0.14364581052871E-04  0.11449756968924E-03  0.69382811618100E-04  0.10511237131016E-05  0.26760323071172E-05 -0.36045138206309E-04  0.17748363460458E-04
   0.12397641567144E-05  0.18984220737111E-04  0.88111325796549E-04 -0.48332630062498E-04 -0.71098027215466E-03  0.37874760242520E-03 -0.72057568613369E-03  0.80852434386436E-06  0.38159107175593E-06 -0.16690725492889E-03 -0.57014916609633E-03  0.43318909462218E-04 -0.68836810232677E-03  0.26511300501948E-02  0.10206707528483E-04 -0.48814236361004E-03 -0.40415089029658E-03  0.52103597786815E-03  0.16656926565082E-04  0.37534952027793E-04 -0.60797099124532E-04 -0.22608931008965E-03  0.84765028162061E-04  0.61005024231715E-05 -0.49688007827016E-06 -0.15790895968536E-05 -0.61718377341894E-05 -0.22892169714573E-05 -0.55138238907698E-07 -0.10411460736760E-05 -0.63376777619831E-05 -0.77282189373568E-05  0.11319348951935E-05 -0.79593220633397E-06  0.83519587125449E-06  0.38615735965836E-05  0.30869446895487E-05 -0.29060785218053E-07 -0.28516808330903E-06 -0.22480853496176E-05  0.24660079674793E-05
  -0.45006831128682E-04  0.31530060028411E-04  0.16124194783697E-02 -0.70146284432708E-04 -0.45728972636920E-03 -0.15564675472355E-03  0.45241335177526E-03 -0.13395978368764E-04 -0.66243857879558E-05  0.44171950173108E-03  0.17403337468344E-02  0.97734505952080E-04 -0.19117747532094E-02  0.28848125898424E-01  0.60157639996312E-05 -0.15506836492194E-03 -0.34318809067658E-03  0.48338113191036E-03  0.37534952027793E-04  0.10576691763861E-02  0.17897665640173E-03 -0.11038799428820E-04  0.10194785407901E-03  0.44651983894166E-04 -0.75476921052856E-05  0.17749580343214E-04  0.11874681988912E-04  0.40662698648405E-05 -0.21573654307635E-04  0.36108239941779E-04  0.15607412026956E-05 -0.10070331944712E-05 -0.50591242762068E-05 -0.45157760056611E-04  0.51873232409816E-04  0.13508238466793E-04  0.97852255812797E-05 -0.12738294243525E-06 -0.32456831818539E-06 -0.76760281154444E-05 -0.24888010176911E-04
  -0.36087958928342E-03 -0.56065477334803E-04  0.11678705929813E-01  0.69501578515448E-04  0.25311386372796E-02 -0.95549751755595E-03  0.25438304230752E-02 -0.65235486395531E-05 -0.12158147701144E-05  0.28839044130070E-02  0.88983557109026E-02 -0.11563152715126E-03  0.97724902809109E-03 -0.93995385592849E-01 -0.16537293586841E-04  0.78886429973901E-03  0.64090802038870E-03 -0.73238094397521E-03 -0.60797099124532E-04  0.17897665640173E-03  0.23561015003609E-02 -0.43416847469451E-03  0.14732433832848E-03 -0.56243741877419E-04 -0.41777676686214E-04  0.12136230986565E-04  0.75735951891907E-04 -0.32707839140004E-04 -0.44056758766500E-04  0.37629426552987E-04  0.48448491493418E-04  0.90532481277982E-04 -0.44440442297259E-04 -0.45275208533360E-04  0.45501144391315E-04  0.23236591154369E-04  0.18593713827356E-04 -0.17502143686101E-05 -0.23397520549535E-05 -0.52901634949621E-05 -0.88931615690929E-04
   0.63068133417177E-03 -0.17164077179532E-02 -0.35378062573215E-01 -0.21184465714218E-02 -0.15540136863499E-03  0.16603092608216E-02  0.10701679596499E-01 -0.15160163106530E-04 -0.64357697207256E-05  0.52319666273706E-02  0.24734543896270E-01 -0.26551879302485E-02  0.34440891568719E-01 -0.23377054518181E+00 -0.47718256177931E-03  0.12055083338423E-01  0.11349843038781E-01 -0.14693679604255E-01 -0.22608931008964E-03 -0.11038799428803E-04 -0.43416847469450E-03  0.37859930995069E-01 -0.10060982141649E-01 -0.17132776586548E-02  0.19886120514438E-04 -0.35041368706102E-05  0.70111765133517E-03  0.13751120789156E-03  0.78873962514500E-04  0.35475129933478E-04  0.45486053988877E-03  0.61064528171556E-03  0.37622839014413E-06 -0.12176507563374E-03 -0.15311448441664E-03 -0.10821494793536E-03 -0.97488713888966E-04  0.41555225297971E-05  0.17479646576284E-04  0.11687395063709E-03  0.69318160229754E-04
  -0.28971276060106E-03  0.34254319244920E-03  0.12168767229203E-01  0.47827358831829E-03 -0.14207972557350E-02  0.29489185108923E-03 -0.47654297986590E-02  0.53510221749181E-06  0.44285590016575E-05 -0.15757008767180E-02 -0.99312158197786E-02  0.95870615022197E-03 -0.13129495728484E-01  0.70084057807010E-01  0.45638293852790E-04 -0.51041969738478E-02 -0.27858919857789E-02  0.37812051133017E-02  0.84765028162058E-04  0.10194785407901E-03  0.14732433832848E-03 -0.10060982141649E-01  0.39998435185502E-02  0.11372686205592E-03 -0.58452007350823E-04 -0.47117699243264E-04 -0.34836195848660E-03 -0.10203324457649E-03 -0.29442620789483E-04 -0.12059313987071E-04 -0.22761113235838E-03 -0.28092583625827E-03 -0.64377087009004E-05  0.47155865459972E-05  0.34255090020152E-04  0.11668248130353E-03  0.12035006824840E-03 -0.47420752836984E-05 -0.21668046313721E-04 -0.10219593043671E-03 -0.31734222645117E-04
   0.69502331395181E-04  0.11494106698636E-03 -0.13544690240887E-02  0.91919623945795E-04  0.19612111822927E-03 -0.96928699046383E-04 -0.19159876782338E-03  0.25549117090244E-05 -0.28014000612543E-06 -0.57321448083043E-03 -0.16725230453587E-02  0.38114163962758E-04 -0.65023095644316E-04  0.22366474388015E-01  0.43540879734986E-04 -0.90181290244814E-04 -0.59968060806070E-03  0.72332877398448E-03  0.61005024231713E-05  0.44651983894166E-04 -0.56243741877421E-04 -0.17132776586548E-02  0.11372686205592E-03  0.20327903611983E-03  0.16595047434695E-04  0.24942710697648E-04 -0.14738848173468E-04  0.15297467800859E-04  0.65930701678414E-08  0.88358312416960E-05 -0.72127823024577E-05 -0.18520702074428E-04  0.89066083375687E-05  0.11297022429939E-04  0.16402404781145E-04 -0.21845169876866E-04 -0.23204537501864E-04  0.10531614587514E-05  0.41023375177697E-05  0.12257616306464E-04 -0.16042752790783E-04
   0.59904517040933E-04  0.16260894353272E-04 -0.15805205824500E-02  0.22876098837427E-04  0.22450669799592E-04  0.53193919898523E-04 -0.93187826198494E-04  0.91282863560418E-05  0.37106672804464E-05 -0.22353020184007E-03 -0.40779341906120E-03 -0.35107019002195E-04  0.64565128217809E-03  0.11594464429602E-02  0.79059405437128E-05  0.19492618372012E-03 -0.46717393164143E-04  0.13616630913351E-04 -0.49688007827019E-06 -0.75476921052854E-05 -0.41777676686214E-04  0.19886120514440E-04 -0.58452007350824E-04  0.16595047434695E-04  0.30678638661814E-04  0.20491412635330E-04  0.28769311736708E-04  0.21016898997477E-04  0.24746317348550E-04  0.23347513013418E-04  0.25151460107298E-04  0.25876095240077E-04  0.10272763281296E-04  0.24895967416732E-04  0.22492680634141E-04 -0.16518363409724E-04 -0.16880097929418E-04  0.91654602996704E-06  0.35550281577676E-05  0.19383480346705E-04  0.11372116548248E-05
   0.53372181294664E-04  0.12700721102863E-04 -0.13995816058806E-02  0.23823192172857E-04  0.75760482211357E-04  0.52092386521667E-05 -0.28227463512172E-05  0.81724290320184E-05  0.32579668151492E-05 -0.17827448049539E-03 -0.21272112649433E-03 -0.18313735352695E-04  0.45883756473226E-03  0.19393197129582E-02  0.70297442804003E-05  0.19651522470894E-03 -0.37704863369273E-04  0.26763153202116E-05 -0.15790895968536E-05  0.17749580343214E-04  0.12136230986565E-04 -0.35041368706073E-05 -0.47117699243265E-04  0.24942710697648E-04  0.20491412635330E-04  0.41045127507476E-04  0.30991056942752E-04  0.21415734171428E-04  0.23074220113571E-04  0.28043585831460E-04  0.27411758010835E-04  0.27642213220053E-04  0.92069505199266E-05  0.22562875865810E-04  0.26578780038383E-04 -0.16894596654829E-04 -0.17074121287219E-04  0.89753286334063E-06  0.35526972552269E-05  0.18923106452166E-04 -0.39772450682985E-05
  -0.79450853651452E-04 -0.80637739819749E-04  0.24526339843744E-02 -0.29477209855390E-04  0.12935528215991E-03 -0.29901817826283E-03  0.57146341293322E-03  0.30471983931082E-05  0.66492288892970E-06 -0.78345749592908E-03  0.24424844335447E-02 -0.19581842356710E-04  0.73142348356542E-03 -0.46322023957346E-02  0.19353182819547E-05  0.86411418443438E-03  0.27993222266800E-03 -0.44017486917805E-03 -0.61718377341888E-05  0.11874681988912E-04  0.75735951891906E-04  0.70111765133515E-03 -0.34836195848660E-03 -0.14738848173467E-04  0.28769311736708E-04  0.30991056942752E-04  0.39230277166429E-03  0.39301609483249E-04  0.34545636920591E-04  0.38695619797687E-04  0.14794022703868E-03  0.15609815998475E-03 -0.78234754782599E-05  0.32792557232551E-04  0.36671396010474E-04 -0.34868413949262E-04 -0.34455775868103E-04  0.12131119969034E-05  0.67676038588426E-05  0.36787893787914E-04  0.24534659821977E-04
   0.57411891875020E-04  0.53523388984158E-05 -0.16030799207895E-02  0.42275899762306E-04  0.20426740556256E-03 -0.15372919024690E-03  0.17523640147757E-03  0.99799479163099E-05  0.41254464000102E-05 -0.65862510674797E-04  0.17278231263115E-03 -0.26967388924134E-04  0.56612343753803E-03  0.65647721125907E-02  0.22025923999461E-05  0.29613537165705E-03  0.28291039994260E-04 -0.84887051227096E-04 -0.22892169714574E-05  0.40662698648408E-05 -0.32707839140004E-04  0.13751120789157E-03 -0.10203324457649E-03  0.15297467800858E-04  0.21016898997477E-04  0.21415734171428E-04  0.39301609483250E-04  0.64556880314567E-04  0.24019167174328E-04  0.24305627666807E-04  0.36578977127841E-04  0.36741919660384E-04  0.89725237847164E-05  0.23351849842375E-04  0.22612073776743E-04 -0.19863190642703E-04 -0.20201202009875E-04  0.11052243033152E-05  0.46385113990153E-05  0.22809808112530E-04  0.22642234879974E-05
   0.66597663877385E-04  0.70486631991662E-05 -0.18053889460606E-02  0.27463508779097E-04 -0.20096345567978E-04  0.82705829906378E-04 -0.18342692135753E-03  0.10180741786421E-04  0.40698208802409E-05 -0.28039877698300E-03 -0.46622282006989E-03 -0.29005496468976E-04  0.57810855582252E-03 -0.65207655682605E-03  0.10272178495276E-04  0.25550876595787E-03 -0.28568757098659E-04 -0.22205374382371E-04 -0.55138238907736E-07 -0.21573654307635E-04 -0.44056758766501E-04  0.78873962514504E-04 -0.29442620789483E-04  0.65930701676336E-08  0.24746317348550E-04  0.23074220113571E-04  0.34545636920591E-04  0.24019167174328E-04  0.33801796194283E-04  0.29660040480897E-04  0.30664818962129E-04  0.32118559551808E-04  0.10849458420452E-04  0.32009146342353E-04  0.28324335050435E-04 -0.22085647816226E-04 -0.21742988420171E-04  0.10476462996772E-05  0.41409708064839E-05  0.22477083936643E-04  0.30290951630335E-05
