# fitpack10: fit parameters                                                                         
# CJ14 Repaired offshell routines, Fit offshell strength		                                          
# Created on 06/05/2015 at 04:55:24                                                                 

 # QCD setup
  INS	                    0
  NVL                          11
  IORD                          1
  Q02                   1.6899999999999999     
  IPARAMC                       7
  FLAVOR                4.0000000000000000     
  xmc                   1.3000000000000000     
  xmb                   4.5000000000000000     
  ncb                          12

 # Theory corrections
  inuke                     10714
  itmc                          1
  iht                           1

 # fit parameters
 LAMBDA       0.22680        0.0000    
 a0uv          2.5103        0.0000    
 a1uv         0.62298       0.18831E-01
 a2uv          3.5329       0.11711E-01
 a3uv          0.0000        0.0000    
 a4uv          3.1769       0.36308    
 a5uv          0.0000        0.0000    
 a0dv          20.848        0.0000    
 a1dv          1.1203       0.39806E-01
 a2dv          6.4660       0.17019    
 a3dv         -3.4785       0.10215    
 a4dv          4.8161       0.15817    
 a5dv          0.0000        0.0000    
 a0ud         0.14111       0.50820E-02
 a1ud        -0.21793       0.39684E-02
 a2ud          8.6410       0.15230    
 a3ud          0.0000        0.0000    
 a4ud          16.506        1.2190    
 a5ud          0.0000        0.0000    
 a0du          35712.        0.0000    
 a1du          3.9635       0.52719E-01
 a2du          20.523       0.70478    
 a3du          17.000        0.0000    
 a4du          43.926        5.8820    
 a0g           49.619        0.0000    
 a1g          0.62661       0.35807E-01
 a2g           5.8594       0.79846    
 a3g          -3.3760       0.12777    
 a4g           3.1571       0.27888    
 a5g           0.0000        0.0000    
 kappa        0.40000        0.0000    
 a6dv        -0.30324E-02   0.72090E-03
 a7dv          2.0000        0.0000    
 off1        -0.14744E-01   0.74162E-02
 dummy35       0.0000        0.0000    
 ht1          -2.6388       0.18688    
 ht2           1.6579       0.93887E-01
 ht3          -2.1538       0.15642E-01
 ht4           0.0000        0.0000    
 dummy40       0.0000        0.0000    
 dummy41       0.0000        0.0000    
 dummy42       0.0000        0.0000    
 dummy43       0.0000        0.0000    
 dummy44       0.0000        0.0000    
 dummy45       0.0000        0.0000    
 dummy46       0.0000        0.0000    
 dummy47       0.0000        0.0000    
 dummy48       0.0000        0.0000    
 dummy49       0.0000        0.0000    
 bcdmsh2      0.96838       0.53459E-02
 bcdmsd2      0.98429       0.63681E-02
 ccfr          1.0000        0.0000    
 nutev         1.0000        0.0000    
 zeus         0.97998        0.0000    
 h1            1.0162        0.0000    
 e605         0.99522       0.27796E-01
 NmcH2         1.0137       0.75440E-02
 ntv_nu        1.0000        0.0000    
 ntv_nuba      1.0000        0.0000    
 cdf_jet      0.98910        0.0000    
 d0_jet       0.83504        0.0000    
 slac_p       0.99930       0.54771E-02
 slac_d        1.0086       0.61432E-02
 e866pp       0.95981       0.18289E-01
 e866pd       0.97495       0.17461E-01
 d0_gamje      1.0371       0.16565E-01
 h1b          0.97608        0.0000    
 jlab_p       0.98869       0.62742E-02
 jlab_d       0.98247       0.66538E-02
 blank         1.0000        0.0000    
 d0run2       0.94523       0.15318E-01
 cdfrun2      0.92923       0.18011E-01
 HERA_el      0.99970       0.34133E-02
 HERA_ps      0.99495       0.31374E-02
 CDF_Z        0.97212       0.68758E-02
 NmcRat       0.99958       0.30359E-02
 BNS_F2nd     0.98001       0.67661E-02
 END 0. 0.

 # Hessian matrix (Bevington alpha)
   0.45299718519236E+07 -0.12301090634704E+07  0.23778470318306E+06  0.43862705694520E+06 -0.12342300757137E+06 -0.25388646458699E+05  0.45545552883810E+05  0.83787758156461E+06 -0.17642275542484E+06 -0.40858750552130E+05  0.55071279398024E+04  0.12014100326308E+05  0.14204495858651E+04 -0.11202777865339E+03 -0.14523960783367E+05  0.12403369088852E+04 -0.16959991796800E+05 -0.83006949090760E+04 -0.60876864875988E+07  0.19836988891715E+07
  -0.12301090634704E+07  0.40131436239969E+06 -0.66751299890424E+05 -0.12783122288417E+06  0.35618388181896E+05  0.75379271248318E+04 -0.11201985385012E+05 -0.12957976784858E+06  0.30571238226971E+05  0.66961894961808E+04 -0.79519905231158E+03 -0.10752612043178E+04 -0.12036495705706E+03  0.12782967380023E+02  0.30844673069473E+04 -0.42201018725880E+03  0.34613880256289E+04  0.20679317420192E+04  0.21270604196083E+07 -0.52535079061139E+06
   0.23778470318306E+06 -0.66751299890424E+05  0.12615908049471E+05  0.23611434302056E+05 -0.66753862124588E+04 -0.14283866875743E+04  0.23953721612362E+04  0.34138045075802E+05 -0.73256968796232E+04 -0.18721388624784E+04  0.22195351868612E+03  0.39399627437989E+03  0.54487108210042E+02 -0.55403363544654E+01 -0.11181741239277E+04  0.11127398849780E+03 -0.12845566148301E+04 -0.66625108642387E+03 -0.33494470995419E+06  0.10328265039962E+06
   0.43862705694520E+06 -0.12783122288417E+06  0.23611434302056E+05  0.37020536240982E+06 -0.60630292540975E+05  0.61087635568866E+05  0.55111037252579E+05  0.30868684826972E+06 -0.19803510838472E+05 -0.16077634127110E+05  0.25985543294273E+04 -0.16170054870914E+04 -0.20121620284689E+03  0.72742110508670E+02  0.21765172992932E+05 -0.28254679377612E+04  0.23711295724101E+05  0.13587814477085E+05 -0.17810193332505E+07  0.61529429820586E+06
  -0.12342300757137E+06  0.35618388181896E+05 -0.66753862124588E+04 -0.60630292540975E+05  0.11883002412072E+05 -0.63730112443526E+04 -0.82983190974614E+04 -0.30861735712701E+05  0.47065193406622E+03  0.21799855217127E+04 -0.27399324550779E+03 -0.49447809045280E+02  0.79302322769377E+01 -0.71440084015725E+01 -0.17140072020459E+04  0.23648659764283E+03 -0.17717042098208E+04 -0.10468467276734E+04  0.41898188552820E+06 -0.12216209330691E+06
  -0.25388646458699E+05  0.75379271248318E+04 -0.14283866875743E+04  0.61087635568866E+05 -0.63730112443526E+04  0.17203040682992E+05  0.10695537019729E+05  0.81927015815602E+05 -0.66846786017989E+04 -0.34800368529903E+04  0.68117439899698E+03 -0.74853630440908E+03 -0.77814620762827E+02  0.21778031806026E+02  0.63011035414075E+04 -0.82462250162954E+03  0.71158088987225E+04  0.41038085674777E+04 -0.44363899261447E+05  0.62181456983578E+05
   0.45545552883810E+05 -0.11201985385012E+05  0.23953721612362E+04  0.55111037252579E+05 -0.82983190974614E+04  0.10695537019729E+05  0.88177329321971E+04  0.48160920997538E+05 -0.23738734486993E+04 -0.26217784714867E+04  0.41509031000478E+03 -0.22685293033104E+03 -0.32855736008385E+02  0.12187376861584E+02  0.31870476072376E+04 -0.43532212293093E+03  0.34481915258861E+04  0.20385836517227E+04 -0.18936696060076E+06  0.85480822025407E+05
   0.83787758156461E+06 -0.12957976784858E+06  0.34138045075802E+05  0.30868684826972E+06 -0.30861735712701E+05  0.81927015815602E+05  0.48160920997538E+05  0.50480293605605E+07 -0.25296802470686E+07 -0.82340186544499E+05  0.21777482511517E+05  0.22701796838203E+05  0.16925973832574E+04  0.13916215276845E+03  0.50726216242513E+05 -0.71040995029083E+04  0.66510878335808E+05  0.36509759751871E+05 -0.47463374637685E+06  0.70304978129810E+06
  -0.17642275542484E+06  0.30571238226971E+05 -0.73256968796232E+04 -0.19803510838472E+05  0.47065193406622E+03 -0.66846786017989E+04 -0.23738734486993E+04 -0.25296802470686E+07  0.22158454739929E+07  0.17877508369808E+05 -0.53608043596843E+04 -0.52094307220849E+04 -0.35189084698280E+03 -0.18533183190218E+02  0.46788840679277E+05 -0.26812939360221E+04  0.23356426837853E+05  0.12113344626478E+05 -0.12079549959397E+05 -0.12361388719944E+06
  -0.40858750552130E+05  0.66961894961808E+04 -0.18721388624784E+04 -0.16077634127110E+05  0.21799855217127E+04 -0.34800368529903E+04 -0.26217784714867E+04 -0.82340186544499E+05  0.17877508369808E+05  0.25795482278843E+04 -0.53788201204406E+03 -0.57811226719700E+03 -0.55271936123536E+02 -0.29682709067905E+01 -0.26346360374104E+04  0.35259463065088E+03 -0.29053739494518E+04 -0.17113897257572E+04  0.42882239872783E+05 -0.34459321356481E+05
   0.55071279398024E+04 -0.79519905231158E+03  0.22195351868612E+03  0.25985543294273E+04 -0.27399324550779E+03  0.68117439899698E+03  0.41509031000478E+03  0.21777482511517E+05 -0.53608043596843E+04 -0.53788201204406E+03  0.13310287908637E+03  0.14733067510552E+03  0.11479756215302E+02  0.95721081379578E+00  0.76924532964754E+03 -0.88291770593883E+02  0.80788654450500E+03  0.44674453853736E+03 -0.43399096291697E+04  0.49554503382822E+04
   0.12014100326308E+05 -0.10752612043178E+04  0.39399627437989E+03 -0.16170054870914E+04 -0.49447809045280E+02 -0.74853630440908E+03 -0.22685293033104E+03  0.22701796838203E+05 -0.52094307220849E+04 -0.57811226719700E+03  0.14733067510552E+03  0.27694595192067E+04  0.18092305909138E+03  0.27629261667099E+01  0.74039526446836E+03 -0.11571248362750E+03  0.11213419636609E+04  0.65252607105563E+03 -0.59072064909799E+04 -0.12317498726122E+04
   0.14204495858651E+04 -0.12036495705706E+03  0.54487108210042E+02 -0.20121620284689E+03  0.79302322769377E+01 -0.77814620762827E+02 -0.32855736008385E+02  0.16925973832574E+04 -0.35189084698280E+03 -0.55271936123536E+02  0.11479756215302E+02  0.18092305909138E+03  0.15589028516793E+02 -0.71737116550425E-01  0.35129496087988E+02 -0.75598631440486E+01  0.62881295033140E+02  0.41445626808262E+02 -0.21631365538710E+03 -0.27582009320415E+03
  -0.11202777865339E+03  0.12782967380023E+02 -0.55403363544654E+01  0.72742110508670E+02 -0.71440084015725E+01  0.21778031806026E+02  0.12187376861584E+02  0.13916215276845E+03 -0.18533183190218E+02 -0.29682709067905E+01  0.95721081379578E+00  0.27629261667099E+01 -0.71737116550425E-01  0.11280112677504E+00  0.17270765857481E+02 -0.16352525335111E+01  0.15950152296809E+02  0.81145853726582E+01 -0.10614287321723E+03  0.15926649827089E+02
  -0.14523960783367E+05  0.30844673069473E+04 -0.11181741239277E+04  0.21765172992932E+05 -0.17140072020459E+04  0.63011035414075E+04  0.31870476072376E+04  0.50726216242513E+05  0.46788840679277E+05 -0.26346360374104E+04  0.76924532964754E+03  0.74039526446836E+03  0.35129496087988E+02  0.17270765857481E+02  0.27257152677652E+05 -0.26195248300794E+04  0.24524602961864E+05  0.13058202336690E+05 -0.24236655913200E+05 -0.45087402441098E+04
   0.12403369088852E+04 -0.42201018725880E+03  0.11127398849780E+03 -0.28254679377612E+04  0.23648659764283E+03 -0.82462250162954E+03 -0.43532212293093E+03 -0.71040995029083E+04 -0.26812939360221E+04  0.35259463065088E+03 -0.88291770593883E+02 -0.11571248362750E+03 -0.75598631440486E+01 -0.16352525335111E+01 -0.26195248300794E+04  0.30127101103619E+03 -0.27430866395488E+04 -0.15290034631555E+04  0.31533220183585E+04  0.36386954374283E+03
  -0.16959991796800E+05  0.34613880256289E+04 -0.12845566148301E+04  0.23711295724101E+05 -0.17717042098208E+04  0.71158088987225E+04  0.34481915258861E+04  0.66510878335808E+05  0.23356426837853E+05 -0.29053739494518E+04  0.80788654450500E+03  0.11213419636609E+04  0.62881295033140E+02  0.15950152296809E+02  0.24524602961864E+05 -0.27430866395488E+04  0.25980750247775E+05  0.14246901785696E+05 -0.26570317564790E+05 -0.84052367262349E+04
  -0.83006949090760E+04  0.20679317420192E+04 -0.66625108642387E+03  0.13587814477085E+05 -0.10468467276734E+04  0.41038085674777E+04  0.20385836517227E+04  0.36509759751871E+05  0.12113344626478E+05 -0.17113897257572E+04  0.44674453853736E+03  0.65252607105563E+03  0.41445626808262E+02  0.81145853726582E+01  0.13058202336690E+05 -0.15290034631555E+04  0.14246901785696E+05  0.79397586951165E+04 -0.15185872698816E+05 -0.40601853699272E+04
  -0.60876864875988E+07  0.21270604196083E+07 -0.33494470995419E+06 -0.17810193332505E+07  0.41898188552820E+06 -0.44363899261447E+05 -0.18936696060076E+06 -0.47463374637685E+06 -0.12079549959397E+05  0.42882239872783E+05 -0.43399096291697E+04 -0.59072064909799E+04 -0.21631365538710E+03 -0.10614287321723E+03 -0.24236655913200E+05  0.31533220183585E+04 -0.26570317564790E+05 -0.15185872698816E+05  0.23287393232306E+08 -0.47856427388187E+07
   0.19836988891715E+07 -0.52535079061139E+06  0.10328265039962E+06  0.61529429820586E+06 -0.12216209330691E+06  0.62181456983578E+05  0.85480822025407E+05  0.70304978129810E+06 -0.12361388719944E+06 -0.34459321356481E+05  0.49554503382822E+04 -0.12317498726122E+04 -0.27582009320415E+03  0.15926649827089E+02 -0.45087402441098E+04  0.36386954374283E+03 -0.84052367262349E+04 -0.40601853699272E+04 -0.47856427388187E+07  0.26387537386480E+07

 # Covariance matrix (Bevington epsilon)
   0.35460632150291E-03 -0.91516788910536E-04 -0.66720193485975E-02  0.24356185495110E-03  0.20119765051347E-03  0.34062717329531E-03 -0.12581848897288E-02  0.47916250570351E-04  0.33163837505931E-04 -0.70769674042460E-03 -0.12150289154633E-01 -0.14791657333138E-04 -0.16609383720244E-02  0.20683350645714E-01  0.10584699526944E-03  0.11956178169906E-02  0.66922282291503E-04 -0.29366850415309E-03  0.25840740654202E-05 -0.24784663187608E-04  0.20389939459665E-03 -0.43777125066967E-03  0.75483567137500E-04  0.45681713662625E-04  0.26094638511731E-04 -0.76593975918438E-04  0.30659909124757E-04  0.44626064029631E-04  0.25393025365875E-04 -0.56442985083673E-04 -0.52560327738035E-04  0.37942768476826E-04  0.37956526341872E-04  0.23019806031721E-04 -0.47089813167539E-04 -0.50101961358532E-04  0.23710547461515E-05  0.82314769855376E-05  0.57049104861916E-04 -0.19559929137260E-04  0.17814194018880E-04
  -0.91516788910538E-04  0.13713934737413E-03  0.24089256302433E-02  0.52995309796886E-04  0.57419811593673E-03 -0.25971298093253E-03  0.45403268300590E-03 -0.96370539202661E-05 -0.66725121645318E-05  0.68961221914880E-03  0.43075419249308E-02  0.45019930444488E-04  0.51521239693247E-03  0.12376261907594E-03 -0.28330799351998E-04 -0.41614189882838E-03 -0.46224243953105E-05  0.17471884656759E-05 -0.34890310085626E-05  0.10607694404011E-05 -0.10712265333195E-02  0.33490186846295E-03  0.23006273201061E-04  0.20416810870057E-05  0.39982132652950E-05 -0.38133127150113E-04  0.80536454656092E-06 -0.25915582345178E-05  0.26217457858959E-05  0.23250251272885E-04  0.11844418273521E-04 -0.28604428627517E-05  0.70394542811832E-05  0.94600906364599E-05  0.67624892254210E-05  0.72217588720402E-05 -0.28759127502309E-06 -0.98313911765220E-06 -0.56830683950409E-05  0.51229980901795E-05 -0.11064841596454E-04
  -0.66720193485975E-02  0.24089256302433E-02  0.13182518452922E+00 -0.35783204413780E-02  0.96210442009840E-03 -0.79118175732291E-02  0.24857805239510E-01 -0.86567029851977E-03 -0.60262477989681E-03  0.17427078163145E-01  0.24964210492295E+00  0.53813571904590E-03  0.36449280515022E-01 -0.34588579072566E+00 -0.18073932905903E-02 -0.15900948391097E-01 -0.11600215180953E-02  0.54378048657160E-02 -0.64804916159712E-04  0.37991635530266E-03 -0.81356181753174E-02  0.91491019849792E-02 -0.11246156694700E-02 -0.62979267115513E-03 -0.27350293904595E-03  0.15230267055502E-02 -0.39050755225419E-03 -0.58794383052995E-03 -0.22691614442166E-03  0.16621928985933E-02  0.15067063664440E-02 -0.63343735483270E-03 -0.42269378164435E-03 -0.17306891134919E-03  0.75467934133362E-03  0.79383040453757E-03 -0.37645720976393E-04 -0.12728008643231E-03 -0.85407919294099E-03  0.38397239720835E-03 -0.34613909833307E-03
   0.24356185495108E-03  0.52995309796895E-04 -0.35783204413776E-02  0.15844778708207E-02  0.56901972021892E-02 -0.26772538494602E-02 -0.72370661305820E-03  0.37168806768622E-04  0.22940634432949E-04 -0.64192246988161E-03 -0.11510331755247E-01  0.31373452512717E-03 -0.27099580130707E-02  0.63630794231282E-01  0.49039917250131E-03  0.11536170682639E-01 -0.12247730115410E-02  0.32923142751826E-02  0.20495870500640E-05 -0.11207878564677E-03 -0.18159248560981E-02  0.55486846692183E-03  0.23003348824372E-03  0.59997243935041E-04  0.52079773428520E-04 -0.10682225256591E-03  0.35703882300660E-04  0.65991320692305E-04  0.53642677774508E-04 -0.63425526787195E-05 -0.74292377836226E-04  0.35165443741155E-04  0.68050384804353E-04  0.38237332134301E-04 -0.48840687644072E-04 -0.47422875060614E-04  0.25397284439664E-05  0.11562717397749E-04  0.60779769585883E-04 -0.51065383480371E-05 -0.10812607312028E-05
   0.20119765051338E-03  0.57419811593675E-03  0.96210442010000E-03  0.56901972021891E-02  0.28964894685423E-01 -0.15539117993651E-01  0.10941026395689E-01 -0.10227917473671E-04 -0.17868903161239E-04  0.26298287632370E-02  0.68700028824235E-02  0.57012713519763E-03 -0.63661581416091E-03  0.29696131807512E+00  0.14010129071910E-02  0.36815128139564E-01 -0.50910608740129E-02  0.13008582072957E-01 -0.40407754170717E-04 -0.33100181482868E-03 -0.68349203700114E-02  0.12325191598425E-02  0.78034637375125E-03  0.15817309921743E-03  0.10539965832837E-03 -0.31896867881619E-03  0.15883237328990E-03  0.13439169039543E-03  0.63875245283229E-04  0.20652337288360E-03 -0.47729930512173E-04  0.61760421149782E-04  0.16214735169648E-03 -0.25781376409087E-04 -0.70216445422163E-04 -0.77721236618293E-04  0.63236747780420E-05  0.29774193399928E-04  0.14879539868344E-03 -0.25608817612126E-04  0.70353541115225E-04
   0.34062717329536E-03 -0.25971298093254E-03 -0.79118175732299E-02 -0.26772538494601E-02 -0.15539117993651E-01  0.10434291831561E-01 -0.10131745797541E-01  0.97939902443311E-04  0.74207975153882E-04 -0.20391300818067E-02 -0.26475166503132E-01  0.31332790547283E-03 -0.53238147756092E-02 -0.20039410462346E+00 -0.57046405487101E-03 -0.22335139688860E-01  0.27486798184463E-02 -0.80979759094468E-02  0.18655641694755E-04  0.19061975843827E-03  0.42515980312346E-02 -0.15087546788358E-02 -0.36611024778008E-03 -0.16890101052505E-04 -0.25551119606091E-04 -0.11611004517384E-03 -0.88171224526777E-04 -0.14681551811278E-04 -0.40919884423776E-05 -0.24277936380742E-03 -0.14295801830672E-03  0.21319911381941E-04 -0.35485013087348E-04  0.47973252654700E-04 -0.16159229175113E-04 -0.26244469561320E-04 -0.51315889294837E-06 -0.35394660238568E-05 -0.84088176361753E-05 -0.34473524608373E-05 -0.62965542800810E-04
  -0.12581848897288E-02  0.45403268300588E-03  0.24857805239510E-01 -0.72370661305835E-03  0.10941026395689E-01 -0.10131745797541E-01  0.25017563831917E-01 -0.28074461011205E-03 -0.19634818057868E-03  0.95167030076085E-02  0.10118706296523E+00 -0.18122808156955E-02  0.23657140089975E-01  0.10036941104677E+00 -0.80683050756037E-03 -0.53679468377342E-02 -0.21111763822320E-03  0.93151243106551E-03 -0.62916344594778E-04  0.85527083314456E-04 -0.84608162537131E-03 -0.62520438549060E-03 -0.82502634713427E-04 -0.84052765811518E-04 -0.75351827265486E-04  0.38962261586761E-03  0.11603467807816E-03 -0.12152710625101E-03 -0.12910903306307E-03  0.62020993819549E-03  0.70027246910027E-03 -0.12781011690769E-03 -0.81892572276813E-04 -0.18507555156928E-03  0.12640607534481E-03  0.11701930746415E-03 -0.40827883808885E-05 -0.18664743769100E-04 -0.73987187851555E-04  0.11111268818914E-04  0.18961871487471E-03
   0.47916250570350E-04 -0.96370539202656E-05 -0.86567029851975E-03  0.37168806768625E-04 -0.10227917473659E-04  0.97939902443303E-04 -0.28074461011205E-03  0.25826752862958E-04  0.19640775538194E-04 -0.27210454028196E-03 -0.49226299010645E-02  0.23062804801736E-04 -0.39781778205610E-03 -0.26120308028190E-03 -0.21175636279217E-04 -0.60922650522638E-04  0.13343123752415E-03 -0.21344064264817E-03  0.42223488343312E-06 -0.50059173641301E-05 -0.43787071486268E-04 -0.63008533560130E-05  0.10590692847464E-04  0.87211950202613E-05  0.67595002157486E-05  0.14056308034854E-05  0.86892064625433E-05  0.90533218530394E-05  0.70763285361587E-05 -0.49607227091308E-06 -0.13533190186960E-05  0.95218527963402E-05  0.82421177154221E-05  0.67986760174844E-05  0.32829001576783E-06  0.39203801785935E-06  0.38690002434882E-06  0.15202812416359E-05  0.12276915261474E-04 -0.14351348616152E-05  0.17067337200780E-05
   0.33163837505930E-04 -0.66725121645314E-05 -0.60262477989680E-03  0.22940634432950E-04 -0.17868903161231E-04  0.74207975153877E-04 -0.19634818057868E-03  0.19640775538194E-04  0.15748155276740E-04 -0.18905885779627E-03 -0.36494093193095E-02  0.14337128960017E-04 -0.26532254820723E-03 -0.33160595903451E-03 -0.29102143686989E-04 -0.22092352543444E-03  0.12091574421508E-03 -0.20630258445135E-03  0.29311020574808E-06 -0.34001269644428E-05 -0.37343956591731E-04 -0.62422223597880E-06  0.71464925709214E-05  0.57948305836984E-05  0.44273973338005E-05 -0.31343715946676E-06  0.61045751735227E-05  0.59132382870690E-05  0.45235658449632E-05 -0.15540295049590E-05 -0.19932973566681E-05  0.66932745975846E-05  0.53635229127454E-05  0.43722244527738E-05  0.12274502332500E-05  0.11624154131039E-05  0.24152999372535E-06  0.20514190173785E-06  0.79673711498678E-05 -0.99601266019824E-06  0.10443555815344E-05
  -0.70769674042457E-03  0.68961221914879E-03  0.17427078163144E-01 -0.64192246988167E-03  0.26298287632367E-02 -0.20391300818065E-02  0.95167030076085E-02 -0.27210454028196E-03 -0.18905885779627E-03  0.23194067135147E-01  0.12658242262430E+00 -0.19978930454016E-02  0.34783498531483E-01 -0.10689722978630E+00 -0.45240286372506E-03 -0.23808601492772E-01 -0.47738382215071E-02  0.49952920543225E-02 -0.19952973087567E-04  0.25713459713622E-03  0.26479055226622E-02 -0.10268264278200E-02 -0.29372858063263E-03 -0.44599490418537E-04  0.66151859203063E-04 -0.16570151652106E-02  0.59678255064274E-04 -0.88057629363492E-04  0.30617354012305E-04  0.34445102213167E-04  0.15783405559668E-03 -0.42680798241729E-04 -0.71110693232797E-04  0.17022349845527E-04  0.45616182824489E-03  0.30875314665622E-03 -0.48352549204090E-05 -0.27979809572597E-04 -0.71313777013653E-04  0.86844474337149E-04 -0.19441461691949E-03
  -0.12150289154632E-01  0.43075419249306E-02  0.24964210492295E+00 -0.11510331755248E-01  0.68700028824201E-02 -0.26475166503130E-01  0.10118706296523E+00 -0.49226299010645E-02 -0.36494093193095E-02  0.12658242262430E+00  0.14860350317098E+01 -0.11910341615619E-01  0.21404267721305E+00 -0.93004863712238E+00 -0.99041076408956E-03 -0.13530136859588E+00 -0.27683285288664E-01  0.16521193529655E-01 -0.18095526931502E-03  0.26559483750489E-02  0.37290807198360E-01 -0.20825324727168E-01 -0.27959709766775E-02 -0.39689847028187E-03  0.81047271046231E-03  0.43120337829951E-02  0.58549162215201E-03 -0.42662182996986E-03  0.87987609695773E-03  0.77975677734937E-02  0.91627365858874E-02 -0.20529462265723E-02 -0.24504170911084E-03  0.72219574043545E-03 -0.21968873975888E-03 -0.99446939470397E-03 -0.16318231529350E-04 -0.74624210135873E-04  0.55605900162480E-04  0.10253306180000E-02 -0.55575819564186E-03
  -0.14791657333148E-04  0.45019930444492E-04  0.53813571904609E-03  0.31373452512717E-03  0.57012713519766E-03  0.31332790547280E-03 -0.18122808156955E-02  0.23062804801735E-04  0.14337128960016E-04 -0.19978930454016E-02 -0.11910341615618E-01  0.27793387399573E-02 -0.31300771151045E-01 -0.71648848380693E-01  0.28102917801807E-03  0.17778139604001E-02 -0.57506370328686E-03  0.88417253679116E-03 -0.12160663925652E-06  0.18483292953572E-06 -0.40022727463477E-03  0.35849892713336E-03 -0.75045776272120E-04 -0.53669457571989E-05 -0.24162041883091E-04  0.68377169753323E-04 -0.18145202617836E-04  0.10240212765787E-04 -0.14102611908218E-04  0.83955429167142E-04 -0.54258666334294E-04 -0.21092614276733E-05  0.15996160087956E-04 -0.10672815605440E-04  0.38973735385548E-05 -0.36926387099150E-06  0.85808246527559E-07  0.20261206284163E-05  0.84550710671824E-08 -0.17273581225035E-04  0.60097652520322E-04
  -0.16609383720244E-02  0.51521239693242E-03  0.36449280515020E-01 -0.27099580130709E-02 -0.63661581416169E-03 -0.53238147756087E-02  0.23657140089975E-01 -0.39781778205610E-03 -0.26532254820723E-03  0.34783498531483E-01  0.21404267721305E+00 -0.31300771151045E-01  0.49671611497087E+00  0.93340526211230E+00 -0.38627928229498E-02 -0.36950167079536E-01  0.10337480386721E-01 -0.19985132084841E-01 -0.17051931906577E-04 -0.38714099712039E-03  0.34011430832915E-02 -0.45639398695952E-02  0.18635665437158E-02  0.24911305416073E-03  0.40827456286016E-03 -0.86284731716517E-03  0.37963939257456E-03  0.64684951940973E-04  0.26983342780003E-03  0.13612656982265E-02  0.13844642984549E-02  0.49345890806587E-04  0.62592501375555E-05  0.20557849617343E-03 -0.38319327253413E-03 -0.35191898998390E-03  0.91240130732635E-05  0.35376315587141E-04  0.45075085788926E-05  0.13826076217787E-03 -0.10272619971018E-02
   0.20683350645713E-01  0.12376261907636E-03 -0.34588579072564E+00  0.63630794231282E-01  0.29696131807512E+00 -0.20039410462346E+00  0.10036941104678E+00 -0.26120308028202E-03 -0.33160595903459E-03 -0.10689722978630E+00 -0.93004863712234E+00 -0.71648848380693E-01  0.93340526211231E+00  0.34598117192350E+02  0.20928235768420E-01  0.10977384869732E+01 -0.96759346756391E-01  0.34399052283778E+00 -0.17077304938500E-03 -0.13174348286100E-01 -0.13237101641702E+00  0.67709426942854E-01  0.14748914060892E-01  0.39699506658726E-02 -0.38849442720746E-02 -0.62846156586647E-02  0.80445038101989E-02  0.38853056031959E-02 -0.46320884419041E-02  0.35959529389597E-02 -0.14502825935702E-01  0.60672130036270E-02  0.33289131723358E-02 -0.48431576425551E-02  0.90100224508408E-03  0.17906270560479E-02  0.23258663908127E-03  0.60023879188743E-03 -0.27735304170093E-02 -0.97506790116105E-02  0.16431172302381E-02
   0.10584699526942E-03 -0.28330799351992E-04 -0.18073932905900E-02  0.49039917250132E-03  0.14010129071911E-02 -0.57046405487106E-03 -0.80683050756031E-03 -0.21175636279218E-04 -0.29102143686990E-04 -0.45240286372501E-03 -0.99041076408928E-03  0.28102917801808E-03 -0.38627928229498E-02  0.20928235768421E-01  0.12821435454897E-02  0.20923868637641E-01 -0.33036208966118E-02  0.77051321776971E-02  0.21345084579263E-05 -0.23360385508874E-04  0.51493524313191E-03  0.11671202517842E-04  0.69755416892666E-06  0.21884962367873E-04  0.15897722594570E-04 -0.93675103879741E-05 -0.21522527484126E-04  0.29544141033607E-04  0.23920898952696E-04 -0.29513598040624E-04 -0.50161992718077E-04  0.14003188344907E-04  0.24504091379352E-04  0.19682856180111E-04 -0.12805122371871E-04 -0.31738090608801E-05  0.13175761943375E-05  0.50912875176607E-05  0.22089571010845E-04 -0.61071545944368E-05  0.33836054554372E-05
   0.11956178169903E-02 -0.41614189882824E-03 -0.15900948391090E-01  0.11536170682639E-01  0.36815128139565E-01 -0.22335139688861E-01 -0.53679468377325E-02 -0.60922650522671E-04 -0.22092352543447E-03 -0.23808601492771E-01 -0.13530136859588E+00  0.17778139604001E-02 -0.36950167079535E-01  0.10977384869732E+01  0.20923868637641E-01  0.63753157445724E+00 -0.40817737115416E-01  0.16017423707737E+00  0.17297266638457E-04 -0.18427447861614E-02 -0.63076589605029E-02  0.17980711742084E-01  0.83750988079325E-03  0.39115147541757E-03  0.28103195148511E-03 -0.72823692427894E-03 -0.23550162510004E-03  0.91820831328449E-03  0.75190113088635E-03 -0.53560642365306E-03 -0.11157699521781E-02  0.48117440462177E-03  0.86544549914197E-03  0.64756383326703E-03 -0.18062219459327E-02 -0.59121601260075E-03  0.21683647914019E-04  0.10273180154245E-03  0.79205394044703E-04 -0.13801227092239E-03  0.22038555565121E-03
   0.66922282291549E-04 -0.46224243953331E-05 -0.11600215180962E-02 -0.12247730115410E-02 -0.50910608740130E-02  0.27486798184465E-02 -0.21111763822343E-03  0.13343123752415E-03  0.12091574421508E-03 -0.47738382215073E-02 -0.27683285288665E-01 -0.57506370328686E-03  0.10337480386721E-01 -0.96759346756390E-01 -0.33036208966117E-02 -0.40817737115416E-01  0.16324370384514E-01 -0.32187150555678E-01 -0.64612032366705E-05 -0.18253400361697E-03 -0.49077371394841E-02  0.10728850923472E-02  0.43838638351727E-03  0.14879214918869E-04  0.22328494349076E-05  0.20961318235467E-03  0.11088631703926E-03  0.64973405190197E-04  0.45232798624494E-04  0.27353887315149E-03  0.31378612899886E-03 -0.21210770004544E-04  0.96986810727997E-04  0.66456694833589E-04 -0.69122865853007E-03 -0.55249793596896E-03  0.47294656715722E-05  0.18971099786689E-04  0.12190565456922E-03  0.11788330941317E-04  0.99260081328289E-04
  -0.29366850415322E-03  0.17471884657329E-05  0.54378048657186E-02  0.32923142751825E-02  0.13008582072957E-01 -0.80979759094470E-02  0.93151243106614E-03 -0.21344064264818E-03 -0.20630258445136E-03  0.49952920543230E-02  0.16521193529659E-01  0.88417253679115E-03 -0.19985132084840E-01  0.34399052283777E+00  0.77051321776970E-02  0.16017423707737E+00 -0.32187150555678E-01  0.77773486497573E-01  0.11731169981804E-04  0.22735644930914E-04  0.61226270893500E-02  0.27020037326291E-02 -0.77016505271408E-03 -0.81868085314139E-04 -0.69055315566116E-04 -0.82096293812132E-03 -0.29867972169569E-03 -0.97791141272634E-04 -0.86730557951335E-04 -0.85026913233563E-03 -0.10069269546666E-02  0.12530094258885E-03 -0.15587336096375E-03 -0.12956410902138E-03  0.11723893187608E-02  0.11452460666503E-02 -0.12828031104126E-04 -0.51285999891109E-04 -0.40058760395010E-03 -0.37741258087748E-04 -0.18338637448250E-03
   0.25840740654201E-05 -0.34890310085626E-05 -0.64804916159712E-04  0.20495870500644E-05 -0.40407754170716E-04  0.18655641694755E-04 -0.62916344594778E-04  0.42223488343313E-06  0.29311020574808E-06 -0.19952973087567E-04 -0.18095526931503E-03 -0.12160663925642E-06 -0.17051931906578E-04 -0.17077304938499E-03  0.21345084579264E-05  0.17297266638460E-04 -0.64612032366710E-05  0.11731169981806E-04  0.51970099186802E-06  0.29741776272572E-06 -0.11022911496241E-04  0.10552692391227E-04 -0.73499992939845E-06 -0.30737699818232E-07  0.43299293677481E-06 -0.11279312001827E-06 -0.21220922090480E-06  0.30065897990670E-06  0.63345748272439E-06 -0.15029908669009E-05 -0.13115986866821E-05  0.17072132902059E-06  0.37819963936529E-06  0.80627710308540E-06  0.15081846357836E-06  0.14418377270220E-06  0.68053296321038E-09  0.68077284326811E-08  0.20659227293033E-07  0.14603238571991E-06 -0.69346460291597E-06
  -0.24784663187607E-04  0.10607694404005E-05  0.37991635530262E-03 -0.11207878564677E-03 -0.33100181482869E-03  0.19061975843827E-03  0.85527083314444E-04 -0.50059173641298E-05 -0.34001269644427E-05  0.25713459713622E-03  0.26559483750488E-02  0.18483292953576E-06 -0.38714099712040E-03 -0.13174348286100E-01 -0.23360385508873E-04 -0.18427447861614E-02 -0.18253400361697E-03  0.22735644930909E-04  0.29741776272575E-06  0.54999731273662E-04  0.40180017294626E-03 -0.16051466652147E-03 -0.89579819684286E-04 -0.48286853319086E-05  0.25850998138703E-05  0.28329217004698E-04 -0.53872911449207E-06 -0.56295577187773E-05  0.67497662512873E-05  0.62354929783099E-05  0.20162712071047E-04 -0.62592731777345E-05 -0.65968460028019E-05  0.94988529448170E-05  0.16492239429032E-04  0.10240329316929E-04 -0.17644279184549E-06 -0.37713634828613E-06  0.29768206325339E-06  0.38929641752928E-05 -0.10314618443685E-04
   0.20389939459667E-03 -0.10712265333195E-02 -0.81356181753178E-02 -0.18159248560981E-02 -0.68349203700113E-02  0.42515980312346E-02 -0.84608162537153E-03 -0.43787071486264E-04 -0.37343956591728E-04  0.26479055226621E-02  0.37290807198359E-01 -0.40022727463474E-03  0.34011430832910E-02 -0.13237101641702E+00  0.51493524313196E-03 -0.63076589605021E-02 -0.49077371394843E-02  0.61226270893504E-02 -0.11022911496240E-04  0.40180017294626E-03  0.34923807363583E-01 -0.13311836208849E-01 -0.90598001605108E-03  0.31860097800037E-04  0.71272162462960E-04  0.82123693836230E-03  0.72851034265522E-04 -0.21737446981972E-04  0.36008134205359E-04  0.51013816213780E-03  0.68184836196995E-03 -0.25506771356958E-04 -0.26639984369296E-03 -0.16197191863355E-03  0.21189282131492E-03  0.73186701909545E-04  0.36133737882834E-05  0.16857164077661E-04  0.14951394744752E-03  0.15469007627604E-04 -0.17913004537110E-04
  -0.43777125066969E-03  0.33490186846296E-03  0.91491019849796E-02  0.55486846692179E-03  0.12325191598423E-02 -0.15087546788358E-02 -0.62520438549048E-03 -0.63008533560158E-05 -0.62422223598053E-06 -0.10268264278200E-02 -0.20825324727167E-01  0.35849892713335E-03 -0.45639398695949E-02  0.67709426942852E-01  0.11671202517797E-04  0.17980711742083E-01  0.10728850923474E-02  0.27020037326288E-02  0.10552692391227E-04 -0.16051466652147E-03 -0.13311836208849E-01  0.88147748029549E-02 -0.19112653629125E-03 -0.10441981133568E-03 -0.11251719608778E-03 -0.67785183078738E-03 -0.12894518648263E-03 -0.38004520294738E-05 -0.21737951065661E-04 -0.43892636586318E-03 -0.53532777061737E-03  0.18186219284681E-04  0.53699460764348E-04  0.37615894323170E-04  0.10927089009353E-03  0.19884066125773E-03 -0.79746588121166E-05 -0.34963593200299E-04 -0.24096226059884E-03 -0.51170599407995E-05 -0.24943408849084E-04
   0.75483567137498E-04  0.23006273201062E-04 -0.11246156694699E-02  0.23003348824372E-03  0.78034637375127E-03 -0.36611024778010E-03 -0.82502634713409E-04  0.10590692847464E-04  0.71464925709212E-05 -0.29372858063263E-03 -0.27959709766774E-02 -0.75045776272119E-04  0.18635665437159E-02  0.14748914060893E-01  0.69755416892888E-06  0.83750988079331E-03  0.43838638351726E-03 -0.77016505271406E-03 -0.73499992939850E-06 -0.89579819684286E-04 -0.90598001605108E-03 -0.19112653629125E-03  0.24466456203544E-03  0.19100163229521E-04  0.16894405212232E-04 -0.56191464156187E-05  0.13975513707113E-04  0.78708368991477E-05 -0.15379338795384E-05  0.21729466191472E-04  0.63124840593418E-05  0.73660072281798E-05  0.16508953030641E-04 -0.31071552140467E-05 -0.55360906495850E-04 -0.49071047297522E-04  0.11426056358776E-05  0.45572136082620E-05  0.24722068991036E-04  0.41360855080476E-06  0.63250840669816E-05
   0.45681713662624E-04  0.20416810870059E-05 -0.62979267115512E-03  0.59997243935043E-04  0.15817309921744E-03 -0.16890101052511E-04 -0.84052765811516E-04  0.87211950202613E-05  0.57948305836984E-05 -0.44599490418538E-04 -0.39689847028188E-03 -0.53669457571982E-05  0.24911305416073E-03  0.39699506658727E-02  0.21884962367875E-04  0.39115147541761E-03  0.14879214918862E-04 -0.81868085314121E-04 -0.30737699818238E-07 -0.48286853319088E-05  0.31860097800035E-04 -0.10441981133568E-03  0.19100163229521E-04  0.28579114855185E-04  0.17952279161095E-04  0.43377371882882E-04  0.17277982406416E-04  0.22025696382563E-04  0.20230066549927E-04  0.44764323858845E-04  0.43580845644766E-04  0.80685465374261E-05  0.21571977854770E-04  0.18889135504110E-04 -0.14668729980712E-04 -0.17119738366234E-04  0.79799453147172E-06  0.31524616442367E-05  0.23870178826908E-04 -0.11774266405706E-05  0.46788027481313E-05
   0.26094638511731E-04  0.39982132652952E-05 -0.27350293904594E-03  0.52079773428521E-04  0.10539965832838E-03 -0.25551119606096E-04 -0.75351827265482E-04  0.67595002157486E-05  0.44273973338004E-05  0.66151859203064E-04  0.81047271046232E-03 -0.24162041883091E-04  0.40827456286016E-03 -0.38849442720745E-02  0.15897722594571E-04  0.28103195148514E-03  0.22328494349035E-05 -0.69055315566104E-04  0.43299293677480E-06  0.25850998138703E-05  0.71272162462958E-04 -0.11251719608778E-03  0.16894405212232E-04  0.17952279161095E-04  0.40553163524260E-04  0.53877499645090E-04  0.17173266511979E-04  0.19953799286862E-04  0.28700653904387E-04  0.51189615925265E-04  0.57444483855628E-04  0.45939825154196E-05  0.19589583122792E-04  0.26805908781645E-04 -0.14131967839760E-04 -0.16781787454963E-04  0.72601894299955E-06  0.31626378233433E-05  0.25127232067721E-04  0.52500199519903E-05 -0.41612687441649E-05
  -0.76593975918438E-04 -0.38133127150114E-04  0.15230267055502E-02 -0.10682225256591E-03 -0.31896867881620E-03 -0.11611004517383E-03  0.38962261586761E-03  0.14056308034850E-05 -0.31343715946710E-06 -0.16570151652106E-02  0.43120337829952E-02  0.68377169753321E-04 -0.86284731716516E-03 -0.62846156586648E-02 -0.93675103879715E-05 -0.72823692427892E-03  0.20961318235466E-03 -0.82096293812130E-03 -0.11279312001826E-06  0.28329217004699E-04  0.82123693836232E-03 -0.67785183078739E-03 -0.56191464156201E-05  0.43377371882882E-04  0.53877499645090E-04  0.77260761775164E-03  0.54214743419672E-04  0.49660516405685E-04  0.62383437447297E-04  0.30057569246412E-03  0.31689470731983E-03 -0.14737097729736E-04  0.47027025585509E-04  0.56965471638896E-04 -0.59758599492538E-04 -0.66924326486419E-04  0.20580649088591E-05  0.10197630150615E-04  0.75351433213854E-04  0.11318606471237E-04  0.26123220090762E-04
   0.30659909124757E-04  0.80536454656082E-06 -0.39050755225419E-03  0.35703882300661E-04  0.15883237328990E-03 -0.88171224526779E-04  0.11603467807816E-03  0.86892064625433E-05  0.61045751735227E-05  0.59678255064273E-04  0.58549162215200E-03 -0.18145202617836E-04  0.37963939257456E-03  0.80445038101989E-02 -0.21522527484125E-04 -0.23550162510001E-03  0.11088631703926E-03 -0.29867972169568E-03 -0.21220922090480E-06 -0.53872911449213E-06  0.72851034265523E-04 -0.12894518648263E-03  0.13975513707113E-04  0.17277982406416E-04  0.17173266511979E-04  0.54214743419672E-04  0.56912338252548E-04  0.19103424841524E-04  0.19208521746608E-04  0.60382557639941E-04  0.58661786107117E-04  0.60567893178155E-05  0.18484158682136E-04  0.17561703771625E-04 -0.15625876644523E-04 -0.18023103748684E-04  0.86803502469908E-06  0.36962742613257E-05  0.25446474306895E-04 -0.10939865031916E-05  0.45327431784866E-05
   0.44626064029631E-04 -0.25915582345175E-05 -0.58794383052994E-03  0.65991320692307E-04  0.13439169039544E-03 -0.14681551811284E-04 -0.12152710625101E-03  0.90533218530394E-05  0.59132382870690E-05 -0.88057629363493E-04 -0.42662182996986E-03  0.10240212765788E-04  0.64684951940967E-04  0.38853056031961E-02  0.29544141033609E-04  0.91820831328454E-03  0.64973405190190E-04 -0.97791141272615E-04  0.30065897990670E-06 -0.56295577187775E-05 -0.21737446981974E-04 -0.38004520294716E-05  0.78708368991479E-05  0.22025696382563E-04  0.19953799286862E-04  0.49660516405685E-04  0.19103424841524E-04  0.29998462747413E-04  0.26364491670805E-04  0.53738879240986E-04  0.52226937472434E-04  0.81913117607584E-05  0.27619959678243E-04  0.24926428688289E-04 -0.22002668911691E-04 -0.22791413517673E-04  0.89401980790647E-06  0.35903235079930E-05  0.26406982287128E-04 -0.10930752059102E-05  0.67316848619185E-05
   0.25393025365875E-04  0.26217457858960E-05 -0.22691614442165E-03  0.53642677774510E-04  0.63875245283237E-04 -0.40919884423819E-05 -0.12910903306307E-03  0.70763285361587E-05  0.45235658449632E-05  0.30617354012305E-04  0.87987609695773E-03 -0.14102611908218E-04  0.26983342780003E-03 -0.46320884419040E-02  0.23920898952698E-04  0.75190113088639E-03  0.45232798624489E-04 -0.86730557951322E-04  0.63345748272439E-06  0.67497662512872E-05  0.36008134205358E-04 -0.21737951065660E-04 -0.15379338795383E-05  0.20230066549927E-04  0.28700653904387E-04  0.62383437447297E-04  0.19208521746608E-04  0.26364491670805E-04  0.37738402384564E-04  0.60486040289366E-04  0.67446345810120E-04  0.44893174858253E-05  0.25594213494582E-04  0.35184887514462E-04 -0.21967252384816E-04 -0.23093476542562E-04  0.84204410906654E-06  0.37109513514191E-05  0.28408864086788E-04  0.56763656151335E-05 -0.36718719233150E-05
  -0.56442985083672E-04  0.23250251272884E-04  0.16621928985933E-02 -0.63425526787244E-05  0.20652337288358E-03 -0.24277936380742E-03  0.62020993819550E-03 -0.49607227091343E-06 -0.15540295049593E-05  0.34445102213175E-04  0.77975677734938E-02  0.83955429167139E-04  0.13612656982265E-02  0.35959529389596E-02 -0.29513598040623E-04 -0.53560642365307E-03  0.27353887315149E-03 -0.85026913233563E-03 -0.15029908669010E-05  0.62354929783105E-05  0.51013816213782E-03 -0.43892636586319E-03  0.21729466191471E-04  0.44764323858845E-04  0.51189615925265E-04  0.30057569246412E-03  0.60382557639941E-04  0.53738879240986E-04  0.60486040289366E-04  0.33448633160978E-03  0.25155991774747E-03 -0.27928008777844E-05  0.53230617796072E-04  0.54703928257369E-04 -0.59464546974471E-04 -0.66031187005729E-04  0.22274523188859E-05  0.10410944727428E-04  0.68767370217655E-04  0.58020927497417E-05  0.14683566121728E-04
