# fitpack10: fit parameters                                                                         
# Test KP with fitted parameters                                                                    
# Created on 06/05/2015 at 22:21:42                                                                 

 # QCD setup
  INS	                    0
  NVL                          11
  IORD                          1
  Q02                   1.6899999999999999     
  IPARAMC                       7
  FLAVOR                4.0000000000000000     
  xmc                   1.3000000000000000     
  xmb                   4.5000000000000000     
  ncb                          12

 # Theory corrections
  inuke                     10334
  itmc                          1
  iht                           1

 # fit parameters
 LAMBDA       0.22680        0.0000    
 a0uv          2.4028        0.0000    
 a1uv         0.61465       0.19901E-01
 a2uv          3.5499       0.11712E-01
 a3uv          0.0000        0.0000    
 a4uv          3.4736       0.41002    
 a5uv          0.0000        0.0000    
 a0dv          21.031        0.0000    
 a1dv          1.1238       0.36967E-01
 a2dv          6.4239       0.16832    
 a3dv         -3.4771       0.98761E-01
 a4dv          4.7858       0.15889    
 a5dv          0.0000        0.0000    
 a0ud         0.14240       0.50954E-02
 a1ud        -0.21699       0.39541E-02
 a2ud          8.5261       0.15129    
 a3ud          0.0000        0.0000    
 a4ud          15.958        1.1892    
 a5ud          0.0000        0.0000    
 a0du          35712.        0.0000    
 a1du          3.9730       0.52841E-01
 a2du          20.624       0.68955    
 a3du          17.000        0.0000    
 a4du          43.847        5.9195    
 a0g           44.408        0.0000    
 a1g          0.61169       0.41367E-01
 a2g           6.5941        1.4778    
 a3g          -3.1481       0.21526    
 a4g           2.9024       0.39402    
 a5g           0.0000        0.0000    
 kappa        0.40000        0.0000    
 a6dv        -0.34673E-02   0.88030E-03
 a7dv          2.0000        0.0000    
 x0_KP       -0.28308       0.13815    
 C_KP         0.92055E-01   0.48703E-01
 ht1          -3.3536       0.26306    
 ht2           1.8498       0.10223    
 ht3          -2.0742       0.24934E-01
 ht4           0.0000        0.0000    
 dummy40       0.0000        0.0000    
 dummy41       0.0000        0.0000    
 dummy42       0.0000        0.0000    
 dummy43       0.0000        0.0000    
 dummy44       0.0000        0.0000    
 dummy45       0.0000        0.0000    
 dummy46       0.0000        0.0000    
 dummy47       0.0000        0.0000    
 dummy48       0.0000        0.0000    
 dummy49       0.0000        0.0000    
 bcdmsh2      0.97149       0.53878E-02
 bcdmsd2      0.99535       0.71023E-02
 ccfr          1.0000        0.0000    
 nutev         1.0000        0.0000    
 zeus         0.97998        0.0000    
 h1            1.0162        0.0000    
 e605         0.99960       0.27920E-01
 NmcH2         1.0144       0.75787E-02
 ntv_nu        1.0000        0.0000    
 ntv_nubar     1.0000        0.0000    
 cdf_jet      0.98910        0.0000    
 d0_jet       0.83504        0.0000    
 slac_p        1.0023       0.54570E-02
 slac_d        1.0060       0.67525E-02
 e866pp       0.96982       0.18528E-01
 e866pd       0.98247       0.17687E-01
 d0_gamjet     1.0380       0.16568E-01
 h1b          0.97608        0.0000    
 jlab_p       0.99534       0.64353E-02
 jlab_d       0.97816       0.69708E-02
 blank         1.0000        0.0000    
 d0run2       0.93012       0.15231E-01
 cdfrun2      0.91873       0.17952E-01
 HERA_el      0.99977       0.34133E-02
 HERA_ps      0.99509       0.31397E-02
 CDF_Z        0.97375       0.69438E-02
 NmcRat       0.99947       0.44325E-02
 BNS_F2nd     0.98417       0.68668E-02
 END 0. 0.

 # Hessian matrix (Bevington alpha)
   0.45138974931660E+07 -0.12182167605920E+07  0.22048457736521E+06  0.44778739567959E+06 -0.12387610099330E+06 -0.25360035344535E+05  0.46683914327199E+05  0.84825541900126E+06 -0.17949098753874E+06 -0.41844204691332E+05  0.57915805844405E+04  0.11803912284205E+05  0.13994785352930E+04 -0.11204234668094E+03 -0.15134667691647E+05  0.13870593139536E+04 -0.11721295896161E+05 -0.58613900087124E+04 -0.59858706596865E+07  0.24451302666191E+05  0.49129354732258E+05
  -0.12182167605920E+07  0.39513514122802E+06 -0.61286817506011E+05 -0.13017052359322E+06  0.35631629975696E+05  0.77432292003922E+04 -0.11371888394843E+05 -0.12960989538352E+06  0.30555259966233E+05  0.68337847064772E+04 -0.82853930379034E+03 -0.10479533521750E+04 -0.11786237178191E+03  0.12814416962128E+02  0.28694799581512E+04 -0.34250412262529E+03  0.23103001195499E+04  0.13630657023396E+04  0.20731425233557E+07 -0.90130345921915E+04 -0.97907873301812E+04
   0.22048457736521E+06 -0.61286817506011E+05  0.10870038601064E+05  0.22297621426383E+05 -0.62117970711654E+04 -0.13509128191918E+04  0.22728154565715E+04  0.32584673422220E+05 -0.70201559544532E+04 -0.18023182422207E+04  0.22060034828637E+03  0.37105646274864E+03  0.51315685953020E+02 -0.52817303724580E+01 -0.10628311449664E+04  0.10372720185303E+03 -0.82661972630135E+03 -0.43186057849567E+03 -0.30454679170541E+06  0.12526940103374E+04  0.23628920802174E+04
   0.44778739567959E+06 -0.13017052359322E+06  0.22297621426383E+05  0.37403728527165E+06 -0.61335467104425E+05  0.62030661734430E+05  0.56096099656515E+05  0.30931791390241E+06 -0.20407372889589E+05 -0.16311940869329E+05  0.26945247606553E+04 -0.15603946369021E+04 -0.19478341082245E+03  0.72601235384164E+02  0.19932744899974E+05 -0.22424857731100E+04  0.15712410535293E+05  0.88974092785913E+04 -0.18102038435591E+07  0.47477956305300E+04  0.18507051069068E+05
  -0.12387610099330E+06  0.35631629975696E+05 -0.62117970711654E+04 -0.61335467104425E+05  0.11972683104971E+05 -0.64702876398734E+04 -0.84426936206599E+04 -0.31168534030242E+05  0.58074634669148E+03  0.22163670535293E+04 -0.28617689976523E+03 -0.49329075429809E+02  0.75979671076440E+01 -0.71427630630921E+01 -0.15194246388372E+04  0.17424814787280E+03 -0.11694523843867E+04 -0.67619673037850E+03  0.42013869377735E+06 -0.13177497048666E+04 -0.37554669699835E+04
  -0.25360035344535E+05  0.77432292003922E+04 -0.13509128191918E+04  0.62030661734430E+05 -0.64702876398734E+04  0.17855529163869E+05  0.11056520304857E+05  0.83418212490331E+05 -0.69740178966447E+04 -0.35867964557219E+04  0.71712741693029E+03 -0.73977212027921E+03 -0.76939144492510E+02  0.22081468293143E+02  0.58971454593136E+04 -0.67807654093306E+03  0.47700881270940E+04  0.27294385589924E+04 -0.44492269646448E+05 -0.35746661630599E+03  0.17933378100963E+04
   0.46683914327199E+05 -0.11371888394843E+05  0.22728154565715E+04  0.56096099656515E+05 -0.84426936206599E+04  0.11056520304857E+05  0.90878709298335E+04  0.49147801516387E+05 -0.25810766437678E+04 -0.26973479054738E+04  0.43769189869893E+03 -0.22325967626734E+03 -0.32317563981951E+02  0.12318369884652E+02  0.29024716317818E+04 -0.33905314333413E+03  0.22942005734681E+04  0.13363930448082E+04 -0.19273043427387E+06  0.32396310659477E+03  0.27277536117598E+04
   0.84825541900126E+06 -0.12960989538352E+06  0.32584673422220E+05  0.30931791390241E+06 -0.31168534030242E+05  0.83418212490331E+05  0.49147801516387E+05  0.49762556828544E+07 -0.25087378080295E+07 -0.83045347702118E+05  0.22230733957976E+05  0.22214163719495E+05  0.16740417476497E+04  0.13742258156053E+03  0.46566963103539E+05 -0.59741060766908E+04  0.43695746080619E+05  0.24074534053218E+05 -0.47993517229391E+06 -0.10212424506374E+04  0.11597101938442E+05
  -0.17949098753874E+06  0.30555259966233E+05 -0.70201559544532E+04 -0.20407372889589E+05  0.58074634669148E+03 -0.69740178966447E+04 -0.25810766437678E+04 -0.25087378080295E+07  0.22166450553237E+07  0.18145396136722E+05 -0.54918105933605E+04 -0.51372039153936E+04 -0.35149141508757E+03 -0.18282221307791E+02  0.45745504789853E+05 -0.23727100436773E+04  0.16670824488690E+05  0.83618815048821E+04 -0.11725180564084E+05  0.31758112299996E+03 -0.90401970937923E+03
  -0.41844204691332E+05  0.68337847064772E+04 -0.18023182422207E+04 -0.16311940869329E+05  0.22163670535293E+04 -0.35867964557219E+04 -0.26973479054738E+04 -0.83045347702118E+05  0.18145396136722E+05  0.26492789420467E+04 -0.56180614237513E+03 -0.57311580765778E+03 -0.55261993330976E+02 -0.29667976169589E+01 -0.24176244913810E+04  0.28106546931795E+03 -0.19275685629717E+04 -0.11252379106074E+04  0.43786152317881E+05 -0.26071988665450E+02 -0.87507145876443E+03
   0.57915805844405E+04 -0.82853930379034E+03  0.22060034828637E+03  0.26945247606553E+04 -0.28617689976523E+03  0.71712741693029E+03  0.43769189869893E+03  0.22230733957976E+05 -0.54918105933605E+04 -0.56180614237513E+03  0.14077697357375E+03  0.14909234769616E+03  0.11753209677835E+02  0.97462954936511E+00  0.74211294315634E+03 -0.76626466708364E+02  0.55451669178379E+03  0.30548244995650E+03 -0.45566417038255E+04 -0.63642277809343E+01  0.98060884901579E+02
   0.11803912284205E+05 -0.10479533521750E+04  0.37105646274864E+03 -0.15603946369021E+04 -0.49329075429809E+02 -0.73977212027921E+03 -0.22325967626734E+03  0.22214163719495E+05 -0.51372039153936E+04 -0.57311580765778E+03  0.14909234769616E+03  0.26403191152760E+04  0.17312543064208E+03  0.26782240465419E+01  0.67838675791793E+03 -0.94855346145558E+02  0.71865518625265E+03  0.42211635367971E+03 -0.57728545390224E+04  0.37299639529037E+02  0.11326477997171E+03
   0.13994785352930E+04 -0.11786237178191E+03  0.51315685953020E+02 -0.19478341082245E+03  0.75979671076440E+01 -0.76939144492510E+02 -0.32317563981951E+02  0.16740417476497E+04 -0.35149141508757E+03 -0.55261993330976E+02  0.11753209677835E+02  0.17312543064208E+03  0.14990210994199E+02 -0.71478120903874E-01  0.29587851184710E+02 -0.56443259250789E+01  0.38834345917772E+02  0.25953542127115E+02 -0.21314389379951E+03  0.33447199414838E+01  0.16834301187425E+01
  -0.11204234668094E+03  0.12814416962128E+02 -0.52817303724580E+01  0.72601235384164E+02 -0.71427630630921E+01  0.22081468293143E+02  0.12318369884652E+02  0.13742258156053E+03 -0.18282221307791E+02 -0.29667976169589E+01  0.97462954936511E+00  0.26782240465419E+01 -0.71478120903874E-01  0.11274749884011E+00  0.16785600850587E+02 -0.14788724260103E+01  0.11027295153310E+02  0.55782772508994E+01 -0.10677476478534E+03 -0.19269423863515E+00  0.24501908008542E+01
  -0.15134667691647E+05  0.28694799581512E+04 -0.10628311449664E+04  0.19932744899974E+05 -0.15194246388372E+04  0.58971454593136E+04  0.29024716317818E+04  0.46566963103539E+05  0.45745504789853E+05 -0.24176244913810E+04  0.74211294315634E+03  0.67838675791793E+03  0.29587851184710E+02  0.16785600850587E+02  0.25156698613625E+05 -0.21779681906010E+04  0.16012690958538E+05  0.84066949314884E+04 -0.22025329779184E+05 -0.23124770737881E+02 -0.22410386961027E+03
   0.13870593139536E+04 -0.34250412262529E+03  0.10372720185303E+03 -0.22424857731100E+04  0.17424814787280E+03 -0.67807654093306E+03 -0.33905314333413E+03 -0.59741060766908E+04 -0.23727100436773E+04  0.28106546931795E+03 -0.76626466708364E+02 -0.94855346145558E+02 -0.56443259250789E+01 -0.14788724260103E+01 -0.21779681906010E+04  0.21800094105715E+03 -0.15976349268368E+04 -0.87348564930569E+03  0.24134248004615E+04  0.71745812757106E+01  0.32815220452265E+02
  -0.11721295896161E+05  0.23103001195499E+04 -0.82661972630135E+03  0.15712410535293E+05 -0.11694523843867E+04  0.47700881270940E+04  0.22942005734681E+04  0.43695746080619E+05  0.16670824488690E+05 -0.19275685629717E+04  0.55451669178379E+03  0.71865518625265E+03  0.38834345917772E+02  0.11027295153310E+02  0.16012690958538E+05 -0.15976349268368E+04  0.11832563200728E+05  0.64315907738223E+04 -0.17610869225289E+05 -0.15456269109393E+02 -0.25714246531614E+03
  -0.58613900087124E+04  0.13630657023396E+04 -0.43186057849567E+03  0.88974092785913E+04 -0.67619673037850E+03  0.27294385589924E+04  0.13363930448082E+04  0.24074534053218E+05  0.83618815048821E+04 -0.11252379106074E+04  0.30548244995650E+03  0.42211635367971E+03  0.25953542127115E+02  0.55782772508994E+01  0.84066949314884E+04 -0.87348564930569E+03  0.64315907738223E+04  0.35521598257050E+04 -0.99563860513989E+04 -0.20425014980305E+02 -0.16006269291281E+03
  -0.59858706596865E+07  0.20731425233557E+07 -0.30454679170541E+06 -0.18102038435591E+07  0.42013869377735E+06 -0.44492269646448E+05 -0.19273043427387E+06 -0.47993517229391E+06 -0.11725180564084E+05  0.43786152317881E+05 -0.45566417038255E+04 -0.57728545390224E+04 -0.21314389379951E+03 -0.10677476478534E+03 -0.22025329779184E+05  0.24134248004615E+04 -0.17610869225289E+05 -0.99563860513989E+04  0.22742610765596E+08 -0.87195557804418E+05 -0.89251831901202E+05
   0.24451302666191E+05 -0.90130345921915E+04  0.12526940103374E+04  0.47477956305300E+04 -0.13177497048666E+04 -0.35746661630599E+03  0.32396310659477E+03 -0.10212424506374E+04  0.31758112299996E+03 -0.26071988665450E+02 -0.63642277809343E+01  0.37299639529037E+02  0.33447199414838E+01 -0.19269423863515E+00 -0.23124770737881E+02  0.71745812757106E+01 -0.15456269109393E+02 -0.20425014980305E+02 -0.87195557804418E+05  0.51709611500634E+03  0.24187597579744E+03
   0.49129354732258E+05 -0.97907873301812E+04  0.23628920802174E+04  0.18507051069068E+05 -0.37554669699835E+04  0.17933378100963E+04  0.27277536117598E+04  0.11597101938442E+05 -0.90401970937923E+03 -0.87507145876443E+03  0.98060884901579E+02  0.11326477997171E+03  0.16834301187425E+01  0.24501908008542E+01 -0.22410386961027E+03  0.32815220452265E+02 -0.25714246531614E+03 -0.16006269291281E+03 -0.89251831901202E+05  0.24187597579744E+03  0.27498232802511E+04

 # Covariance matrix (Bevington epsilon)
   0.39603503111694E-03 -0.86348136768869E-04 -0.79720102398135E-02  0.23161957678108E-03 -0.50219641405405E-04  0.45955868439022E-03 -0.15036164603582E-02  0.50502932903461E-04  0.34603964983075E-04 -0.77070220810250E-03 -0.12788294248995E-01 -0.96677159014208E-04 -0.76301659752686E-03  0.18875512180799E-01  0.11117008974981E-03  0.20119162811286E-02  0.27415405141107E-03 -0.61172599251160E-03  0.47238754480360E-05 -0.51717459820525E-03 -0.24013288622399E-03  0.75449805366077E-03 -0.59797264217953E-03  0.90792278796305E-05  0.47003824724285E-04  0.26297068582724E-04 -0.87778640074718E-04  0.32402149052005E-04  0.47029202398542E-04  0.24916224349209E-04 -0.72035651230027E-04 -0.62950034589750E-04  0.40689075308897E-04  0.42267637708822E-04  0.22535072465746E-04 -0.43237092041837E-04 -0.48106240405329E-04  0.24712051423987E-05  0.84630435215755E-05  0.58886813417691E-04 -0.22584501659836E-04  0.17036520148363E-04
  -0.86348136768867E-04  0.13716564790934E-03  0.25245475579189E-02  0.75631246802773E-04  0.63993909343053E-03 -0.27635922116785E-03  0.43176035977090E-03 -0.72196474510735E-05 -0.50936168478248E-05  0.56599475947403E-03  0.34619937317269E-02  0.86027744743713E-04 -0.18533669113831E-03  0.22816823935294E-02 -0.10509214938424E-04  0.10430155020720E-02  0.17959065653872E-03 -0.32604182512585E-04 -0.32726549514310E-05  0.18735794397575E-03  0.50727371791827E-04 -0.16866871006175E-02  0.42711778507811E-03  0.74057988458250E-04  0.53576005816943E-05  0.87930649357655E-05 -0.35115809469727E-04  0.19720477460304E-05 -0.84641465865641E-06  0.71686754021149E-05  0.27492670634736E-04  0.15032851792351E-04 -0.13328747797109E-05  0.66986506626180E-05  0.13424524687310E-04 -0.51518515330798E-05 -0.11829482328182E-05 -0.11281798229210E-06 -0.23924518475596E-06 -0.17586878384680E-05  0.70924306710379E-05 -0.10291009094932E-04
  -0.79720102398135E-02  0.25245475579189E-02  0.16811630405989E+00 -0.35904945030913E-02  0.58418466740589E-02 -0.10711324328099E-01  0.31398435327008E-01 -0.97128216498005E-03 -0.67006402979527E-03  0.19231434826076E-01  0.27717308310230E+00  0.23817995338770E-02  0.17605921033010E-01 -0.33275359435600E+00 -0.19913740729297E-02 -0.18147021736708E-01 -0.22658918609315E-02  0.97682589046294E-02 -0.10652897962510E-03  0.11647397720991E-01  0.47032535852257E-02 -0.23538416060203E-01  0.13570251775032E-01  0.48392704451595E-03 -0.68438877100974E-03 -0.23239251802760E-03  0.19022742832781E-02 -0.44636950663163E-03 -0.67923149678513E-03 -0.17665787871679E-03  0.21291710857527E-02  0.18646565642992E-02 -0.73054973393370E-03 -0.55243630985916E-03 -0.12172873078359E-03  0.66145197902576E-03  0.76007980681963E-03 -0.41329681935272E-04 -0.13651301743426E-03 -0.92959367492735E-03  0.51987970114674E-03 -0.38620840843365E-03
   0.23161957678109E-03  0.75631246802770E-04 -0.35904945030915E-02  0.13665235591718E-02  0.50555660659797E-02 -0.22842170993519E-02 -0.42585827586224E-03  0.30276654381333E-04  0.17736177049282E-04 -0.51338830023279E-03 -0.83515871630763E-02  0.35502962008806E-03 -0.40167996251664E-02  0.49524070673995E-01  0.50165407613095E-03  0.13639642108394E-01 -0.10326285923010E-02  0.35331543235760E-02  0.44144213708817E-05 -0.26633648759382E-04 -0.15132912541362E-03 -0.21283492661221E-02  0.38028963121928E-03  0.17107716359436E-03  0.57879347478954E-04  0.61607193387568E-04 -0.54620778383906E-04  0.37824406189227E-04  0.58069883736939E-04  0.63536077594437E-04  0.10267955617207E-04 -0.40476732117127E-04  0.29000753789066E-04  0.57485535466441E-04  0.50612744892210E-04 -0.29527045174267E-04 -0.37650846558425E-04  0.25280966315929E-05  0.11694133068788E-04  0.64256766905599E-04  0.67519794515814E-05 -0.96714063097524E-05
  -0.50219641405369E-04  0.63993909343053E-03  0.58418466740583E-02  0.50555660659797E-02  0.28331951174224E-01 -0.14603310263233E-01  0.12630462125733E-01 -0.48891966003058E-04 -0.45029283034090E-04  0.47059853394301E-02  0.28165033226239E-01  0.48689229737024E-03 -0.16219898435908E-02  0.17430733946695E+00  0.14394533874774E-02  0.35018790945804E-01 -0.68602461611599E-02  0.16266515936147E-01 -0.44275818266987E-04  0.22360886680798E-03  0.12266543325543E-02 -0.67635712893781E-02  0.27094917280070E-03  0.42692806582833E-03  0.12694250612153E-03  0.14827707162724E-03 -0.10179652984099E-03  0.15640484683540E-03  0.81685679224451E-04  0.12177028306334E-03  0.29507756505219E-03  0.15758327478578E-03  0.11701071375889E-04  0.99463245033952E-04  0.41157255968584E-04  0.29010338646133E-04 -0.21644347876442E-04  0.53043834105642E-05  0.29252401365438E-04  0.16493321338161E-03 -0.26823824959847E-05 -0.42311224839091E-04
   0.45955868439021E-03 -0.27635922116786E-03 -0.10711324328099E-01 -0.22842170993520E-02 -0.14603310263233E-01  0.97537762366165E-02 -0.10812550450763E-01  0.11760346579409E-03  0.87613391857449E-04 -0.28882660939491E-02 -0.36370684682775E-01  0.25576629803455E-03 -0.26407706361298E-02 -0.15245207941504E+00 -0.60066679749192E-03 -0.24554069629840E-01  0.31710618878837E-02 -0.99861301722041E-02  0.13558779393188E-04 -0.14704931947996E-02 -0.21934166449532E-03  0.47552250961289E-02 -0.10944385012749E-02 -0.28402204500859E-03 -0.76966128374408E-05 -0.59193772204924E-04 -0.26285475150407E-03 -0.91111840977681E-04  0.11231814007097E-04 -0.48646897739673E-04 -0.30722068120875E-03 -0.26132208886352E-03  0.45835144625999E-04  0.60961941583394E-05 -0.56146874455536E-05 -0.53152127331514E-04 -0.43709438271746E-04 -0.33465339957331E-06 -0.45902999699586E-05 -0.22533193724107E-04 -0.35237179300942E-04 -0.20386830426900E-04
  -0.15036164603582E-02  0.43176035977092E-03  0.31398435327009E-01 -0.42585827586220E-03  0.12630462125733E-01 -0.10812550450763E-01  0.25246434758484E-01 -0.29456970103433E-03 -0.20435697319506E-03  0.11018689875100E-01  0.11095113469425E+00 -0.20253970286378E-02  0.26069277225259E-01  0.32227379416393E-01 -0.78366150826444E-03 -0.97512882827535E-02 -0.18150625805235E-02  0.30739407316279E-02 -0.64559870364986E-04  0.27697403025289E-02  0.15487521768939E-02 -0.17749530371987E-03 -0.84463471266013E-03 -0.42210212733086E-04 -0.98278705920253E-04 -0.27242768210025E-04  0.48469074647763E-03  0.11331629057294E-03 -0.14721607093814E-03 -0.58634010304872E-04  0.69024571398545E-03  0.83300761594679E-03 -0.16147472993022E-03 -0.12601609145570E-03 -0.10909112194099E-03  0.11434743182846E-03  0.10629234650613E-03 -0.45138585053233E-05 -0.16322154314221E-04 -0.52161900295535E-04  0.24194961495563E-04  0.94563281934723E-04
   0.50502932903462E-04 -0.72196474510741E-05 -0.97128216498007E-03  0.30276654381333E-04 -0.48891966003063E-04  0.11760346579410E-03 -0.29456970103433E-03  0.25963501010212E-04  0.19609171588542E-04 -0.27254987791829E-03 -0.47932024664739E-02  0.17829507284958E-04 -0.33390520523764E-03 -0.11385733689845E-02 -0.29881937863465E-04 -0.74877131353032E-04  0.22211050253748E-03 -0.34557970586390E-03  0.57997723057947E-06 -0.49150873705968E-04 -0.23228786462295E-04 -0.30779690287352E-04 -0.19191762124809E-04  0.65762190446266E-05  0.87587302427620E-05  0.76171871847072E-05  0.14473602883927E-05  0.89762214052400E-05  0.89429530016369E-05  0.76227765612212E-05 -0.10482090716155E-05 -0.11057843642083E-05  0.95063734472026E-05  0.83673479042724E-05  0.73241463526468E-05  0.80510046075741E-06  0.54156499255541E-06  0.39411550493758E-06  0.15277158372252E-05  0.12536779399015E-04 -0.84335892545990E-06  0.72678321470179E-06
   0.34603964983076E-04 -0.50936168478252E-05 -0.67006402979529E-03  0.17736177049282E-04 -0.45029283034094E-04  0.87613391857451E-04 -0.20435697319507E-03  0.19609171588542E-04  0.15635268792776E-04 -0.18668748406283E-03 -0.35182673580537E-02  0.11232951642092E-04 -0.22445181507753E-03 -0.10301246672535E-02 -0.37871265335375E-04 -0.38376284100765E-03  0.17783223358055E-03 -0.31910233391742E-03  0.38196470105237E-06 -0.36450476641209E-04 -0.15223998322907E-04 -0.21088962721386E-04 -0.12082336801862E-04  0.36284635542448E-05  0.57565771780188E-05  0.48567526704586E-05 -0.13869253561128E-06  0.62738893180361E-05  0.57840069064545E-05  0.47366621988934E-05 -0.18557643061833E-05 -0.17246990336399E-05  0.65587164069002E-05  0.54118114873681E-05  0.45826198748333E-05  0.14231411419944E-05  0.11003413990877E-05  0.24360984377732E-06  0.19685489675147E-06  0.81152501290311E-05 -0.68307117493679E-06  0.47273303378064E-06
  -0.77070220810252E-03  0.56599475947405E-03  0.19231434826076E-01 -0.51338830023280E-03  0.47059853394301E-02 -0.28882660939491E-02  0.11018689875100E-01 -0.27254987791829E-03 -0.18668748406282E-03  0.22889266822996E-01  0.12340164988014E+00 -0.15692696426836E-02  0.29394911569109E-01 -0.89872174301432E-01 -0.48190894034594E-03 -0.61466586010822E-01 -0.12596970836862E-01  0.92432930478339E-02 -0.40815451526809E-04 -0.75930160782381E-03  0.17020622463997E-02  0.55175295958777E-02 -0.11768966685238E-02 -0.87326851837634E-03 -0.52076358590810E-04 -0.11646047513454E-03 -0.15739112080304E-02  0.55008199365422E-04 -0.55714720849446E-04 -0.12100485437310E-03  0.57103848389762E-04  0.15200765139393E-03 -0.54405572781410E-04 -0.21851661554831E-04 -0.11464511636621E-03  0.46484586155204E-03  0.30726464812898E-03 -0.56137618861072E-05 -0.31701185167072E-04 -0.81096857199078E-04 -0.76305060672719E-04 -0.14695612330322E-04
  -0.12788294248995E-01  0.34619937317270E-02  0.27717308310231E+00 -0.83515871630761E-02  0.28165033226240E-01 -0.36370684682775E-01  0.11095113469425E+00 -0.47932024664739E-02 -0.35182673580536E-02  0.12340164988014E+00  0.14141461380173E+01 -0.93079088526223E-02  0.18029622689056E+00 -0.73351793543502E+00 -0.90042120672683E-03 -0.27510724995328E+00 -0.56301589717925E-01  0.23445896592287E-01 -0.28796375819014E-03  0.14375287488528E-01  0.14199425948610E-01  0.45609214666579E-01 -0.17094050593273E-01 -0.37387970778648E-02 -0.38017948057319E-03 -0.13206766109903E-03  0.46000198904197E-02  0.55098363694718E-03 -0.24281266396822E-03  0.13275580062760E-03  0.79426042178526E-02  0.90438440578974E-02 -0.20652930330225E-02 -0.56035252929949E-04  0.10147131337103E-03 -0.51989287932868E-03 -0.12004849544608E-02 -0.19049505048112E-04 -0.83562366603464E-04  0.30312340545256E-04  0.12346707893904E-03  0.46911219063110E-03
  -0.96677159014202E-04  0.86027744743711E-04  0.23817995338769E-02  0.35502962008806E-03  0.48689229737023E-03  0.25576629803456E-03 -0.20253970286378E-02  0.17829507284958E-04  0.11232951642092E-04 -0.15692696426836E-02 -0.93079088526225E-02  0.27921793638864E-02 -0.30330324323215E-01 -0.84852963838468E-01  0.21382360385004E-03  0.25469889983675E-03 -0.53183478419466E-03  0.56502513692630E-03  0.32710432798834E-05  0.32732693532599E-03 -0.76139228555371E-04 -0.14043275433122E-02  0.65043026823501E-03  0.54610102489123E-04 -0.14491280780466E-04  0.74372459765341E-05  0.28943883494382E-04 -0.25310809732379E-04 -0.52102508890369E-05  0.12578880703055E-04  0.85462181515822E-04 -0.52566290519570E-04 -0.88982332619758E-05  0.49412775259036E-06  0.13509525631680E-04  0.60180052683785E-05  0.44031725920871E-05 -0.43191380873430E-06  0.45457543291913E-06 -0.96468619357899E-05  0.15110172920611E-04  0.10933582028723E-04
  -0.76301659752692E-03 -0.18533669113828E-03  0.17605921033011E-01 -0.40167996251664E-02 -0.16219898435907E-02 -0.26407706361299E-02  0.26069277225259E-01 -0.33390520523764E-03 -0.22445181507752E-03  0.29394911569109E-01  0.18029622689056E+00 -0.30330324323215E-01  0.47547908536056E+00  0.10897737694204E+01 -0.33175296167536E-02 -0.48578830853908E-01  0.78819127519862E-02 -0.20140131415462E-01 -0.82854937588377E-04 -0.11006134694930E-01  0.83633678752475E-03  0.19117253886813E-01 -0.91261381427962E-02 -0.84641435891712E-03  0.33437212571916E-03 -0.13858383141217E-03 -0.28683434014708E-03  0.44207429716359E-03  0.26859622936164E-03 -0.20496160387077E-03  0.13791283343902E-02  0.13222887868295E-02  0.12417127387950E-03  0.24674392839045E-03 -0.22784565798938E-03 -0.30882736279993E-03 -0.34704668145151E-03  0.14140712859296E-04  0.48003924440106E-04  0.80560334134185E-04 -0.37348893394784E-03 -0.30201633514996E-03
   0.18875512180799E-01  0.22816823935294E-02 -0.33275359435600E+00  0.49524070673995E-01  0.17430733946695E+00 -0.15245207941504E+00  0.32227379416395E-01 -0.11385733689846E-02 -0.10301246672536E-02 -0.89872174301426E-01 -0.73351793543499E+00 -0.84852963838468E-01  0.10897737694204E+01  0.35041071050114E+02  0.34026885872082E-01  0.21175961721429E+01 -0.60160296736009E-01  0.54444581068197E+00  0.75745688071067E-03 -0.73070638397301E-01 -0.10051949056208E+00 -0.14770342607651E+00  0.64958384654675E-01  0.86375927558969E-02  0.34500809892515E-02 -0.99975431052129E-03 -0.77085183403707E-02  0.76362130791122E-02  0.31748204326074E-02 -0.18912575173150E-02  0.29561762525207E-02 -0.14915529437095E-01  0.61073011005132E-02  0.26849663066429E-02 -0.21922366345538E-02  0.34850553024410E-02  0.43081745099914E-02  0.21207653814212E-03  0.53919279538470E-03 -0.38085902802352E-02 -0.61246752662212E-02 -0.15510741866718E-02
   0.11117008974981E-03 -0.10509214938425E-04 -0.19913740729297E-02  0.50165407613094E-03  0.14394533874774E-02 -0.60066679749192E-03 -0.78366150826440E-03 -0.29881937863467E-04 -0.37871265335376E-04 -0.48190894034587E-03 -0.90042120672613E-03  0.21382360385003E-03 -0.33175296167534E-02  0.34026885872082E-01  0.17111986923636E-02  0.40588122802956E-01 -0.36496671512099E-02  0.12388208432328E-01  0.38171131390687E-05  0.69749938949841E-04 -0.12654554876165E-03 -0.24946974762068E-03  0.31867882262254E-03  0.40875298403950E-04  0.19218461096514E-04  0.26047658835180E-04 -0.41162933424109E-04 -0.29414934727714E-04  0.26537795606140E-04  0.33795495359009E-04 -0.52945632517803E-04 -0.76411199578025E-04  0.21666684122183E-04  0.21743131203534E-04  0.28226830174850E-04  0.26725035803481E-04  0.36143637017868E-04  0.11530932577224E-05  0.46158071275689E-05  0.95141867777575E-05  0.60441260886099E-05 -0.13869373182094E-04
   0.20119162811287E-02  0.10430155020719E-02 -0.18147021736711E-01  0.13639642108394E-01  0.35018790945804E-01 -0.24554069629840E-01 -0.97512882827522E-02 -0.74877131353106E-04 -0.38376284100771E-03 -0.61466586010820E-01 -0.27510724995326E+00  0.25469889983628E-03 -0.48578830853903E-01  0.21175961721429E+01  0.40588122802956E-01  0.21839627469326E+01  0.77563203018573E-01  0.29478701623684E+00  0.16149558857775E-03  0.33041882199838E-01 -0.12645753805394E-01 -0.11344629421486E+00  0.53100349556986E-01  0.12560599100758E-01  0.86140365424531E-03  0.28228389188229E-02 -0.14617169911143E-03 -0.17228605791255E-03  0.14618091400719E-02  0.35019623777880E-02  0.26574100226844E-03 -0.57047202907826E-03  0.10740667115186E-02  0.11916524323959E-02  0.31559349833000E-02 -0.37680396525533E-02 -0.12465477967406E-02  0.59675043994288E-04  0.28801235709908E-03  0.30593360208943E-03  0.20453708220059E-02 -0.13639593177598E-02
   0.27415405141112E-03  0.17959065653871E-03 -0.22658918609323E-02 -0.10326285923010E-02 -0.68602461611599E-02  0.31710618878837E-02 -0.18150625805237E-02  0.22211050253748E-03  0.17783223358056E-03 -0.12596970836862E-01 -0.56301589717928E-01 -0.53183478419466E-03  0.78819127519860E-02 -0.60160296736001E-01 -0.36496671512099E-02  0.77563203018575E-01  0.46335806703118E-01 -0.58685497181827E-01  0.12324320315495E-04  0.52100444792514E-02 -0.18043602493885E-02 -0.18962243212204E-01  0.46054639333007E-02  0.25189956063588E-02  0.16153633538164E-03  0.46202931280908E-03  0.71650024034844E-03  0.23599607049754E-03  0.22758322682959E-03  0.54747718609428E-03  0.76242381865282E-03  0.80816254436736E-03  0.14401402005480E-04  0.21926864535226E-03  0.53021493986196E-03 -0.16434016959660E-02 -0.12278833894679E-02  0.16392277226021E-04  0.71118054621814E-04  0.35686771184582E-03  0.34695598087745E-03 -0.57766908522650E-04
  -0.61172599251166E-03 -0.32604182512569E-04  0.97682589046305E-02  0.35331543235759E-02  0.16266515936147E-01 -0.99861301722042E-02  0.30739407316285E-02 -0.34557970586392E-03 -0.31910233391745E-03  0.92432930478346E-02  0.23445896592295E-01  0.56502513692624E-03 -0.20140131415461E-01  0.54444581068197E+00  0.12388208432328E-01  0.29478701623683E+00 -0.58685497181827E-01  0.15525358747062E+00  0.48218952262467E-05 -0.16424237103608E-02  0.61376226540593E-03  0.57578092736816E-02  0.57972316150449E-02 -0.17810027029011E-02 -0.27135003838658E-03 -0.34977233768679E-03 -0.17305542618962E-02 -0.53838176858126E-03 -0.27848486887319E-03 -0.38167246922029E-03 -0.16507924889364E-02 -0.19030855791879E-02  0.21422819287084E-03 -0.31476508852967E-03 -0.41159902226244E-03  0.23828235151329E-02  0.22329900489001E-02 -0.27329981422162E-04 -0.11204879133676E-03 -0.83840606981407E-03 -0.13877737530238E-03 -0.26192799320940E-03
   0.47238754480361E-05 -0.32726549514310E-05 -0.10652897962510E-03  0.44144213708816E-05 -0.44275818266987E-04  0.13558779393188E-04 -0.64559870364985E-04  0.57997723057944E-06  0.38196470105235E-06 -0.40815451526809E-04 -0.28796375819014E-03  0.32710432798833E-05 -0.82854937588376E-04  0.75745688071068E-03  0.38171131390688E-05  0.16149558857775E-03  0.12324320315494E-04  0.48218952262487E-05  0.77492078535005E-06  0.35220350373004E-04 -0.17103689654843E-04 -0.33325833299928E-04  0.16647681131337E-04  0.34556192254875E-05  0.45086193665713E-06  0.64835016860146E-06  0.57729612649794E-06  0.10019726977492E-06  0.68250588622830E-06  0.87988341518670E-06 -0.11317469622014E-05 -0.14733043167719E-05  0.42938192385123E-06  0.49885512406401E-06  0.11199007976033E-05 -0.93090025125803E-06 -0.66919460479747E-06  0.22756880323430E-07  0.77791272808964E-07  0.34763815304796E-06  0.50230937589632E-06  0.38087203561795E-06
  -0.51717459820523E-03  0.18735794397575E-03  0.11647397720991E-01 -0.26633648759356E-04  0.22360886680804E-03 -0.14704931947996E-02  0.27697403025289E-02 -0.49150873705966E-04 -0.36450476641207E-04 -0.75930160782388E-03  0.14375287488527E-01  0.32732693532599E-03 -0.11006134694930E-01 -0.73070638397300E-01  0.69749938949850E-04  0.33041882199838E-01  0.52100444792514E-02 -0.16424237103608E-02  0.35220350373004E-04  0.19085562957274E-01  0.14785610940975E-02 -0.73039176472020E-02  0.35086202872068E-02  0.18571082966781E-02 -0.11957794741101E-04  0.36161608044375E-03  0.33738328945842E-03 -0.71247279927875E-05 -0.80436194885832E-04  0.42628512153416E-03  0.19065715174538E-03  0.31072548801307E-03 -0.62653443443995E-04 -0.22926684913620E-03  0.41580801859528E-03 -0.22595264047522E-03 -0.13172750011907E-03 -0.40723383094613E-06  0.35444450893428E-05  0.23291680966424E-04  0.35884046148132E-03 -0.30560308781627E-03
  -0.24013288622399E-03  0.50727371791830E-04  0.47032535852257E-02 -0.15132912541362E-03  0.12266543325543E-02 -0.21934166449532E-03  0.15487521768939E-02 -0.23228786462294E-04 -0.15223998322907E-04  0.17020622463997E-02  0.14199425948610E-01 -0.76139228555365E-04  0.83633678752470E-03 -0.10051949056208E+00 -0.12654554876166E-03 -0.12645753805394E-01 -0.18043602493885E-02  0.61376226540585E-03 -0.17103689654843E-04  0.14785610940975E-02  0.23720120253707E-02 -0.73349497908017E-04  0.34131077244509E-04 -0.66714473460814E-04 -0.33923205366526E-04  0.25775013576654E-04  0.85132265511592E-04 -0.14219394021278E-04 -0.39901395463763E-04  0.42873217682087E-04  0.32638982176554E-04  0.10985997519527E-03 -0.39106598763012E-04 -0.42072872044484E-04  0.48015234829203E-04  0.51932799190971E-04  0.34112928190160E-04 -0.14091448289195E-05 -0.27537940232670E-05 -0.11960189596883E-05  0.61983424703942E-05 -0.11415907965284E-03
   0.75449805366072E-03 -0.16866871006175E-02 -0.23538416060202E-01 -0.21283492661221E-02 -0.67635712893782E-02  0.47552250961288E-02 -0.17749530371955E-03 -0.30779690287355E-04 -0.21088962721387E-04  0.55175295958778E-02  0.45609214666580E-01 -0.14043275433122E-02  0.19117253886813E-01 -0.14770342607651E+00 -0.24946974762076E-03 -0.11344629421486E+00 -0.18962243212204E-01  0.57578092736811E-02 -0.33325833299929E-04 -0.73039176472019E-02 -0.73349497907977E-04  0.69198039042881E-01 -0.22148590839878E-01 -0.34904938067967E-02  0.36965214953473E-04 -0.36383148062153E-03  0.93318058912321E-03  0.14072382175950E-03  0.37369147293055E-04 -0.39054784299823E-03  0.45873326399988E-03  0.65645003375625E-03 -0.31085961277693E-04 -0.16160505343815E-03 -0.55979443987883E-03  0.49029912749530E-03  0.17232142299680E-03  0.40693788891118E-05  0.14205219327627E-04  0.19777116477605E-03 -0.40735568572439E-03  0.39685915186794E-03
  -0.59797264217952E-03  0.42711778507811E-03  0.13570251775032E-01  0.38028963121930E-03  0.27094917280077E-03 -0.10944385012749E-02 -0.84463471266017E-03 -0.19191762124810E-04 -0.12082336801864E-04 -0.11768966685238E-02 -0.17094050593273E-01  0.65043026823502E-03 -0.91261381427962E-02  0.64958384654677E-01  0.31867882262258E-03  0.53100349556987E-01  0.46054639333007E-02  0.57972316150452E-02  0.16647681131338E-04  0.35086202872068E-02  0.34131077244501E-04 -0.22148590839878E-01  0.10451872509445E-01  0.71676593315080E-03 -0.11010251601990E-03  0.60723726121176E-04 -0.65029817040057E-03 -0.14524426126236E-03 -0.42280422280539E-04  0.13614781156575E-03 -0.37790155874541E-03 -0.47136610866806E-03  0.16200666795353E-04 -0.19006469399006E-04  0.17099981784408E-03  0.10296602337687E-03  0.21580870648514E-03 -0.79628727590707E-05 -0.32971905549066E-04 -0.24794578307142E-03  0.17168890767005E-03 -0.19890070022617E-03
   0.90792278796371E-05  0.74057988458248E-04  0.48392704451582E-03  0.17107716359437E-03  0.42692806582833E-03 -0.28402204500858E-03 -0.42210212733114E-04  0.65762190446273E-05  0.36284635542452E-05 -0.87326851837635E-03 -0.37387970778650E-02  0.54610102489121E-04 -0.84641435891713E-03  0.86375927558976E-02  0.40875298403955E-04  0.12560599100758E-01  0.25189956063588E-02 -0.17810027029010E-02  0.34556192254876E-05  0.18571082966781E-02 -0.66714473460819E-04 -0.34904938067967E-02  0.71676593315079E-03  0.62171376912506E-03  0.17977187300294E-04  0.96056349092452E-04  0.19649560921876E-04  0.65667848591378E-05 -0.42647861778941E-05  0.79173877001482E-04  0.35518605528773E-04  0.28994894131030E-04  0.35901289261320E-05 -0.15187095124642E-04  0.68634622083613E-04 -0.10684080795828E-03 -0.76435957233983E-04  0.11068952398067E-05  0.47552157117131E-05  0.21468326560230E-04  0.79945781121303E-04 -0.62351173611817E-04
   0.47003824724286E-04  0.53576005816938E-05 -0.68438877100976E-03  0.57879347478954E-04  0.12694250612152E-03 -0.76966128374372E-05 -0.98278705920259E-04  0.87587302427621E-05  0.57565771780188E-05 -0.52076358590811E-04 -0.38017948057323E-03 -0.14491280780467E-04  0.33437212571916E-03  0.34500809892515E-02  0.19218461096514E-04  0.86140365424529E-03  0.16153633538163E-03 -0.27135003838658E-03  0.45086193665715E-06 -0.11957794741104E-04 -0.33923205366527E-04  0.36965214953480E-04 -0.11010251601990E-03  0.17977187300294E-04  0.29028072065229E-04  0.19437914931345E-04  0.44965503942942E-04  0.17705075567121E-04  0.22061339068235E-04  0.21499940326212E-04  0.45297429740205E-04  0.45026708323002E-04  0.80217768998690E-05  0.21668350185065E-04  0.20337116389005E-04 -0.15991504394409E-04 -0.18196146124109E-04  0.82152468503947E-06  0.32521378570160E-05  0.24446828949153E-04 -0.38663427273363E-06  0.39699037732046E-05
   0.26297068582725E-04  0.87930649357649E-05 -0.23239251802763E-03  0.61607193387569E-04  0.14827707162724E-03 -0.59193772204921E-04 -0.27242768210032E-04  0.76171871847074E-05  0.48567526704587E-05 -0.11646047513455E-03 -0.13206766109909E-03  0.74372459765335E-05 -0.13858383141217E-03 -0.99975431052119E-03  0.26047658835181E-04  0.28228389188229E-02  0.46202931280908E-03 -0.34977233768679E-03  0.64835016860148E-06  0.36161608044375E-03  0.25775013576653E-04 -0.36383148062153E-03  0.60723726121173E-04  0.96056349092452E-04  0.19437914931345E-04  0.50442475745132E-04  0.54820772115059E-04  0.16597080162506E-04  0.20135927861991E-04  0.37317497758920E-04  0.52794460950014E-04  0.56659272454576E-04  0.59503349866233E-05  0.16252633296001E-04  0.33271549509272E-04 -0.24644645379091E-04 -0.22826091814846E-04  0.77951853454704E-06  0.32789966935425E-05  0.24725424756579E-04  0.14567254438424E-04 -0.83189875744774E-05
  -0.87778640074715E-04 -0.35115809469727E-04  0.19022742832781E-02 -0.54620778383900E-04 -0.10179652984097E-03 -0.26285475150408E-03  0.48469074647762E-03  0.14473602883935E-05 -0.13869253561073E-06 -0.15739112080305E-02  0.46000198904195E-02  0.28943883494383E-04 -0.28683434014710E-03 -0.77085183403704E-02 -0.41162933424109E-04 -0.14617169911136E-03  0.71650024034846E-03 -0.17305542618962E-02  0.57729612649799E-06  0.33738328945842E-03  0.85132265511589E-04  0.93318058912319E-03 -0.65029817040056E-03  0.19649560921878E-04  0.44965503942942E-04  0.54820772115059E-04  0.77955324584817E-03  0.56210591689595E-04  0.50269063192505E-04  0.63824921147284E-04  0.30803294115882E-03  0.32552124262835E-03 -0.15746654716805E-04  0.46838642782951E-04  0.59537693782064E-04 -0.70283070138837E-04 -0.74960963617725E-04  0.21146856653165E-05  0.10529193387952E-04  0.77864583233025E-04  0.86237099857941E-05  0.27645583967146E-04
   0.32402149052006E-04  0.19720477460302E-05 -0.44636950663165E-03  0.37824406189227E-04  0.15640484683540E-03 -0.91111840977678E-04  0.11331629057294E-03  0.89762214052402E-05  0.62738893180363E-05  0.55008199365420E-04  0.55098363694713E-03 -0.25310809732379E-04  0.44207429716359E-03  0.76362130791122E-02 -0.29414934727714E-04 -0.17228605791257E-03  0.23599607049754E-03 -0.53838176858126E-03  0.10019726977493E-06 -0.71247279927895E-05 -0.14219394021278E-04  0.14072382175950E-03 -0.14524426126236E-03  0.65667848591376E-05  0.17705075567121E-04  0.16597080162505E-04  0.56210591689594E-04  0.57436568625237E-04  0.19534277197389E-04  0.18777056802688E-04  0.60914789173606E-04  0.59865402353100E-04  0.59906538950320E-05  0.19011312836954E-04  0.17535085693589E-04 -0.16961356718627E-04 -0.19241836911052E-04  0.89109526143201E-06  0.37904519663587E-05  0.26145288277484E-04 -0.23475809681233E-05  0.59081479119550E-05
