 Correlated errors treated separately from statistical errors
 BcdF2pCor  DIS data with   1.69< Q2 < 0.500D+03 and 0.000 < xB < 1.000 and   3.00< W2 < 0.100D+04 and 0.000 < y < 1.000
   GP TMC applied
   HT corrections, multiplicative C=C(xB)
 Correlated errors treated separately from statistical errors
 BcdF2dCor  DIS data with   1.69< Q2 < 0.500D+03 and 0.000 < xB < 1.000 and   3.00< W2 < 0.100D+04 and 0.000 < y < 1.000
   WBArel smearing  (WJC2) - KP off-shell param nuke corrections
   GP TMC applied
   HT corrections, multiplicative C=C(xB)
 Correlated errors added in quadrature with statistical errors
 slac_p     DIS data with   1.69< Q2 < 0.500D+03 and 0.000 < xB < 1.000 and   3.00< W2 < 0.100D+04 and 0.000 < y < 1.000
   GP TMC applied
   HT corrections, multiplicative C=C(xB)
 Correlated errors added in quadrature with statistical errors
 slac_d     DIS data with   1.69< Q2 < 0.500D+03 and 0.000 < xB < 1.000 and   3.00< W2 < 0.100D+04 and 0.000 < y < 1.000
   WBArel smearing  (WJC2) - KP off-shell param nuke corrections
   GP TMC applied
   HT corrections, multiplicative C=C(xB)
 Correlated errors added in quadrature with statistical errors
 jl00106F2p DIS data with   1.69< Q2 < 0.500D+03 and 0.000 < xB < 1.000 and   3.00< W2 < 0.100D+04 and 0.000 < y < 1.000
   GP TMC applied
   HT corrections, multiplicative C=C(xB)
 Correlated errors added in quadrature with statistical errors
 jl00106F2d DIS data with   1.69< Q2 < 0.500D+03 and 0.000 < xB < 1.000 and   3.00< W2 < 0.100D+04 and 0.000 < y < 1.000
   WBArel smearing  (WJC2) - KP off-shell param nuke corrections
   GP TMC applied
   HT corrections, multiplicative C=C(xB)
 Correlated errors treated separately from statistical errors
 NmcF2pCor  DIS data with   1.69< Q2 < 0.500D+03 and 0.000 < xB < 1.000 and   3.00< W2 < 0.100D+04 and 0.000 < y < 1.000
   GP TMC applied
   HT corrections, multiplicative C=C(xB)
 Correlated errors treated separately from statistical errors
 NmcRatCor  DIS data with   1.69< Q2 < 0.500D+03 and 0.000 < xB < 1.000 and   3.00< W2 < 0.100D+04 and 0.000 < y < 1.000
   WBArel smearing  (WJC2) - KP off-shell param nuke corrections
   GP TMC applied
   HT corrections, multiplicative C=C(xB)
 Correlated errors treated separately from statistical errors
 H_nc_el_c  DIS data with   1.69< Q2 < 0.100D+06 and 0.000 < xB < 1.000 and   3.00< W2 < 0.100D+08 and 0.000 < y < 1.000
   GP TMC applied
   HT corrections, multiplicative C=C(xB)
 Correlated errors treated separately from statistical errors
 H_nc_ps_c  DIS data with   1.69< Q2 < 0.100D+06 and 0.000 < xB < 1.000 and   3.00< W2 < 0.100D+08 and 0.000 < y < 1.000
   GP TMC applied
   HT corrections, multiplicative C=C(xB)
 Correlated errors treated separately from statistical errors
 H_cc_el_c  DIS data with   1.69< Q2 < 0.100D+06 and 0.000 < xB < 1.000 and   3.00< W2 < 0.100D+08 and 0.000 < y < 1.000
   GP TMC applied
   HT corrections, multiplicative C=C(xB)
 Correlated errors treated separately from statistical errors
 H_cc_ps_c  DIS data with   1.69< Q2 < 0.100D+06 and 0.000 < xB < 1.000 and   3.00< W2 < 0.100D+08 and 0.000 < y < 1.000
   GP TMC applied
   HT corrections, multiplicative C=C(xB)
 Correlated errors added in quadrature with statistical errors
 BNS_F2nd   DIS data with   1.69< Q2 < 0.100D+06 and 0.000 < xB < 1.000 and   3.00< W2 < 0.100D+08 and 0.000 < y < 1.000
   WBArel smearing  (WJC2) - KP off-shell param nuke corrections
   GP TMC applied
   HT corrections, multiplicative C=C(xB)
 Correlated errors added in quadrature with statistical errors
 e605       vector boson data with Q2 >=   0.00
 Correlated errors added in quadrature with statistical errors
 e866pp06xf vector boson data with Q2 >=  36.00
 Correlated errors added in quadrature with statistical errors
 e866pd06xf vector boson data with Q2 >=  36.00
 Correlated errors added in quadrature with statistical errors
 e866rat    vector boson data with Q2 >=   0.00
 Correlated errors added in quadrature with statistical errors
 cdfLasy05  vector boson data with Q2 >=   0.00
 Correlated errors added in quadrature with statistical errors
 d0Lasy_e15 vector boson data with Q2 >=   0.00
 Correlated errors added in quadrature with statistical errors
 CDF_Wasy   vector boson data with Q2 >=   0.00
 Correlated errors added in quadrature with statistical errors
 D0_Wasy    vector boson data with Q2 >=   0.00
 Correlated errors added in quadrature with statistical errors
 d0Lasy13   vector boson data with Q2 >=   0.00
 Correlated errors added in quadrature with statistical errors
 CDF_Z      vector boson data with Q2 >=   0.00
 Correlated errors added in quadrature with statistical errors
 D0_Z       vector boson data with Q2 >=   0.00
 Correlated errors added in quadrature with statistical errors
 d0run2coneJet data - errors added in quadrature
 Correlated errors added in quadrature with statistical errors
 CDFrun2jetJet data - errors added in quadrature
 Correlated errors added in quadrature with statistical errors
 d0_gamjet1 Photon data -- cuts to be written yet ...
 Correlated errors added in quadrature with statistical errors
 d0_gamjet2 Photon data -- cuts to be written yet ...
 Correlated errors added in quadrature with statistical errors
 d0_gamjet3 Photon data -- cuts to be written yet ...
 Correlated errors added in quadrature with statistical errors
 d0_gamjet4 Photon data -- cuts to be written yet ...

# fitpack10: fit output
# CJ15_WJC2                                                                    

Parametrization   7 used here

 S-ACOT scheme used  for NC DIS

 charm mass =     1.30 GeV     bottom mass =     4.50 GeV



 THIS IS A NEXT TO LEADING ORDER FIT

 Q02=    1.69
         1  LAMBDA      VALUE=   0.22680      WEIGHT=    0.0000    
         2  a0uv        VALUE=    2.4992      WEIGHT=    0.0000    
         3  a1uv        VALUE=   0.62338      WEIGHT=   0.38544E-01
         4  a2uv        VALUE=    3.5331      WEIGHT=   0.22785E-01
         5  a3uv        VALUE=    0.0000      WEIGHT=    0.0000    
         6  a4uv        VALUE=    3.2403      WEIGHT=   0.48605    
         7  a5uv        VALUE=    0.0000      WEIGHT=    0.0000    
         8  a0dv        VALUE=    23.078      WEIGHT=    0.0000    
         9  a1dv        VALUE=    1.1405      WEIGHT=   0.35169E-01
        10  a2dv        VALUE=    6.5926      WEIGHT=   0.16161    
        11  a3dv        VALUE=   -3.5426      WEIGHT=   0.93890E-01
        12  a4dv        VALUE=    4.8606      WEIGHT=   0.15796    
        13  a5dv        VALUE=    0.0000      WEIGHT=    0.0000    
        14  a0ud        VALUE=   0.14322      WEIGHT=   0.51056E-02
        15  a1ud        VALUE=  -0.21645      WEIGHT=   0.39322E-02
        16  a2ud        VALUE=    8.3890      WEIGHT=   0.15653    
        17  a3ud        VALUE=    0.0000      WEIGHT=    0.0000    
        18  a4ud        VALUE=    15.659      WEIGHT=    1.1632    
        19  a5ud        VALUE=    0.0000      WEIGHT=    0.0000    
        20  a0du        VALUE=    35712.      WEIGHT=    0.0000    
        21  a1du        VALUE=    3.9744      WEIGHT=   0.53487E-01
        22  a2du        VALUE=    20.307      WEIGHT=   0.68096    
        23  a3du        VALUE=    17.000      WEIGHT=    0.0000    
        24  a4du        VALUE=    46.763      WEIGHT=    5.2636    
        25  a0g         VALUE=    46.598      WEIGHT=    0.0000    
        26  a1g         VALUE=   0.61672      WEIGHT=   0.38244E-01
        27  a2g         VALUE=    6.1855      WEIGHT=    1.1772    
        28  a3g         VALUE=   -3.2497      WEIGHT=   0.17262    
        29  a4g         VALUE=    2.9810      WEIGHT=   0.30817    
        30  a5g         VALUE=    0.0000      WEIGHT=    0.0000    
        31  kappa       VALUE=   0.40000      WEIGHT=    0.0000    
        32  a6dv        VALUE=  -0.41537E-02  WEIGHT=   0.74758E-03
        33  a7dv        VALUE=    2.0000      WEIGHT=    0.0000    
        34  x0_KP       VALUE=   0.32900      WEIGHT=   0.89707E-01
        35  C_KP        VALUE=   0.97630E-01  WEIGHT=   0.29023E-01
        36  ht1         VALUE=   -2.9782      WEIGHT=   0.23859    
        37  ht2         VALUE=    1.7289      WEIGHT=   0.10261    
        38  ht3         VALUE=   -2.0871      WEIGHT=   0.27045E-01
        39  ht4         VALUE=    0.0000      WEIGHT=    0.0000    
        40  dummy40     VALUE=    0.0000      WEIGHT=    0.0000    
        41  dummy41     VALUE=    0.0000      WEIGHT=    0.0000    
        42  dummy42     VALUE=    0.0000      WEIGHT=    0.0000    
        43  dummy43     VALUE=    0.0000      WEIGHT=    0.0000    
        44  dummy44     VALUE=    0.0000      WEIGHT=    0.0000    
        45  dummy45     VALUE=    0.0000      WEIGHT=    0.0000    
        46  dummy46     VALUE=    0.0000      WEIGHT=    0.0000    
        47  dummy47     VALUE=    0.0000      WEIGHT=    0.0000    
        48  dummy48     VALUE=    0.0000      WEIGHT=    0.0000    
        49  dummy49     VALUE=    0.0000      WEIGHT=    0.0000    
        50  bcdmsh2     VALUE=   0.97335      WEIGHT=   0.54696E-02
        51  bcdmsd2     VALUE=   0.99612      WEIGHT=   0.61678E-02
        52  ccfr        VALUE=    1.0000      WEIGHT=    0.0000    
        53  nutev       VALUE=    1.0000      WEIGHT=    0.0000    
        54  zeus        VALUE=   0.97998      WEIGHT=    0.0000    
        55  h1          VALUE=    1.0162      WEIGHT=    0.0000    
        56  e605        VALUE=    1.0319      WEIGHT=   0.28168E-01
        57  NmcH2       VALUE=    1.0166      WEIGHT=   0.76221E-02
        58  ntv_nu      VALUE=    1.0000      WEIGHT=    0.0000    
        59  ntv_nubar   VALUE=    1.0000      WEIGHT=    0.0000    
        60  cdf_jet     VALUE=   0.98910      WEIGHT=    0.0000    
        61  d0_jet      VALUE=   0.83504      WEIGHT=    0.0000    
        62  slac_p      VALUE=    1.0041      WEIGHT=   0.56170E-02
        63  slac_d      VALUE=    1.0067      WEIGHT=   0.58266E-02
        64  e866pp      VALUE=   0.97702      WEIGHT=   0.18875E-01
        65  e866pd      VALUE=   0.99185      WEIGHT=   0.17294E-01
        66  d0_gamjet   VALUE=    1.0383      WEIGHT=   0.16556E-01
        67  h1b         VALUE=   0.97608      WEIGHT=    0.0000    
        68  jlab_p      VALUE=   0.99458      WEIGHT=   0.64986E-02
        69  jlab_d      VALUE=   0.97956      WEIGHT=   0.64393E-02
        70  blank       VALUE=    1.0000      WEIGHT=    0.0000    
        71  d0run2      VALUE=   0.93436      WEIGHT=   0.15710E-01
        72  cdfrun2     VALUE=   0.92014      WEIGHT=   0.18119E-01
        73  HERA_el     VALUE=   0.99986      WEIGHT=   0.34134E-02
        74  HERA_ps     VALUE=   0.99548      WEIGHT=   0.31439E-02
        75  CDF_Z       VALUE=   0.97653      WEIGHT=   0.69817E-02
        76  NmcRat      VALUE=    1.0000      WEIGHT=    0.0000    
        77  BNS_F2nd    VALUE=   0.98405      WEIGHT=   0.63432E-02
0THE TOLERANCE IS    0.5000
 THE MAXIMUM NUMBER OF STEPS IS 100
0THE INITIAL CHI SQUARED IS  3.9604E+03
0  STEP  CHI SQUARED    PARAMETER      VALUE         ERROR
 ------------------------------------------------------------
     1    3.9567E+03
                       1  LAMBDA     2.2680E-01       FIX 
                       2  a0uv       2.4594E+00       FIX 
                       3  a1uv       6.1965E-01           
                       4  a2uv       3.5359E+00           
                       5  a3uv       0.0000E+00       FIX 
                       6  a4uv       3.3202E+00           
                       7  a5uv       0.0000E+00       FIX 
                       8  a0dv       2.2592E+01       FIX 
                       9  a1dv       1.1358E+00           
                      10  a2dv       6.5475E+00           
                      11  a3dv      -3.5290E+00           
                      12  a4dv       4.8360E+00           
                      13  a5dv       0.0000E+00       FIX 
                      14  a0ud       1.4286E-01           
                      15  a1ud      -2.1669E-01           
                      16  a2ud       8.3992E+00           
                      17  a3ud       0.0000E+00       FIX 
                      18  a4ud       1.5740E+01           
                      19  a5ud       0.0000E+00       FIX 
                      20  a0du       3.5712E+04       FIX 
                      21  a1du       3.9764E+00           
                      22  a2du       2.0339E+01           
                      23  a3du       1.7000E+01       FIX 
                      24  a4du       4.6179E+01           
                      25  a0g        4.6258E+01       FIX 
                      26  a1g        6.1555E-01           
                      27  a2g        6.1562E+00           
                      28  a3g       -3.2479E+00           
                      29  a4g        2.9782E+00           
                      30  a5g        0.0000E+00       FIX 
                      31  kappa      4.0000E-01       FIX 
                      32  a6dv      -3.8987E-03           
                      33  a7dv       2.0000E+00       FIX 
                      34  x0_KP      2.9386E-01           
                      35  C_KP       7.6806E-02           
                      36  ht1       -3.0067E+00           
                      37  ht2        1.7379E+00           
                      38  ht3       -2.0897E+00           
                      39  ht4        0.0000E+00       FIX 
                      40  dummy40    0.0000E+00       FIX 
                      41  dummy41    0.0000E+00       FIX 
                      42  dummy42    0.0000E+00       FIX 
                      43  dummy43    0.0000E+00       FIX 
                      44  dummy44    0.0000E+00       FIX 
                      45  dummy45    0.0000E+00       FIX 
                      46  dummy46    0.0000E+00       FIX 
                      47  dummy47    0.0000E+00       FIX 
                      48  dummy48    0.0000E+00       FIX 
                      49  dummy49    0.0000E+00       FIX 
                      50  bcdmsh2    9.7283E-01           
                      51  bcdmsd2    9.9563E-01           
                      52  ccfr       1.0000E+00       FIX 
                      53  nutev      1.0000E+00       FIX 
                      54  zeus       9.7998E-01       FIX 
                      55  h1         1.0162E+00       FIX 
                      56  e605       1.0308E+00           
                      57  NmcH2      1.0160E+00           
                      58  ntv_nu     1.0000E+00       FIX 
                      59  ntv_nuba   1.0000E+00       FIX 
                      60  cdf_jet    9.8910E-01       FIX 
                      61  d0_jet     8.3504E-01       FIX 
                      62  slac_p     1.0035E+00           
                      63  slac_d     1.0063E+00           
                      64  e866pp     9.7694E-01           
                      65  e866pd     9.9124E-01           
                      66  d0_gamje   1.0380E+00           
                      67  h1b        9.7608E-01       FIX 
                      68  jlab_p     9.9456E-01           
                      69  jlab_d     9.7886E-01           
                      70  blank      1.0000E+00       FIX 
                      71  d0run2     9.3470E-01           
                      72  cdfrun2    9.2070E-01           
                      73  HERA_el    9.9983E-01           
                      74  HERA_ps    9.9538E-01           
                      75  CDF_Z      9.7573E-01           
                      76  NmcRat     1.0000E+00       FIX 
                      77  BNS_F2nd   9.8387E-01           
 ------------------------------------------------------------
     2    3.9564E+03
                       1  LAMBDA     2.2680E-01    0.0000E+00
                       2  a0uv       2.3542E+00    0.0000E+00
                       3  a1uv       6.0932E-01    2.0003E-02
                       4  a2uv       3.5383E+00    1.1373E-02
                       5  a3uv       0.0000E+00    0.0000E+00
                       6  a4uv       3.5234E+00    4.2058E-01
                       7  a5uv       0.0000E+00    0.0000E+00
                       8  a0dv       2.1855E+01    0.0000E+00
                       9  a1dv       1.1267E+00    3.4950E-02
                      10  a2dv       6.5287E+00    1.6073E-01
                      11  a3dv      -3.5306E+00    9.3560E-02
                      12  a4dv       4.8638E+00    1.5024E-01
                      13  a5dv       0.0000E+00    0.0000E+00
                      14  a0ud       1.4159E-01    5.0541E-03
                      15  a1ud      -2.1755E-01    3.9409E-03
                      16  a2ud       8.4162E+00    1.4959E-01
                      17  a3ud       0.0000E+00    0.0000E+00
                      18  a4ud       1.6039E+01    1.1507E+00
                      19  a5ud       0.0000E+00    0.0000E+00
                      20  a0du       3.5712E+04    0.0000E+00
                      21  a1du       3.9787E+00    4.9724E-02
                      22  a2du       2.0372E+01    6.6862E-01
                      23  a3du       1.7000E+01    0.0000E+00
                      24  a4du       4.5662E+01    5.2906E+00
                      25  a0g        4.5305E+01    0.0000E+00
                      26  a1g        6.1182E-01    3.8204E-02
                      27  a2g        6.1305E+00    1.1533E+00
                      28  a3g       -3.2388E+00    1.6935E-01
                      29  a4g        2.9710E+00    3.0583E-01
                      30  a5g        0.0000E+00    0.0000E+00
                      31  kappa      4.0000E-01    0.0000E+00
                      32  a6dv      -3.9687E-03    7.4092E-04
                      33  a7dv       2.0000E+00    0.0000E+00
                      34  x0_KP      2.8300E-01    1.0620E-01
                      35  C_KP       7.6919E-02    2.8451E-02
                      36  ht1       -3.0284E+00    2.4478E-01
                      37  ht2        1.7563E+00    1.0386E-01
                      38  ht3       -2.0892E+00    2.8024E-02
                      39  ht4        0.0000E+00    0.0000E+00
                      40  dummy40    0.0000E+00    0.0000E+00
                      41  dummy41    0.0000E+00    0.0000E+00
                      42  dummy42    0.0000E+00    0.0000E+00
                      43  dummy43    0.0000E+00    0.0000E+00
                      44  dummy44    0.0000E+00    0.0000E+00
                      45  dummy45    0.0000E+00    0.0000E+00
                      46  dummy46    0.0000E+00    0.0000E+00
                      47  dummy47    0.0000E+00    0.0000E+00
                      48  dummy48    0.0000E+00    0.0000E+00
                      49  dummy49    0.0000E+00    0.0000E+00
                      50  bcdmsh2    9.7163E-01    5.4383E-03
                      51  bcdmsd2    9.9456E-01    6.1587E-03
                      52  ccfr       1.0000E+00    0.0000E+00
                      53  nutev      1.0000E+00    0.0000E+00
                      54  zeus       9.7998E-01    0.0000E+00
                      55  h1         1.0162E+00    0.0000E+00
                      56  e605       1.0325E+00    2.7987E-02
                      57  NmcH2      1.0152E+00    7.5574E-03
                      58  ntv_nu     1.0000E+00    0.0000E+00
                      59  ntv_nuba   1.0000E+00    0.0000E+00
                      60  cdf_jet    9.8910E-01    0.0000E+00
                      61  d0_jet     8.3504E-01    0.0000E+00
                      62  slac_p     1.0024E+00    5.4969E-03
                      63  slac_d     1.0053E+00    5.8261E-03
                      64  e866pp     9.7878E-01    1.8507E-02
                      65  e866pd     9.9263E-01    1.7043E-02
                      66  d0_gamje   1.0370E+00    1.6537E-02
                      67  h1b        9.7608E-01    0.0000E+00
                      68  jlab_p     9.9352E-01    6.3283E-03
                      69  jlab_d     9.7804E-01    6.4115E-03
                      70  blank      1.0000E+00    0.0000E+00
                      71  d0run2     9.3563E-01    1.5669E-02
                      72  cdfrun2    9.2188E-01    1.8093E-02
                      73  HERA_el    9.9977E-01    3.4134E-03
                      74  HERA_ps    9.9514E-01    3.1420E-03
                      75  CDF_Z      9.7406E-01    6.8407E-03
                      76  NmcRat     1.0000E+00    0.0000E+00
                      77  BNS_F2nd   9.8371E-01    6.1743E-03
0 MINIMIZATION TERMINATED WITH STEP  2
  TOLERANCE CRITERION      SATISFIED
0 CHI SQUARED PER DEGREE OF FREEDOM IS  9.899E-01
   1.000 -0.299 -0.976  0.311  0.013  0.220 -0.435  0.488  0.431 -0.250 -0.511 -0.104 -0.088  0.073  0.148  0.073  0.043 -0.068  0.260  0.164 -0.065  0.114 -0.263  0.056  0.440  0.310 -0.100  0.211  0.443  0.327 -0.169 -0.110  0.115  0.347  0.268 -0.152 -0.146  0.036  0.141  0.460  0.086
  -0.299  1.000  0.463  0.229  0.343 -0.221  0.183 -0.070 -0.064  0.298  0.198  0.155 -0.037  0.056 -0.029  0.049  0.091 -0.045 -0.267 -0.044  0.047 -0.543  0.346  0.268  0.131  0.087 -0.137  0.043  0.028  0.065  0.108  0.052  0.005  0.116  0.144 -0.052 -0.025  0.000  0.004  0.021 -0.074
  -0.976  0.463  1.000 -0.221  0.064 -0.254  0.440 -0.451 -0.401  0.297  0.534  0.128  0.089 -0.044 -0.128 -0.027  0.000  0.046 -0.269 -0.144  0.072 -0.199  0.309  0.031 -0.306 -0.202  0.110 -0.138 -0.307 -0.200  0.257  0.196 -0.099 -0.224 -0.152  0.106  0.108 -0.029 -0.110 -0.353 -0.076
   0.311  0.229 -0.221  1.000  0.826 -0.620 -0.037  0.160  0.119 -0.069 -0.164  0.194 -0.184  0.183  0.355  0.329 -0.131  0.254  0.299  0.081 -0.025 -0.245  0.142  0.244  0.319  0.248 -0.041  0.137  0.324  0.285  0.036 -0.008  0.045  0.269  0.201 -0.101 -0.089  0.022  0.109  0.293  0.054
   0.013  0.343  0.064  0.826  1.000 -0.876  0.486 -0.047 -0.060  0.189  0.138  0.073 -0.037  0.212  0.218  0.194 -0.185  0.250 -0.091 -0.008  0.063 -0.145  0.018  0.125  0.166  0.149 -0.039  0.127  0.112  0.133  0.089  0.057  0.008  0.103  0.048 -0.021 -0.027  0.011  0.060  0.164  0.021
   0.220 -0.221 -0.254 -0.620 -0.876  1.000 -0.719  0.231  0.222 -0.199 -0.321  0.039 -0.018 -0.328 -0.137 -0.200  0.143 -0.245  0.002 -0.092 -0.153  0.166 -0.101 -0.126 -0.035 -0.060 -0.088 -0.130  0.002 -0.050 -0.165 -0.164  0.027  0.004  0.019 -0.005 -0.005 -0.002 -0.017 -0.056 -0.122
  -0.435  0.183  0.440 -0.037  0.486 -0.719  1.000 -0.353 -0.314  0.434  0.559 -0.232  0.234  0.188 -0.140 -0.059 -0.048  0.040 -0.376  0.025  0.233  0.024 -0.082 -0.029 -0.106 -0.031  0.078  0.107 -0.173 -0.075  0.210  0.252 -0.052 -0.138 -0.113  0.054  0.043 -0.007 -0.035 -0.059  0.103
   0.488 -0.070 -0.451  0.160 -0.047  0.231 -0.353  1.000  0.973 -0.356 -0.806  0.059 -0.094 -0.081 -0.128  0.010  0.221 -0.172  0.122  0.022 -0.083 -0.063  0.013  0.099  0.319  0.255  0.028  0.231  0.328  0.276  0.006  0.015  0.112  0.263  0.235 -0.000  0.001  0.023  0.098  0.359  0.017
   0.431 -0.064 -0.401  0.119 -0.060  0.222 -0.314  0.973  1.000 -0.313 -0.764  0.044 -0.078 -0.081 -0.219 -0.048  0.233 -0.204  0.098  0.013 -0.078 -0.057  0.015  0.078  0.270  0.214  0.013  0.208  0.273  0.226 -0.011 -0.003  0.101  0.219  0.194  0.018  0.014  0.018  0.018  0.297  0.008
  -0.250  0.298  0.297 -0.069  0.189 -0.199  0.434 -0.356 -0.313  1.000  0.683 -0.192  0.310 -0.052 -0.083 -0.287 -0.393  0.189 -0.280 -0.226  0.025  0.189 -0.143 -0.273 -0.092 -0.038 -0.416  0.039 -0.112 -0.067 -0.005 -0.002 -0.017 -0.057 -0.059  0.244  0.144 -0.012 -0.073 -0.118 -0.171
  -0.511  0.198  0.534 -0.164  0.138 -0.321  0.559 -0.806 -0.764  0.683  1.000 -0.143  0.249  0.041 -0.012 -0.158 -0.239  0.087 -0.229 -0.119  0.163  0.175 -0.181 -0.136 -0.071  0.020  0.084  0.064 -0.069  0.038  0.330  0.365 -0.095 -0.042  0.029 -0.000 -0.036 -0.004 -0.028 -0.036 -0.026
  -0.104  0.155  0.128  0.194  0.073  0.039 -0.232  0.059  0.044 -0.192 -0.143  1.000 -0.823 -0.296  0.134  0.065 -0.041  0.058  0.076  0.022 -0.004 -0.121  0.144  0.063 -0.038 -0.002  0.023 -0.051  0.000  0.019  0.103 -0.046 -0.009  0.016  0.019 -0.005 -0.001 -0.001  0.008 -0.020  0.072
  -0.088 -0.037  0.089 -0.184 -0.037 -0.018  0.234 -0.094 -0.078  0.310  0.249 -0.823  1.000  0.199 -0.162 -0.136  0.045 -0.113 -0.170 -0.127 -0.107  0.137 -0.172 -0.087  0.066  0.018 -0.010  0.066  0.041 -0.004  0.108  0.126  0.002  0.038 -0.010 -0.009 -0.019  0.004  0.016  0.018 -0.146
   0.073  0.056 -0.044  0.183  0.212 -0.328  0.188 -0.081 -0.081 -0.052  0.041 -0.296  0.199  1.000  0.075  0.198 -0.040  0.158  0.112  0.389  0.051 -0.061  0.060  0.046  0.146 -0.011  0.093  0.193  0.150 -0.010  0.105  0.056  0.031  0.120 -0.014 -0.014 -0.007  0.011  0.040  0.023  0.112
   0.148 -0.029 -0.128  0.355  0.218 -0.137 -0.140 -0.128 -0.219 -0.083 -0.012  0.134 -0.162  0.075  1.000  0.682 -0.492  0.742  0.171  0.053 -0.020  0.012  0.047  0.041  0.106  0.077 -0.008 -0.091  0.142  0.120 -0.056 -0.072  0.023  0.101  0.089 -0.012  0.004  0.010  0.041  0.086  0.019
   0.073  0.049 -0.027  0.329  0.194 -0.200 -0.059  0.010 -0.048 -0.287 -0.158  0.065 -0.136  0.198  0.682  1.000  0.096  0.494  0.190  0.166 -0.050 -0.258  0.361  0.342  0.152  0.105  0.041 -0.009  0.242  0.209  0.028  0.028  0.036  0.165  0.159 -0.226 -0.096  0.013  0.066  0.098  0.129
   0.043  0.091  0.000 -0.131 -0.185  0.143 -0.048  0.221  0.233 -0.393 -0.239 -0.041  0.045 -0.040 -0.492  0.096  1.000 -0.798  0.018  0.145 -0.044 -0.381  0.283  0.488  0.146  0.113  0.133  0.157  0.205  0.192  0.205  0.231  0.006  0.161  0.171 -0.494 -0.318  0.021  0.097  0.235  0.180
  -0.068 -0.045  0.046  0.254  0.250 -0.245  0.040 -0.172 -0.204  0.189  0.087  0.058 -0.113  0.158  0.742  0.494 -0.798  1.000  0.068 -0.044 -0.007  0.163  0.027 -0.253 -0.119 -0.109 -0.140 -0.183 -0.123 -0.131 -0.226 -0.254  0.020 -0.115 -0.129  0.372  0.289 -0.020 -0.088 -0.261 -0.104
   0.260 -0.267 -0.269  0.299 -0.091  0.002 -0.376  0.122  0.098 -0.280 -0.229  0.076 -0.170  0.112  0.171  0.190  0.018  0.068  1.000  0.297  0.287 -0.244  0.266  0.240  0.147  0.085  0.074  0.047  0.209  0.156 -0.022 -0.012  0.024  0.149  0.170 -0.098 -0.069  0.011  0.049  0.135  0.142
   0.164 -0.044 -0.144  0.081 -0.008 -0.092  0.025  0.022  0.013 -0.226 -0.119  0.022 -0.127  0.389  0.053  0.166  0.145 -0.044  0.297  1.000  0.336 -0.040  0.048  0.159  0.159 -0.093  0.089  0.080  0.170 -0.088  0.049  0.038  0.022  0.099 -0.076 -0.118 -0.080  0.010  0.034  0.089  0.465
  -0.065  0.047  0.072 -0.025  0.063 -0.153  0.233 -0.083 -0.078  0.025  0.163 -0.004 -0.107  0.051 -0.020 -0.050 -0.044 -0.007  0.287  0.336  1.000  0.039 -0.025  0.085  0.054  0.038  0.172  0.090 -0.011  0.157  0.118  0.183 -0.028 -0.126  0.215 -0.055 -0.049  0.006  0.034  0.118  0.099
   0.114 -0.543 -0.199 -0.245 -0.145  0.166  0.024 -0.063 -0.057  0.189  0.175 -0.121  0.137 -0.061  0.012 -0.258 -0.381  0.163 -0.244 -0.040  0.039  1.000 -0.828 -0.555 -0.043 -0.026  0.079  0.035 -0.052 -0.056  0.053  0.084 -0.008 -0.154 -0.162  0.192  0.091  0.000 -0.001  0.028 -0.060
  -0.263  0.346  0.309  0.142  0.018 -0.101 -0.082  0.013  0.015 -0.143 -0.181  0.144 -0.172  0.060  0.047  0.361  0.283  0.027  0.266  0.048 -0.025 -0.828  1.000  0.331 -0.116 -0.114 -0.178 -0.148  0.022  0.023 -0.156 -0.200  0.010  0.046  0.087 -0.031  0.047 -0.018 -0.080 -0.253  0.022
   0.056  0.268  0.031  0.244  0.125 -0.126 -0.029  0.099  0.078 -0.273 -0.136  0.063 -0.087  0.046  0.041  0.342  0.488 -0.253  0.240  0.159  0.085 -0.555  0.331  1.000  0.246  0.204  0.112  0.103  0.112  0.130  0.168  0.185  0.014  0.010  0.072 -0.357 -0.233  0.020  0.093  0.249  0.160
   0.440  0.131 -0.306  0.319  0.166 -0.035 -0.106  0.319  0.270 -0.092 -0.071 -0.038  0.066  0.146  0.106  0.152  0.146 -0.119  0.147  0.159  0.054 -0.043 -0.116  0.246  1.000  0.595  0.319  0.433  0.754  0.699  0.467  0.511  0.092  0.620  0.590 -0.222 -0.204  0.045  0.195  0.666  0.134
   0.310  0.087 -0.202  0.248  0.149 -0.060 -0.031  0.255  0.214 -0.038  0.020 -0.002  0.018 -0.011  0.077  0.105  0.113 -0.109  0.085 -0.093  0.038 -0.026 -0.114  0.204  0.595  1.000  0.338  0.396  0.642  0.703  0.467  0.535  0.062  0.527  0.593 -0.194 -0.183  0.039  0.178  0.617  0.062
  -0.100 -0.137  0.110 -0.041 -0.039 -0.088  0.078  0.028  0.013 -0.416  0.084  0.023 -0.010  0.093 -0.008  0.041  0.133 -0.140  0.074  0.089  0.172  0.079 -0.178  0.112  0.319  0.338  1.000  0.279  0.339  0.407  0.584  0.642 -0.021  0.253  0.341 -0.180 -0.156  0.024  0.125  0.399  0.154
   0.211  0.043 -0.138  0.137  0.127 -0.130  0.107  0.231  0.208  0.039  0.064 -0.051  0.066  0.193 -0.091 -0.009  0.157 -0.183  0.047  0.080  0.090  0.035 -0.148  0.103  0.433  0.396  0.279  1.000  0.466  0.468  0.440  0.480  0.047  0.380  0.392 -0.157 -0.147  0.034  0.160  0.507  0.105
   0.443  0.028 -0.307  0.324  0.112  0.002 -0.173  0.328  0.273 -0.112 -0.069  0.000  0.041  0.150  0.142  0.242  0.205 -0.123  0.209  0.170 -0.011 -0.052  0.022  0.112  0.754  0.642  0.339  0.466  1.000  0.866  0.533  0.576  0.095  0.793  0.739 -0.266 -0.235  0.049  0.214  0.709  0.163
   0.327  0.065 -0.200  0.285  0.133 -0.050 -0.075  0.276  0.226 -0.067  0.038  0.019 -0.004 -0.010  0.120  0.209  0.192 -0.131  0.156 -0.088  0.157 -0.056  0.023  0.130  0.699  0.703  0.407  0.468  0.866  1.000  0.578  0.661  0.065  0.701  0.848 -0.278 -0.245  0.047  0.219  0.732  0.078
  -0.169  0.108  0.257  0.036  0.089 -0.165  0.210  0.006 -0.011 -0.005  0.330  0.103  0.108  0.105 -0.056  0.028  0.205 -0.226 -0.022  0.049  0.118  0.053 -0.156  0.168  0.467  0.467  0.584  0.440  0.533  0.578  1.000  0.799 -0.005  0.433  0.477 -0.251 -0.222  0.037  0.184  0.548  0.138
  -0.110  0.052  0.196 -0.008  0.057 -0.164  0.252  0.015 -0.003 -0.002  0.365 -0.046  0.126  0.056 -0.072  0.028  0.231 -0.254 -0.012  0.038  0.183  0.084 -0.200  0.185  0.511  0.535  0.642  0.480  0.576  0.661  0.799  1.000 -0.007  0.457  0.548 -0.278 -0.246  0.040  0.196  0.634  0.162
   0.115  0.005 -0.099  0.045  0.008  0.027 -0.052  0.112  0.101 -0.017 -0.095 -0.009  0.002  0.031  0.023  0.036  0.006  0.020  0.024  0.022 -0.028 -0.008  0.010  0.014  0.092  0.062 -0.021  0.047  0.095  0.065 -0.005 -0.007  1.000  0.078  0.054  0.031  0.025  0.003  0.003  0.052 -0.002
   0.347  0.116 -0.224  0.269  0.103  0.004 -0.138  0.263  0.219 -0.057 -0.042  0.016  0.038  0.120  0.101  0.165  0.161 -0.115  0.149  0.099 -0.126 -0.154  0.046  0.010  0.620  0.527  0.253  0.380  0.793  0.701  0.433  0.457  0.078  1.000  0.652 -0.212 -0.190  0.040  0.173  0.574  0.122
   0.268  0.144 -0.152  0.201  0.048  0.019 -0.113  0.235  0.194 -0.059  0.029  0.019 -0.010 -0.014  0.089  0.159  0.171 -0.129  0.170 -0.076  0.215 -0.162  0.087  0.072  0.590  0.593  0.341  0.392  0.739  0.848  0.477  0.548  0.054  0.652  1.000 -0.244 -0.212  0.040  0.185  0.615  0.046
  -0.152 -0.052  0.106 -0.101 -0.021 -0.005  0.054 -0.000  0.018  0.244 -0.000 -0.005 -0.009 -0.014 -0.012 -0.226 -0.494  0.372 -0.098 -0.118 -0.055  0.192 -0.031 -0.357 -0.222 -0.194 -0.180 -0.157 -0.266 -0.278 -0.251 -0.278  0.031 -0.212 -0.244  1.000  0.378 -0.035 -0.174 -0.375 -0.156
  -0.146 -0.025  0.108 -0.089 -0.027 -0.005  0.043  0.001  0.014  0.144 -0.036 -0.001 -0.019 -0.007  0.004 -0.096 -0.318  0.289 -0.069 -0.080 -0.049  0.091  0.047 -0.233 -0.204 -0.183 -0.156 -0.147 -0.235 -0.245 -0.222 -0.246  0.025 -0.190 -0.212  0.378  1.000 -0.029 -0.144 -0.328 -0.114
   0.036  0.000 -0.029  0.022  0.011 -0.002 -0.007  0.023  0.018 -0.012 -0.004 -0.001  0.004  0.011  0.010  0.013  0.021 -0.020  0.011  0.010  0.006  0.000 -0.018  0.020  0.045  0.039  0.024  0.034  0.049  0.047  0.037  0.040  0.003  0.040  0.040 -0.035 -0.029  1.000  0.023  0.058  0.013
   0.141  0.004 -0.110  0.109  0.060 -0.017 -0.035  0.098  0.018 -0.073 -0.028  0.008  0.016  0.040  0.041  0.066  0.097 -0.088  0.049  0.034  0.034 -0.001 -0.080  0.093  0.195  0.178  0.125  0.160  0.214  0.219  0.184  0.196  0.003  0.173  0.185 -0.174 -0.144  0.023  1.000  0.280  0.056
   0.460  0.021 -0.353  0.293  0.164 -0.056 -0.059  0.359  0.297 -0.118 -0.036 -0.020  0.018  0.023  0.086  0.098  0.235 -0.261  0.135  0.089  0.118  0.028 -0.253  0.249  0.666  0.617  0.399  0.507  0.709  0.732  0.548  0.634  0.052  0.574  0.615 -0.375 -0.328  0.058  0.280  1.000  0.166
   0.086 -0.074 -0.076  0.054  0.021 -0.122  0.103  0.017  0.008 -0.171 -0.026  0.072 -0.146  0.112  0.019  0.129  0.180 -0.104  0.142  0.465  0.099 -0.060  0.022  0.160  0.134  0.062  0.154  0.105  0.163  0.078  0.138  0.162 -0.002  0.122  0.046 -0.156 -0.114  0.013  0.056  0.166  1.000

0                ***   ***   ***  ***   ***   ***



 sum r(k)**2, r(k)=1,K
       17.286  -0.197E+01  -0.233E+01   0.107E+01  -0.245E+01  -0.926E+00



     X        Q2         W2       THEORY         DATA         ERROR        chi^2     _w    ITYPE
.7000E-01     7.500  0.101E+03   0.40588E+00   0.41683E+00    0.62000E-02  -3.12          BcdF2pCor 
.7000E-01     8.750  0.117E+03   0.40988E+00   0.40305E+00    0.55000E-02   1.54          BcdF2pCor 
.1000E+00     7.500  0.684E+02   0.39179E+00   0.38602E+00    0.43000E-02   1.80          BcdF2pCor 
.1000E+00     8.750  0.796E+02   0.39382E+00   0.39062E+00    0.36000E-02   0.79          BcdF2pCor 
.1000E+00    10.250  0.931E+02   0.39583E+00   0.38998E+00    0.37000E-02   2.50          BcdF2pCor 
.1400E+00     8.750  0.546E+02   0.37598E+00   0.37477E+00    0.39000E-02   0.10          BcdF2pCor 
.1400E+00    10.250  0.638E+02   0.37615E+00   0.37591E+00    0.40000E-02   0.00          BcdF2pCor 
.1400E+00    11.750  0.731E+02   0.37631E+00   0.37351E+00    0.43000E-02   0.42          BcdF2pCor 
.1400E+00    13.250  0.823E+02   0.37628E+00   0.36935E+00    0.47000E-02   2.17          BcdF2pCor 
.1400E+00    15.000  0.930E+02   0.37615E+00   0.37684E+00    0.49000E-02  -0.02          BcdF2pCor 
.1800E+00     8.750  0.407E+02   0.35852E+00   0.36719E+00    0.49000E-02  -3.13          BcdF2pCor 
.1800E+00    10.250  0.476E+02   0.35752E+00   0.36349E+00    0.48000E-02  -1.55          BcdF2pCor 
.1800E+00    11.750  0.544E+02   0.35659E+00   0.36387E+00    0.50000E-02  -2.12          BcdF2pCor 
.1800E+00    13.250  0.612E+02   0.35571E+00   0.36183E+00    0.54000E-02  -1.29          BcdF2pCor 
.1800E+00    15.000  0.692E+02   0.35472E+00   0.36359E+00    0.53000E-02  -2.80          BcdF2pCor 
.1800E+00    17.000  0.783E+02   0.35373E+00   0.35840E+00    0.58000E-02  -0.65          BcdF2pCor 
.2250E+00    10.250  0.362E+02   0.33382E+00   0.33899E+00    0.48000E-02  -1.16          BcdF2pCor 
.2250E+00    11.750  0.414E+02   0.33198E+00   0.34442E+00    0.50000E-02  -6.19          BcdF2pCor 
.2250E+00    13.250  0.465E+02   0.33035E+00   0.33659E+00    0.52000E-02  -1.44          BcdF2pCor 
.2250E+00    15.000  0.525E+02   0.32862E+00   0.33585E+00    0.49000E-02  -2.18          BcdF2pCor 
.2250E+00    17.000  0.594E+02   0.32683E+00   0.32103E+00    0.52000E-02   1.25          BcdF2pCor 
.2250E+00    19.000  0.663E+02   0.32528E+00   0.32290E+00    0.58000E-02   0.17          BcdF2pCor 
.2250E+00    21.500  0.749E+02   0.32349E+00   0.31368E+00    0.56000E-02   3.07          BcdF2pCor 
.2250E+00    24.500  0.853E+02   0.32155E+00   0.32341E+00    0.53000E-02  -0.12          BcdF2pCor 
.2250E+00    28.000  0.973E+02   0.31964E+00   0.31627E+00    0.54000E-02   0.39          BcdF2pCor 
.2750E+00    10.250  0.279E+02   0.30258E+00   0.30800E+00    0.54000E-02  -1.01          BcdF2pCor 
.2750E+00    11.750  0.319E+02   0.30002E+00   0.30066E+00    0.55000E-02  -0.01          BcdF2pCor 
.2750E+00    13.250  0.358E+02   0.29774E+00   0.30282E+00    0.58000E-02  -0.77          BcdF2pCor 
.2750E+00    15.000  0.404E+02   0.29539E+00   0.30511E+00    0.53000E-02  -3.36          BcdF2pCor 
.2750E+00    17.000  0.457E+02   0.29302E+00   0.30531E+00    0.57000E-02  -4.65          BcdF2pCor 
.2750E+00    19.000  0.510E+02   0.29090E+00   0.29226E+00    0.59000E-02  -0.05          BcdF2pCor 
.2750E+00    21.500  0.576E+02   0.28859E+00   0.30044E+00    0.56000E-02  -4.47          BcdF2pCor 
.2750E+00    24.500  0.655E+02   0.28613E+00   0.27903E+00    0.50000E-02   2.02          BcdF2pCor 
.2750E+00    28.000  0.747E+02   0.28366E+00   0.28926E+00    0.51000E-02  -1.20          BcdF2pCor 
.2750E+00    32.500  0.866E+02   0.28099E+00   0.28291E+00    0.48000E-02  -0.16          BcdF2pCor 
.2750E+00    37.500  0.997E+02   0.27842E+00   0.27122E+00    0.59000E-02   1.49          BcdF2pCor 
.3500E+00    11.750  0.227E+02   0.24519E+00   0.24569E+00    0.43000E-02  -0.01          BcdF2pCor 
.3500E+00    13.250  0.255E+02   0.24236E+00   0.23831E+00    0.43000E-02   0.89          BcdF2pCor 
.3500E+00    15.000  0.287E+02   0.23944E+00   0.23526E+00    0.38000E-02   1.21          BcdF2pCor 
.3500E+00    17.000  0.325E+02   0.23656E+00   0.24091E+00    0.41000E-02  -1.12          BcdF2pCor 
.3500E+00    19.000  0.362E+02   0.23403E+00   0.22618E+00    0.42000E-02   3.50          BcdF2pCor 
.3500E+00    21.500  0.408E+02   0.23127E+00   0.23557E+00    0.39000E-02  -1.22          BcdF2pCor 
.3500E+00    24.500  0.464E+02   0.22842E+00   0.22560E+00    0.28000E-02   1.02          BcdF2pCor 
.3500E+00    28.000  0.529E+02   0.22556E+00   0.22661E+00    0.35000E-02  -0.09          BcdF2pCor 
.3500E+00    32.500  0.612E+02   0.22247E+00   0.22011E+00    0.32000E-02   0.55          BcdF2pCor 
.3500E+00    37.500  0.705E+02   0.21956E+00   0.21968E+00    0.35000E-02  -0.00          BcdF2pCor 
.3500E+00    43.000  0.807E+02   0.21683E+00   0.21660E+00    0.37000E-02   0.00          BcdF2pCor 
.4500E+00    11.750  0.152E+02   0.17027E+00   0.16715E+00    0.41000E-02   0.58          BcdF2pCor 
.4500E+00    13.250  0.171E+02   0.16722E+00   0.16325E+00    0.43000E-02   0.85          BcdF2pCor 
.4500E+00    15.000  0.192E+02   0.16415E+00   0.16198E+00    0.38000E-02   0.32          BcdF2pCor 
.4500E+00    17.000  0.217E+02   0.16116E+00   0.15875E+00    0.40000E-02   0.36          BcdF2pCor 
.4500E+00    19.000  0.241E+02   0.15857E+00   0.15971E+00    0.43000E-02  -0.07          BcdF2pCor 
.4500E+00    21.500  0.272E+02   0.15580E+00   0.14982E+00    0.36000E-02   2.75          BcdF2pCor 
.4500E+00    24.500  0.308E+02   0.15298E+00   0.14785E+00    0.26000E-02   3.89          BcdF2pCor 
.4500E+00    28.000  0.351E+02   0.15020E+00   0.14265E+00    0.31000E-02   5.93          BcdF2pCor 
.4500E+00    32.500  0.406E+02   0.14722E+00   0.14604E+00    0.28000E-02   0.18          BcdF2pCor 
.4500E+00    37.500  0.467E+02   0.14445E+00   0.14729E+00    0.31000E-02  -0.84          BcdF2pCor 
.4500E+00    43.000  0.534E+02   0.14189E+00   0.14326E+00    0.31000E-02  -0.19          BcdF2pCor 
.4500E+00    49.500  0.614E+02   0.13933E+00   0.13622E+00    0.31000E-02   1.01          BcdF2pCor 
.4500E+00    57.000  0.705E+02   0.13687E+00   0.13821E+00    0.36000E-02  -0.14          BcdF2pCor 
.5500E+00    11.750  0.105E+02   0.10492E+00   0.10129E+00    0.32000E-02   1.29          BcdF2pCor 
.5500E+00    13.250  0.117E+02   0.10210E+00   0.95416E-01    0.33000E-02   4.10          BcdF2pCor 
.5500E+00    15.000  0.132E+02   0.99310E-01   0.97057E-01    0.31000E-02   0.53          BcdF2pCor 
.5500E+00    17.000  0.148E+02   0.96662E-01   0.90989E-01    0.31000E-02   3.35          BcdF2pCor 
.5500E+00    19.000  0.164E+02   0.94412E-01   0.88500E-01    0.32000E-02   3.41          BcdF2pCor 
.5500E+00    21.500  0.185E+02   0.92047E-01   0.87960E-01    0.29000E-02   1.99          BcdF2pCor 
.5500E+00    24.500  0.209E+02   0.89693E-01   0.89176E-01    0.21000E-02   0.06          BcdF2pCor 
.5500E+00    28.000  0.238E+02   0.87401E-01   0.84154E-01    0.20000E-02   2.64          BcdF2pCor 
.5500E+00    32.500  0.275E+02   0.84993E-01   0.87906E-01    0.24000E-02  -1.47          BcdF2pCor 
.5500E+00    37.500  0.316E+02   0.82789E-01   0.83561E-01    0.25000E-02  -0.10          BcdF2pCor 
.5500E+00    43.000  0.361E+02   0.80789E-01   0.82264E-01    0.25000E-02  -0.35          BcdF2pCor 
