# fitpack10: fit parameters                                                                         
# CJ15_AV18                                                                                         
# Created on 06/25/2015 at 15:34:36                                                                 

 # QCD setup
  INS	                    0
  NVL                          11
  IORD                          1
  Q02                   1.6899999999999999     
  IPARAMC                       7
  FLAVOR                4.0000000000000000     
  xmc                   1.3000000000000000     
  xmb                   4.5000000000000000     
  ncb                          12

 # Theory corrections
  inuke                     10324
  itmc                          1
  iht                           1

 # fit parameters
 LAMBDA       0.22680        0.0000    
 a0uv          2.3232        0.0000    
 a1uv         0.60621       0.20538E-01
 a2uv          3.5356       0.11269E-01
 a3uv          0.0000        0.0000    
 a4uv          3.5780       0.43931    
 a5uv          0.0000        0.0000    
 a0dv          23.547        0.0000    
 a1dv          1.1401       0.34101E-01
 a2dv          6.6866       0.15738    
 a3dv         -3.6032       0.88379E-01
 a4dv          4.9853       0.14525    
 a5dv          0.0000        0.0000    
 a0ud         0.14059       0.50257E-02
 a1ud        -0.21826       0.39469E-02
 a2ud          8.4094       0.14605    
 a3ud          0.0000        0.0000    
 a4ud          16.227        1.1447    
 a5ud          0.0000        0.0000    
 a0du          35712.        0.0000    
 a1du          3.9749       0.48320E-01
 a2du          20.344       0.65572    
 a3du          17.000        0.0000    
 a4du          48.387        6.0158    
 a0g           46.811        0.0000    
 a1g          0.61655       0.38946E-01
 a2g           6.3799        1.1441    
 a3g          -3.2672       0.17171    
 a4g           3.0579       0.33123    
 a5g           0.0000        0.0000    
 kappa        0.40000        0.0000    
 a6dv        -0.47557E-02   0.72351E-03
 a7dv          2.0000        0.0000    
 x0_KP        0.35436       0.67167E-01
 C_KP         0.13889       0.28593E-01
 ht1          -2.9994       0.24002    
 ht2           1.7670       0.10011    
 ht3          -2.0780       0.24985E-01
 ht4           0.0000        0.0000    
 dummy40       0.0000        0.0000    
 dummy41       0.0000        0.0000    
 dummy42       0.0000        0.0000    
 dummy43       0.0000        0.0000    
 dummy44       0.0000        0.0000    
 dummy45       0.0000        0.0000    
 dummy46       0.0000        0.0000    
 dummy47       0.0000        0.0000    
 dummy48       0.0000        0.0000    
 dummy49       0.0000        0.0000    
 bcdmsh2      0.97140       0.54522E-02
 bcdmsd2      0.99451       0.61568E-02
 ccfr          1.0000        0.0000    
 nutev         1.0000        0.0000    
 zeus         0.97998        0.0000    
 h1            1.0162        0.0000    
 e605          1.0368       0.28393E-01
 NmcH2         1.0156       0.75661E-02
 ntv_nu        1.0000        0.0000    
 ntv_nubar     1.0000        0.0000    
 cdf_jet      0.98910        0.0000    
 d0_jet       0.83504        0.0000    
 slac_p        1.0023       0.55137E-02
 slac_d        1.0055       0.57898E-02
 e866pp       0.98113       0.18835E-01
 e866pd       0.99506       0.17648E-01
 d0_gamjet     1.0366       0.16538E-01
 h1b          0.97608        0.0000    
 jlab_p       0.99187       0.62732E-02
 jlab_d       0.97861       0.64322E-02
 blank         1.0000        0.0000    
 d0run2       0.93569       0.15567E-01
 cdfrun2      0.92194       0.18089E-01
 HERA_el      0.99976       0.34134E-02
 HERA_ps      0.99511       0.31429E-02
 CDF_Z        0.97371       0.68814E-02
 NmcRat        1.0000        0.0000    
 BNS_F2nd     0.98367       0.65425E-02
 END 0. 0.

 # Hessian matrix (Bevington alpha)
   0.47161940328302E+07 -0.12691903020612E+07  0.22012457474277E+06  0.44453488053395E+06 -0.11444510616102E+06 -0.49991519507169E+05  0.34256444860998E+05  0.85444575218525E+06 -0.17883912976110E+06 -0.43303467356092E+05  0.56621907743646E+04  0.12831203188403E+05  0.14882830229594E+04 -0.11077128787168E+03 -0.20567023192359E+05  0.19748094464610E+04 -0.18649656240670E+05 -0.98339253426576E+04 -0.70726902024444E+07 -0.61270146316092E+05  0.10016809699164E+06
  -0.12691903020612E+07  0.40821138018457E+06 -0.60682415512520E+05 -0.13052346590508E+06  0.31936714160245E+05  0.13999373801507E+05 -0.77079110961673E+04 -0.13203806825514E+06  0.30553026071547E+05  0.71660445073050E+04 -0.82198854022990E+03 -0.11743656195929E+04 -0.12899818613093E+03  0.13092178551674E+02  0.36359493602783E+04 -0.44433367525058E+03  0.32861322871223E+04  0.19898947632520E+04  0.24301487526030E+07  0.15836288617760E+05 -0.34825670121841E+05
   0.22012457474277E+06 -0.60682415512520E+05  0.10349476281270E+05  0.20978736436675E+05 -0.54400746755508E+04 -0.24758893679218E+04  0.15581965540897E+04  0.31710480692831E+05 -0.67648505675332E+04 -0.18023973625414E+04  0.20808154182317E+03  0.40848990431201E+03  0.54160439177774E+02 -0.49736783721693E+01 -0.12760313758951E+04  0.12828079277409E+03 -0.11520589763974E+04 -0.62624790552704E+03 -0.34093325948798E+06 -0.28613975301174E+04  0.48488819194946E+04
   0.44453488053395E+06 -0.13052346590508E+06  0.20978736436675E+05  0.38923516762141E+06 -0.59427579505191E+05  0.62716441458573E+05  0.56111610476865E+05  0.34384249142408E+06 -0.24005227222522E+05 -0.17475173993450E+05  0.28988484124934E+04 -0.19132700430734E+04 -0.22193894505278E+03  0.68256109793172E+02  0.23429291157703E+05 -0.27097089776632E+04  0.20964314602558E+05  0.12253328558845E+05 -0.20882028795601E+07 -0.19333094599947E+05  0.19926659094245E+05
  -0.11444510616102E+06  0.31936714160245E+05 -0.54400746755508E+04 -0.59427579505191E+05  0.10645386495026E+05 -0.58105573865129E+04 -0.77436179462624E+04 -0.33365716043084E+05  0.86367434541462E+03  0.22790495221427E+04 -0.29525434477791E+03 -0.26626882979168E+02  0.93161149751519E+01 -0.62594426444960E+01 -0.17065028761889E+04  0.20225357114914E+03 -0.14736960688856E+04 -0.88012090053202E+03  0.43081469442398E+06  0.37555007353276E+04 -0.48159885763419E+04
  -0.49991519507169E+05  0.13999373801507E+05 -0.24758893679218E+04  0.62716441458573E+05 -0.58105573865129E+04  0.20075672826183E+05  0.11663083422628E+05  0.95649197754604E+05 -0.86990651347467E+04 -0.38166673875564E+04  0.79253016720837E+03 -0.94197272610037E+03 -0.92097738285161E+02  0.21536114975630E+02  0.72564989432240E+04 -0.85534569532919E+03  0.66769977205376E+04  0.39377371901304E+04  0.31355349223167E+04 -0.11713577170680E+04 -0.20981169727887E+04
   0.34256444860998E+05 -0.77079110961673E+04  0.15581965540897E+04  0.56111610476865E+05 -0.77436179462624E+04  0.11663083422628E+05  0.91110426427075E+04  0.55344983574074E+05 -0.34011597162569E+04 -0.28494419397440E+04  0.47406087215969E+03 -0.30344393499143E+03 -0.38676027680581E+02  0.11583669122797E+02  0.34978223013186E+04 -0.42081728418811E+03  0.31275472744712E+04  0.18788905362593E+04 -0.18431035451746E+06 -0.23790371064115E+04  0.99374073525122E+03
   0.85444575218525E+06 -0.13203806825514E+06  0.31710480692831E+05  0.34384249142408E+06 -0.33365716043084E+05  0.95649197754604E+05  0.55344983574074E+05  0.52282779967380E+07 -0.25604030241691E+07 -0.88090027084290E+05  0.23167360010103E+05  0.23054762300574E+05  0.17227414284395E+04  0.11584578294754E+03  0.54779662463393E+05 -0.70775070720754E+04  0.57638128037017E+05  0.32924684847550E+05 -0.57950355466415E+06 -0.13375386454005E+05 -0.53404750618174E+04
  -0.17883912976110E+06  0.30553026071547E+05 -0.67648505675332E+04 -0.24005227222522E+05  0.86367434541462E+03 -0.86990651347467E+04 -0.34011597162569E+04 -0.25604030241691E+07  0.22173553923120E+07  0.18792321479766E+05 -0.55916549215699E+04 -0.53027566918059E+04 -0.35833505214753E+03 -0.13457802722756E+02  0.45798346285426E+05 -0.23918515608287E+04  0.18435031920355E+05  0.96809667190029E+04 -0.11971033708159E+05  0.13618385902245E+04  0.17585913943547E+04
  -0.43303467356092E+05  0.71660445073050E+04 -0.18023973625414E+04 -0.17475173993450E+05  0.22790495221427E+04 -0.38166673875564E+04 -0.28494419397440E+04 -0.88090027084290E+05  0.18792321479766E+05  0.28034345376685E+04 -0.58394720349114E+03 -0.59436823130995E+03 -0.56967108193501E+02 -0.25795327540264E+01 -0.26651753696029E+04  0.32126147073429E+03 -0.23996284879803E+04 -0.14536236590784E+04  0.52204295161587E+05  0.90121834273096E+03 -0.15566987715470E+03
   0.56621907743646E+04 -0.82198854022990E+03  0.20808154182317E+03  0.28988484124934E+04 -0.29525434477791E+03  0.79253016720837E+03  0.47406087215969E+03  0.23167360010103E+05 -0.55916549215699E+04 -0.58394720349114E+03  0.14403142869522E+03  0.15040066520191E+03  0.11767700366776E+02  0.82121461654651E+00  0.80121608213332E+03 -0.85453530920674E+02  0.68540083162419E+03  0.39241719889603E+03 -0.53206071458290E+04 -0.10636017630060E+03 -0.31092241530852E+02
   0.12831203188403E+05 -0.11743656195929E+04  0.40848990431201E+03 -0.19132700430734E+04 -0.26626882979168E+02 -0.94197272610037E+03 -0.30344393499143E+03  0.23054762300574E+05 -0.53027566918059E+04 -0.59436823130995E+03  0.15040066520191E+03  0.29179189148877E+04  0.18738664225758E+03  0.11276777921051E+01  0.63798339778537E+03 -0.95391538155956E+02  0.79896372298557E+03  0.49244920270571E+03 -0.68602565500958E+04 -0.39925891911692E+02  0.24332285017566E+03
   0.14882830229594E+04 -0.12899818613093E+03  0.54160439177774E+02 -0.22193894505278E+03  0.93161149751519E+01 -0.92097738285161E+02 -0.38676027680581E+02  0.17227414284395E+04 -0.35833505214753E+03 -0.56967108193501E+02  0.11767700366776E+02  0.18738664225758E+03  0.15957065273179E+02 -0.12132434581732E+00  0.25713960230337E+02 -0.56711287706660E+01  0.41021752554474E+02  0.29382948470096E+02 -0.25200061390499E+03  0.35051857347284E+01  0.19784457070213E+02
  -0.11077128787168E+03  0.13092178551674E+02 -0.49736783721693E+01  0.68256109793172E+02 -0.62594426444960E+01  0.21536114975630E+02  0.11583669122797E+02  0.11584578294754E+03 -0.13457802722756E+02 -0.25795327540264E+01  0.82121461654651E+00  0.11276777921051E+01 -0.12132434581732E+00  0.83134296754904E-01  0.15373930720479E+02 -0.13849327187444E+01  0.11566495544101E+02  0.61097945103837E+01 -0.10278883894927E+03 -0.21093854330231E+01 -0.91019154674038E+00
  -0.20567023192359E+05  0.36359493602783E+04 -0.12760313758951E+04  0.23429291157703E+05 -0.17065028761889E+04  0.72564989432240E+04  0.34978223013186E+04  0.54779662463393E+05  0.45798346285426E+05 -0.26651753696029E+04  0.80121608213332E+03  0.63798339778537E+03  0.25713960230337E+02  0.15373930720479E+02  0.26999611873407E+05 -0.24169169096192E+04  0.19785830011352E+05  0.10840919989707E+05 -0.26726665281654E+05  0.20946885745178E+03 -0.15660061197474E+03
   0.19748094464610E+04 -0.44433367525058E+03  0.12828079277409E+03 -0.27097089776632E+04  0.20225357114914E+03 -0.85534569532919E+03 -0.42081728418811E+03 -0.70775070720754E+04 -0.23918515608287E+04  0.32126147073429E+03 -0.85453530920674E+02 -0.95391538155956E+02 -0.56711287706660E+01 -0.13849327187444E+01 -0.24169169096192E+04  0.25184990550958E+03 -0.20395396077091E+04 -0.11636561460924E+04  0.29648149614652E+04 -0.30565162523204E+02  0.45395387465315E+02
  -0.18649656240670E+05  0.32861322871223E+04 -0.11520589763974E+04  0.20964314602558E+05 -0.14736960688856E+04  0.66769977205376E+04  0.31275472744712E+04  0.57638128037017E+05  0.18435031920355E+05 -0.23996284879803E+04  0.68540083162419E+03  0.79896372298557E+03  0.41021752554474E+02  0.11566495544101E+02  0.19785830011352E+05 -0.20395396077091E+04  0.16819862042782E+05  0.95066919378158E+04 -0.24195423044092E+05  0.25847077893960E+03 -0.12185225758905E+03
  -0.98339253426576E+04  0.19898947632520E+04 -0.62624790552704E+03  0.12253328558845E+05 -0.88012090053202E+03  0.39377371901304E+04  0.18788905362593E+04  0.32924684847550E+05  0.96809667190029E+04 -0.14536236590784E+04  0.39241719889603E+03  0.49244920270571E+03  0.29382948470096E+02  0.61097945103837E+01  0.10840919989707E+05 -0.11636561460924E+04  0.95066919378158E+04  0.54562185734723E+04 -0.14055677833424E+05  0.16458855472689E+03 -0.14340149619151E+03
  -0.70726902024444E+07  0.24301487526030E+07 -0.34093325948798E+06 -0.20882028795601E+07  0.43081469442398E+06  0.31355349223167E+04 -0.18431035451746E+06 -0.57950355466415E+06 -0.11971033708159E+05  0.52204295161587E+05 -0.53206071458290E+04 -0.68602565500958E+04 -0.25200061390499E+03 -0.10278883894927E+03 -0.26726665281654E+05  0.29648149614652E+04 -0.24195423044092E+05 -0.14055677833424E+05  0.29587731555980E+08  0.16481718339289E+06 -0.37308487371123E+06
  -0.61270146316092E+05  0.15836288617760E+05 -0.28613975301174E+04 -0.19333094599947E+05  0.37555007353276E+04 -0.11713577170680E+04 -0.23790371064115E+04 -0.13375386454005E+05  0.13618385902245E+04  0.90121834273096E+03 -0.10636017630060E+03 -0.39925891911692E+02  0.35051857347284E+01 -0.21093854330231E+01  0.20946885745178E+03 -0.30565162523204E+02  0.25847077893960E+03  0.16458855472689E+03  0.16481718339289E+06  0.24684522547460E+04 -0.25333800941790E+04
   0.10016809699164E+06 -0.34825670121841E+05  0.48488819194946E+04  0.19926659094245E+05 -0.48159885763419E+04 -0.20981169727887E+04  0.99374073525122E+03 -0.53404750618174E+04  0.17585913943547E+04 -0.15566987715470E+03 -0.31092241530852E+02  0.24332285017566E+03  0.19784457070213E+02 -0.91019154674038E+00 -0.15660061197474E+03  0.45395387465315E+02 -0.12185225758905E+03 -0.14340149619151E+03 -0.37308487371123E+06 -0.25333800941790E+04  0.71695520232497E+04

 # Covariance matrix (Bevington epsilon)
   0.42181341214027E-03 -0.68041517771894E-04 -0.88160329771749E-02  0.20549883245194E-03  0.55496902369226E-04  0.43526378745843E-03 -0.12869369808449E-02  0.49277433124742E-04  0.34208446523234E-04 -0.71802694723229E-03 -0.12332051536938E-01 -0.11270610491871E-03 -0.92361391291508E-03  0.16508217744515E-01  0.10988579084939E-03  0.10966703651731E-02  0.43200474510450E-04 -0.35226863242884E-03  0.36491708503096E-05  0.79308638449644E-04 -0.12696571516825E-04  0.70898067447171E-03 -0.63618305494598E-03 -0.71727575182175E-05  0.46381023337533E-04  0.40737027373852E-04 -0.75988197991025E-04  0.31487382889649E-04  0.46712182062942E-04  0.39754361958079E-04 -0.77905690614102E-04 -0.57328569076412E-04  0.40490662325756E-04  0.43650093843776E-04  0.36803533361869E-04 -0.38795083416167E-04 -0.46436106796437E-04  0.24554465046879E-05  0.85219765837939E-05  0.59001490364276E-04  0.15651072000740E-05
  -0.68041517771900E-04  0.12698438065389E-03  0.22442942987806E-02  0.93961997587436E-04  0.61726072943620E-03 -0.22472994842244E-03  0.28584688213880E-03 -0.36574170525633E-05 -0.26662747679194E-05  0.49070649089833E-03  0.26139393017265E-02  0.87633380613594E-04 -0.34646506133794E-03  0.19302066642436E-02 -0.65675054281885E-05  0.95600102719038E-03  0.18463104119013E-03 -0.11676671088721E-03 -0.13303600312119E-05  0.95555706190753E-06  0.74399378946520E-05 -0.15079365868900E-02  0.41110876390196E-03  0.88290633716862E-04  0.88241353888367E-05  0.56305101909754E-05 -0.38973129101195E-04  0.40972029339312E-05  0.27039146109808E-05  0.40035096625915E-05  0.25565495690025E-04  0.14419606149897E-04  0.82571636552807E-06  0.89327713762149E-05  0.10111072371249E-04 -0.11004267421264E-04 -0.65975824490726E-05  0.50249893624970E-07  0.32703543512822E-06  0.31174821928641E-05 -0.26920138310722E-05
  -0.88160329771749E-02  0.22442942987805E-02  0.19299547565186E+00 -0.30612261398137E-02  0.40609887408718E-02 -0.10591034400298E-01  0.27776275368803E-01 -0.97232089976401E-03 -0.68015372820385E-03  0.18455291082890E-01  0.27755114927048E+00  0.28870645701498E-02  0.19422255340449E-01 -0.31647052499542E+00 -0.20117508309697E-02 -0.18667456702271E-03  0.20754429395062E-02  0.49243953216475E-02 -0.73578095785034E-04 -0.59859732660255E-03  0.25393567099116E-03 -0.23679696408308E-01  0.15341506573615E-01  0.11361065319337E-02 -0.67133921664475E-03 -0.60019018974062E-03  0.18258251000783E-02 -0.42846408564181E-03 -0.66967866468721E-03 -0.54585198614646E-03  0.24049248066739E-02  0.19201849365303E-02 -0.75271909278908E-03 -0.58725118512622E-03 -0.47884095456961E-03  0.52141705770475E-03  0.69432525882217E-03 -0.41613933250011E-04 -0.13864014728818E-03 -0.92793799841766E-03  0.28798538086652E-04
   0.20549883245193E-03  0.93961997587439E-04 -0.30612261398135E-02  0.11628917484545E-02  0.44700310095859E-02 -0.17939826630286E-02 -0.30664324568377E-03  0.25969835992810E-04  0.14902075682900E-04 -0.18824183174794E-03 -0.52068632884261E-02  0.32600983070476E-03 -0.41025408911661E-02  0.27806865953020E-01  0.46525868972099E-03  0.11760528567472E-01 -0.10508877061084E-02  0.29660225717298E-02  0.12740332759630E-04  0.24911696058348E-03 -0.37516229937970E-04 -0.18160799958171E-02  0.35695130386137E-03  0.19152434126867E-03  0.59447458966823E-04  0.49258323802370E-04 -0.29202745587301E-04  0.36694593561803E-04  0.60540749748581E-04  0.52955395007724E-04  0.30624126225365E-04  0.76564581050633E-05  0.23354881908179E-04  0.59797830145658E-04  0.41185563497117E-04 -0.47110446580513E-04 -0.52553779127584E-04  0.25145710654464E-05  0.11858993122341E-04  0.71096401806968E-04  0.15224108232852E-04
   0.55496902369198E-04  0.61726072943619E-03  0.40609887408723E-02  0.44700310095859E-02  0.24767741310287E-01 -0.11974948045865E-01  0.10316170815981E-01 -0.36972260733320E-04 -0.37070933666100E-04  0.46216984384062E-02  0.25436403663613E-01  0.63942411703087E-03 -0.42487594011282E-02  0.19186975472426E+00  0.13584675870143E-02  0.34588659358967E-01 -0.56001728619418E-02  0.13220625362989E-01  0.18612824656234E-04 -0.30935818260609E-03  0.27837085839978E-03 -0.49138719344723E-02 -0.40262558775234E-04  0.53084236379631E-03  0.14403981706552E-03  0.14671658011176E-03 -0.20072973274891E-03  0.15097377682226E-03  0.94571261607989E-04  0.11999707095676E-03  0.25762475729609E-03  0.14905910212127E-03  0.25143106958034E-04  0.98816668925030E-04  0.44832680090556E-04 -0.43496246381796E-04 -0.74392818517869E-04  0.58971927792670E-05  0.29934732953606E-04  0.17670865383334E-03  0.14224264777606E-04
   0.43526378745843E-03 -0.22472994842242E-03 -0.10591034400298E-01 -0.17939826630286E-02 -0.11974948045865E-01  0.78107681136449E-02 -0.92708307411927E-02  0.10899665235364E-03  0.81800162965947E-04 -0.29472759098048E-02 -0.36274438892166E-01  0.16394275548540E-03 -0.12341955853714E-02 -0.15698939562269E+00 -0.43847672170366E-03 -0.19138597065204E-01  0.24269481327500E-02 -0.70837031023069E-02 -0.12169342511554E-04 -0.45421154192107E-03 -0.39153093016720E-03  0.31814823761639E-02 -0.72236881187333E-03 -0.30585032589135E-03 -0.16346632886406E-04 -0.26417579829314E-04 -0.24247439855776E-03 -0.90553816636267E-04  0.37119326298328E-05 -0.17378909616664E-04 -0.30087324114129E-03 -0.28907199595916E-03  0.43576833235550E-04  0.60813675238898E-05  0.19522310264922E-04 -0.70017011660252E-05 -0.69696286163459E-05 -0.61818837981125E-06 -0.45611063735313E-05 -0.36812425897117E-04 -0.78366047188169E-04
  -0.12869369808449E-02  0.28584688213877E-03  0.27776275368803E-01 -0.30664324568379E-03  0.10316170815981E-01 -0.92708307411927E-02  0.21098032402185E-01 -0.25543532183255E-03 -0.17840017594242E-03  0.91326857566835E-02  0.92583431324537E-01 -0.16168919010606E-02  0.22306489189958E-01  0.16668919395218E+00 -0.80560884098468E-03 -0.57744017798668E-02 -0.32080583881509E-03  0.12360958994342E-02 -0.30757255281982E-04 -0.32985763512515E-03  0.10161952309739E-02  0.76917130926576E-03 -0.10297089081426E-02  0.75656518421858E-04 -0.80714012170857E-04 -0.22648020806378E-04  0.29592912047439E-03  0.11660506439831E-03 -0.13746427532109E-03 -0.59363582736186E-04  0.57659728440701E-03  0.63360841204099E-03 -0.11967851362341E-03 -0.13867035421638E-03 -0.10635870480243E-03  0.87561051866500E-04  0.95028181752020E-04 -0.36186047857027E-05 -0.16154957946313E-04 -0.61628090979245E-04  0.92176487572139E-04
   0.49277433124741E-04 -0.36574170525622E-05 -0.97232089976398E-03  0.25969835992810E-04 -0.36972260733318E-04  0.10899665235364E-03 -0.25543532183255E-03  0.25258070108208E-04  0.19304047020603E-04 -0.25651211883875E-03 -0.46570456878841E-02  0.12420948712105E-04 -0.28629443553922E-03 -0.27722253841637E-02 -0.25087536542922E-04  0.25596134970796E-05  0.17712216662294E-03 -0.25414607616859E-03  0.39794775342446E-06  0.12347515703920E-04 -0.12746687587596E-04 -0.62175833475508E-04 -0.26766932492197E-05  0.10095332544649E-04  0.85990195113846E-05  0.77497691877768E-05  0.40546514781079E-05  0.87416504183087E-05  0.89168649326060E-05  0.78843750812392E-05  0.32645466580845E-06  0.12294557258764E-05  0.92760582408063E-05  0.84145048656979E-05  0.74717395590424E-05  0.86069754129520E-06  0.64455803765968E-06  0.38248980792232E-06  0.15287867994507E-05  0.12292948388580E-04  0.42582669735827E-06
   0.34208446523233E-04 -0.26662747679186E-05 -0.68015372820382E-03  0.14902075682900E-04 -0.37070933666098E-04  0.81800162965946E-04 -0.17840017594242E-03  0.19304047020603E-04  0.15577924624113E-04 -0.17740519646922E-03 -0.34696010688037E-02  0.71883810230398E-05 -0.18557508045349E-03 -0.20800417332350E-02 -0.33635730017089E-04 -0.26714370999393E-03  0.15026407627141E-03 -0.24467699420625E-03  0.23227123096192E-06  0.60979700322628E-05 -0.91535508127626E-05 -0.43631387930579E-04 -0.61681423655709E-06  0.58553232612137E-05  0.56861809000328E-05  0.51276309202507E-05  0.14025711654561E-05  0.61706237976838E-05  0.58050715428374E-05  0.50869500388679E-05 -0.10181768564813E-05 -0.33458596916271E-06  0.65272141244043E-05  0.54941607815896E-05  0.48476391642165E-05  0.17271399610058E-05  0.14207642804516E-05  0.23786291546982E-06  0.20599984175080E-06  0.79496601526039E-05  0.56931984180421E-07
  -0.71802694723230E-03  0.49070649089831E-03  0.18455291082890E-01 -0.18824183174795E-03  0.46216984384062E-02 -0.29472759098048E-02  0.91326857566836E-02 -0.25651211883876E-03 -0.17740519646923E-03  0.21329694746066E-01  0.11043989048377E+00 -0.12738422281743E-02  0.28949728981823E-01 -0.27579093881241E-02 -0.44067719200931E-03 -0.43352095601027E-01 -0.86046191321823E-02  0.71817167084189E-02 -0.22557151951026E-04 -0.25926589351448E-02  0.19808236855852E-03  0.55400792710344E-02 -0.12868574734602E-02 -0.78557744133538E-03 -0.70418682559995E-04 -0.10661421570249E-04 -0.18193631606992E-02  0.38047301574609E-04 -0.89101219447257E-04 -0.31855310576344E-04 -0.48742701113462E-04 -0.71547806154359E-04 -0.25916204837058E-04 -0.69984264591698E-04 -0.40711296483720E-04  0.51305257720745E-03  0.36193252697194E-03 -0.60221636989369E-05 -0.34909468384994E-04 -0.13304782512564E-03 -0.18156901040796E-03
  -0.12332051536938E-01  0.26139393017263E-02  0.27755114927047E+00 -0.52068632884261E-02  0.25436403663613E-01 -0.36274438892166E-01  0.92583431324537E-01 -0.46570456878841E-02 -0.34696010688037E-02  0.11043989048376E+00  0.13104496639980E+01 -0.68970126991181E-02  0.17086701614040E+00  0.32475050760552E+00 -0.11436843359318E-03 -0.12393649968511E+00 -0.31642550265644E-01  0.19003764138673E-01 -0.13577008917653E-03 -0.89174670457844E-02  0.56084315812404E-02  0.33461083597185E-01 -0.12293838772208E-01 -0.36775861605978E-03 -0.35225245441742E-03  0.20405963896293E-03  0.28942474790144E-02  0.54676046856087E-03 -0.34235390621246E-03  0.36385357216646E-03  0.73895014667769E-02  0.74952869360906E-02 -0.17918622729871E-02 -0.41312950765987E-03  0.21358464945379E-03 -0.68754333014293E-03 -0.11493042871437E-02 -0.15625839319407E-04 -0.91736956944489E-04 -0.23319346884511E-03  0.18989396514153E-05
  -0.11270610491872E-03  0.87633380613593E-04  0.28870645701499E-02  0.32600983070475E-03  0.63942411703086E-03  0.16394275548540E-03 -0.16168919010606E-02  0.12420948712104E-04  0.71883810230392E-05 -0.12738422281742E-02 -0.68970126991179E-02  0.23347941930416E-02 -0.25896793915104E-01 -0.78536177047836E-01  0.23712313509660E-03  0.21681818488961E-02 -0.54476126133412E-03  0.94279739806204E-03  0.36548278256036E-05  0.16428179337901E-03 -0.22019424127975E-04 -0.12829729791839E-02  0.64018913660250E-03  0.43137667331923E-04 -0.99818686407174E-05 -0.43719129205888E-05  0.46790230793708E-04 -0.15604084749258E-04  0.11268894829422E-06  0.12406333068809E-05  0.10380841522302E-03 -0.27579080122213E-04 -0.90112839819517E-05  0.72202434069124E-05  0.30075034637603E-05  0.39431762018285E-05  0.27749143006488E-05 -0.21975579146828E-06  0.13449213401437E-05 -0.55780471456126E-05  0.25444239476037E-04
  -0.92361391291504E-03 -0.34646506133796E-03  0.19422255340448E-01 -0.41025408911660E-02 -0.42487594011279E-02 -0.12341955853715E-02  0.22306489189958E-01 -0.28629443553922E-03 -0.18557508045349E-03  0.28949728981823E-01  0.17086701614040E+00 -0.25896793915104E-01  0.42997193903464E+00  0.79762014143430E+00 -0.40328680769038E-02 -0.90927117718377E-01  0.77829292609462E-02 -0.25666233476616E-01 -0.90640377198701E-04 -0.66812135159549E-02 -0.17150651785927E-02  0.21473542210201E-01 -0.11233088091204E-01 -0.13507990857515E-02  0.22250566999644E-03  0.15617043052670E-03 -0.53991497527832E-03  0.28665237578964E-03  0.13320972200843E-03  0.66424886160043E-04  0.11053967883903E-02  0.11218170730521E-02  0.68363615502991E-04  0.12501756071298E-03  0.29234652895343E-04 -0.14370453483717E-03 -0.23034634105199E-03  0.89514107603028E-05  0.29532807492008E-04  0.31483248150626E-04 -0.73145781778118E-03
   0.16508217744516E-01  0.19302066642436E-02 -0.31647052499542E+00  0.27806865953020E-01  0.19186975472426E+00 -0.15698939562268E+00  0.16668919395218E+00 -0.27722253841635E-02 -0.20800417332349E-02 -0.27579093881256E-02  0.32475050760548E+00 -0.78536177047835E-01  0.79762014143429E+00  0.36189656619911E+02  0.11367364028753E-01  0.54855483727874E+00 -0.16177096712147E+00  0.35733375123788E+00  0.35227357853081E-03  0.82837293736936E-01  0.16372876522833E-01  0.57317271377317E-01 -0.43464292031154E-01 -0.27162004546076E-01  0.36037953980329E-02 -0.77196218330359E-04  0.84359133538837E-02  0.83765108496064E-02  0.36583173011916E-02 -0.51320027550535E-03  0.53219639529924E-02 -0.17531792005866E-02  0.34141683362711E-02  0.49122102407669E-02  0.23308271321676E-03  0.44272287383462E-02  0.29216303525348E-02  0.20591557911024E-03  0.56572191672972E-03 -0.56125780358812E-03  0.66942423581869E-03
   0.10988579084940E-03 -0.65675054281906E-05 -0.20117508309698E-02  0.46525868972098E-03  0.13584675870142E-02 -0.43847672170361E-03 -0.80560884098474E-03 -0.25087536542920E-04 -0.33635730017087E-04 -0.44067719200935E-03 -0.11436843359387E-03  0.23712313509660E-03 -0.40328680769039E-02  0.11367364028752E-01  0.15167797987674E-02  0.30788014817802E-01 -0.37138361935763E-02  0.98274285072092E-02  0.64388735757954E-05  0.21961760166590E-03 -0.40742794803572E-04  0.57463334880977E-04  0.17413341199327E-03  0.19309013313690E-04  0.22265234578057E-04  0.14908779476763E-04 -0.22136481798693E-05 -0.26208095455389E-04  0.30799583223659E-04  0.24194413383295E-04 -0.37792481003596E-04 -0.40119797038759E-04  0.14071486492159E-04  0.27597125674661E-04  0.20172986466722E-04 -0.45185382447080E-05  0.42322420457588E-05  0.12464446668274E-05  0.51640129458995E-05  0.24242205959308E-04  0.93290258517807E-05
   0.10966703651732E-02  0.95600102719032E-03 -0.18667456702493E-03  0.11760528567472E-01  0.34588659358965E-01 -0.19138597065203E-01 -0.57744017798678E-02  0.25596134971168E-05 -0.26714370999390E-03 -0.43352095601028E-01 -0.12393649968512E+00  0.21681818488960E-02 -0.90927117718377E-01  0.54855483727873E+00  0.30788014817802E-01  0.13090763138688E+01 -0.19106714711569E-02  0.21327882576919E+00  0.17433497533327E-03  0.24225699932198E-01 -0.40552329126152E-02 -0.66446067478589E-01  0.35240836711150E-01  0.79222492754324E-02  0.10524281619672E-02  0.41792692954874E-03  0.32239868516053E-02  0.12065324775167E-03  0.16912689442291E-02  0.11161953720083E-02  0.16752489577994E-02  0.22175396023256E-02  0.47082330386796E-03  0.16077183992349E-02  0.10178293850681E-02 -0.40967003280846E-02 -0.22353561270289E-02  0.57736531078243E-04  0.29049431623187E-03  0.12332630133735E-02  0.16022624041842E-02
   0.43200474510416E-04  0.18463104119014E-03  0.20754429395071E-02 -0.10508877061083E-02 -0.56001728619413E-02  0.24269481327497E-02 -0.32080583881477E-03  0.17712216662293E-03  0.15026407627140E-03 -0.86046191321820E-02 -0.31642550265640E-01 -0.54476126133410E-03  0.77829292609464E-02 -0.16177096712147E+00 -0.37138361935763E-02 -0.19106714711567E-02  0.29484621249925E-01 -0.46152310999058E-01 -0.93108303849966E-05  0.29454542685940E-02 -0.46509206627092E-03 -0.13513247761286E-01  0.32252425079962E-02  0.19183625854896E-02  0.14594019403272E-03  0.80736485995301E-04  0.92452492223061E-03  0.23577355228864E-03  0.20242232352692E-03  0.14982709487393E-03  0.83216599522036E-03  0.92438060998153E-03 -0.29151201707429E-04  0.20671809703230E-03  0.16028086296538E-03 -0.13003052248967E-02 -0.10199971580581E-02  0.13175154258620E-04  0.58164506393342E-04  0.34036389961790E-03  0.26680552182778E-03
  -0.35226863242877E-03 -0.11676671088725E-03  0.49243953216457E-02  0.29660225717296E-02  0.13220625362988E-01 -0.70837031023063E-02  0.12360958994336E-02 -0.25414607616856E-03 -0.24467699420623E-03  0.71817167084184E-02  0.19003764138665E-01  0.94279739806200E-03 -0.25666233476617E-01  0.35733375123787E+00  0.98274285072091E-02  0.21327882576919E+00 -0.46152310999058E-01  0.10971080104559E+00  0.33898368188801E-04 -0.82516651840956E-03 -0.12479029648192E-03  0.91660248841126E-02  0.26466913306099E-02 -0.20542997496587E-02 -0.19890302103351E-03 -0.20470567670377E-03 -0.13510710536553E-02 -0.44832783345748E-03 -0.19128177948461E-03 -0.21650673004428E-03 -0.14118044497360E-02 -0.14661157247704E-02  0.14160510543247E-03 -0.19839158927759E-03 -0.23476751792490E-03  0.17457832348033E-02  0.16320008396920E-02 -0.21204561866142E-04 -0.85945076712365E-04 -0.57998203794804E-03 -0.19979940448530E-03
   0.36491708503096E-05 -0.13303600312119E-05 -0.73578095785033E-04  0.12740332759630E-04  0.18612824656235E-04 -0.12169342511554E-04 -0.30757255281983E-04  0.39794775342448E-06  0.23227123096193E-06 -0.22557151951026E-04 -0.13577008917653E-03  0.36548278256036E-05 -0.90640377198703E-04  0.35227357853081E-03  0.64388735757956E-05  0.17433497533328E-03 -0.93108303849971E-05  0.33898368188802E-04  0.52346717159241E-06  0.13607423252958E-04  0.51859966797803E-05 -0.45625877485699E-04  0.17499533714022E-04  0.43493431756984E-05  0.79006494202941E-06  0.43984551141209E-06  0.19451017657820E-05  0.47513960077832E-06  0.10185298778301E-05  0.70791852849977E-06  0.34939592156875E-06  0.55139625557483E-06  0.23620835679629E-06  0.94346348523404E-06  0.78548057472996E-06 -0.10755098331838E-05 -0.10044688667974E-05  0.35099606807556E-07  0.16248987708392E-06  0.10413300115067E-05  0.87225555265661E-06
   0.79308638449642E-04  0.95555706190896E-06 -0.59859732660249E-03  0.24911696058349E-03 -0.30935818260607E-03 -0.45421154192108E-03 -0.32985763512514E-03  0.12347515703919E-04  0.60979700322625E-05 -0.25926589351447E-02 -0.89174670457843E-02  0.16428179337901E-03 -0.66812135159549E-02  0.82837293736936E-01  0.21961760166591E-03  0.24225699932198E-01  0.29454542685939E-02 -0.82516651840951E-03  0.13607423252958E-04  0.45113530307978E-02  0.14805210930699E-03 -0.28352212680272E-02  0.14230732418448E-02  0.71373911393302E-03  0.65682269210455E-04 -0.56554981769824E-04  0.23024685186185E-03  0.32770795947170E-04  0.78193631322744E-04 -0.55677147687339E-04  0.13361222594508E-03  0.14642261654248E-03  0.18356326153078E-04  0.49538413505945E-04 -0.73125910730921E-04 -0.17713336821579E-03 -0.12770652060971E-03  0.22213786961216E-05  0.75913378926811E-05  0.54354582266668E-04  0.24026368942078E-03
  -0.12696571516823E-04  0.74399378946511E-05  0.25393567099112E-03 -0.37516229937969E-04  0.27837085839978E-03 -0.39153093016720E-03  0.10161952309739E-02 -0.12746687587596E-04 -0.91535508127624E-05  0.19808236855851E-03  0.56084315812403E-02 -0.22019424127975E-04 -0.17150651785927E-02  0.16372876522833E-01 -0.40742794803569E-04 -0.40552329126152E-02 -0.46509206627094E-03 -0.12479029648190E-03  0.51859966797804E-05  0.14805210930699E-03  0.81758035530399E-03  0.79629144541231E-03 -0.35620283987356E-03 -0.44551381622748E-04  0.72948532885960E-05  0.52255044326701E-05  0.13183053774053E-03  0.20895932045694E-04 -0.23251335831758E-05  0.23293715760439E-04  0.52266412849490E-04  0.75467365289653E-04 -0.12600477521802E-04 -0.17778558825029E-04  0.39612692897727E-04 -0.11733184212153E-04 -0.17958578208221E-04  0.58411548846836E-06  0.29777173982757E-05  0.21689212718963E-04  0.15424014701120E-04
   0.70898067447181E-03 -0.15079365868900E-02 -0.23679696408310E-01 -0.18160799958171E-02 -0.49138719344724E-02  0.31814823761641E-02  0.76917130926533E-03 -0.62175833475490E-04 -0.43631387930566E-04  0.55400792710342E-02  0.33461083597181E-01 -0.12829729791839E-02  0.21473542210201E-01  0.57317271377317E-01  0.57463334880964E-04 -0.66446067478589E-01 -0.13513247761286E-01  0.91660248841122E-02 -0.45625877485698E-04 -0.28352212680272E-02  0.79629144541230E-03  0.57609988445327E-01 -0.19709344267587E-01 -0.30913061741793E-02 -0.60139460857477E-04  0.32745138273812E-04  0.22828152157639E-03  0.49472209273501E-04 -0.88405862281079E-04 -0.15289080703003E-04  0.84647317338095E-04  0.97348019386154E-04  0.11301127719954E-04 -0.29371201783543E-03 -0.21644214306867E-03  0.67769555656233E-03  0.39136586731481E-03 -0.36640682356136E-07 -0.53257249561704E-05 -0.10620955924071E-04 -0.20958833789017E-03
  -0.63618305494601E-03  0.41110876390196E-03  0.15341506573615E-01  0.35695130386134E-03 -0.40262558775302E-04 -0.72236881187335E-03 -0.10297089081425E-02 -0.26766932492249E-05 -0.61681423656083E-06 -0.12868574734602E-02 -0.12293838772207E-01  0.64018913660249E-03 -0.11233088091204E-01 -0.43464292031155E-01  0.17413341199327E-03  0.35240836711150E-01  0.32252425079962E-02  0.26466913306099E-02  0.17499533714021E-04  0.14230732418448E-02 -0.35620283987356E-03 -0.19709344267587E-01  0.10022745213398E-01  0.53084870110982E-03 -0.67603598302660E-04 -0.11434420814062E-03 -0.36583417347462E-03 -0.10969647541590E-03  0.17678541374097E-04 -0.24364960229207E-04 -0.22633156681006E-03 -0.22934822628396E-03 -0.77603233101474E-05  0.59015853096628E-04  0.34439654451172E-04 -0.49477192067019E-05  0.10424132186708E-03 -0.63398525115066E-05 -0.24652360214196E-04 -0.15301104932793E-03  0.73183682177131E-04
  -0.71727575182240E-05  0.88290633716863E-04  0.11361065319338E-02  0.19152434126868E-03  0.53084236379634E-03 -0.30585032589137E-03  0.75656518421892E-04  0.10095332544648E-04  0.58553232612127E-05 -0.78557744133536E-03 -0.36775861605946E-03  0.43137667331925E-04 -0.13507990857515E-02 -0.27162004546075E-01  0.19309013313695E-04  0.79222492754325E-02  0.19183625854896E-02 -0.20542997496586E-02  0.43493431756984E-05  0.71373911393302E-03 -0.44551381622747E-04 -0.30913061741793E-02  0.53084870110983E-03  0.62426333592396E-03  0.38320437589493E-04  0.18609693270152E-04  0.16264475434455E-03  0.26202982999453E-04  0.20647245897813E-04  0.59975823381378E-05  0.12498761420156E-03  0.14867304228941E-03 -0.42116167085399E-05  0.13978511654236E-04  0.27563851395944E-05 -0.14333057517148E-03 -0.11612169576353E-03  0.19540187060395E-05  0.91402929743417E-05  0.61582774294487E-04  0.54278139942853E-04
   0.46381023337532E-04  0.88241353888376E-05 -0.67133921664472E-03  0.59447458966824E-04  0.14403981706552E-03 -0.16346632886410E-04 -0.80714012170853E-04  0.85990195113846E-05  0.56861809000327E-05 -0.70418682559991E-04 -0.35225245441739E-03 -0.99818686407163E-05  0.22250566999643E-03  0.36037953980329E-02  0.22265234578058E-04  0.10524281619672E-02  0.14594019403272E-03 -0.19890302103351E-03  0.79006494202941E-06  0.65682269210455E-04  0.72948532885960E-05 -0.60139460857488E-04 -0.67603598302656E-04  0.38320437589494E-04  0.29725945939815E-04  0.19479532515696E-04  0.51042348850991E-04  0.17958478411107E-04  0.22722229342856E-04  0.21737000986789E-04  0.48465547071068E-04  0.49631691911491E-04  0.80349527186184E-05  0.21502286821185E-04  0.20170676841835E-04 -0.18890003761065E-04 -0.20261120180199E-04  0.84305819673140E-06  0.33647299591118E-05  0.25177738832556E-04  0.55150375928489E-05
   0.40737027373851E-04  0.56305101909761E-05 -0.60019018974059E-03  0.49258323802371E-04  0.14671658011177E-03 -0.26417579829317E-04 -0.22648020806374E-04  0.77497691877767E-05  0.51276309202507E-05 -0.10661421570245E-04  0.20405963896296E-03 -0.43719129205879E-05  0.15617043052670E-03 -0.77196218330362E-04  0.14908779476763E-04  0.41792692954876E-03  0.80736485995298E-04 -0.20470567670376E-03  0.43984551141209E-06 -0.56554981769824E-04  0.52255044326700E-05  0.32745138273803E-04 -0.11434420814061E-03  0.18609693270153E-04  0.19479532515696E-04  0.37906706401591E-04  0.56493468844560E-04  0.18428576419471E-04  0.21225292224868E-04  0.24988582621806E-04  0.51337503828645E-04  0.53892049586414E-04  0.63027088762789E-05  0.20812588131097E-04  0.23626804512162E-04 -0.15926293642520E-04 -0.18689604356032E-04  0.81601897588346E-06  0.33813022720359E-05  0.25515768291478E-04  0.11013910722125E-05
  -0.75988197991024E-04 -0.38973129101196E-04  0.18258251000783E-02 -0.29202745587299E-04 -0.20072973274890E-03 -0.24247439855776E-03  0.29592912047439E-03  0.40546514781076E-05  0.14025711654558E-05 -0.18193631606992E-02  0.28942474790144E-02  0.46790230793707E-04 -0.53991497527832E-03  0.84359133538840E-02 -0.22136481798654E-05  0.32239868516054E-02  0.92452492223060E-03 -0.13510710536552E-02  0.19451017657820E-05  0.23024685186185E-03  0.13183053774053E-03  0.22828152157642E-03 -0.36583417347463E-03  0.16264475434455E-03  0.51042348850991E-04  0.56493468844560E-04  0.80613871160590E-03  0.59727364901861E-04  0.54885593586934E-04  0.65549367635863E-04  0.31823082964793E-03  0.32740740192945E-03 -0.10911304099789E-04  0.44089987281994E-04  0.58516063788129E-04 -0.90626002544626E-04 -0.87037917788022E-04  0.23870272315291E-05  0.11360799241206E-04  0.80274753678984E-04  0.36525543018760E-04
   0.31487382889648E-04  0.40972029339318E-05 -0.42846408564179E-03  0.36694593561804E-04  0.15097377682226E-03 -0.90553816636271E-04  0.11660506439832E-03  0.87416504183085E-05  0.61706237976837E-05  0.38047301574614E-04  0.54676046856091E-03 -0.15604084749257E-04  0.28665237578964E-03  0.83765108496065E-02 -0.26208095455389E-04  0.12065324775169E-03  0.23577355228864E-03 -0.44832783345747E-03  0.47513960077832E-06  0.32770795947170E-04  0.20895932045694E-04  0.49472209273494E-04 -0.10969647541589E-03  0.26202982999454E-04  0.17958478411107E-04  0.18428576419471E-04  0.59727364901862E-04  0.57246465851002E-04  0.19537232197192E-04  0.20648397731413E-04  0.62145862905056E-04  0.62698475253845E-04  0.59833802883774E-05  0.18083150103870E-04  0.18906424154569E-04 -0.19003566217555E-04 -0.20417538925781E-04  0.89320357553816E-06  0.38061982932673E-05  0.26302953717871E-04  0.53175632068957E-05
   0.46712182062941E-04  0.27039146109816E-05 -0.66967866468718E-03  0.60540749748582E-04  0.94571261607996E-04  0.37119326298295E-05 -0.13746427532109E-03  0.89168649326060E-05  0.58050715428374E-05 -0.89101219447254E-04 -0.34235390621244E-03  0.11268894829527E-06  0.13320972200843E-03  0.36583173011916E-02  0.30799583223659E-04  0.16912689442291E-02  0.20242232352692E-03 -0.19128177948460E-03  0.10185298778301E-05  0.78193631322744E-04 -0.23251335831758E-05 -0.88405862281089E-04  0.17678541374101E-04  0.20647245897813E-04  0.22722229342856E-04  0.21225292224868E-04  0.54885593586934E-04  0.19537232197192E-04  0.30401266227806E-04  0.27270140613353E-04  0.56012736961656E-04  0.56640472836331E-04  0.83984447320663E-05  0.27610848279599E-04  0.25519385109984E-04 -0.22952789620428E-04 -0.23572869106474E-04  0.92211839118139E-06  0.37236666740060E-05  0.27102207065418E-04  0.67426061075067E-05
