# fitpack10: fit parameters                                                                         
# CJ15_AV18                                                                                         
# Created on 06/25/2015 at 14:42:36                                                                 

 # QCD setup
  INS	                    0
  NVL                          11
  IORD                          1
  Q02                   1.6899999999999999     
  IPARAMC                       7
  FLAVOR                4.0000000000000000     
  xmc                   1.3000000000000000     
  xmb                   4.5000000000000000     
  ncb                          12

 # Theory corrections
  inuke                     10314
  itmc                          1
  iht                           1

 # fit parameters
 LAMBDA       0.22680        0.0000    
 a0uv          2.4597        0.0000    
 a1uv         0.61962       0.19615E-01
 a2uv          3.5340       0.11675E-01
 a3uv          0.0000        0.0000    
 a4uv          3.3135       0.39645    
 a5uv          0.0000        0.0000    
 a0dv          22.916        0.0000    
 a1dv          1.1381       0.34802E-01
 a2dv          6.5908       0.15985    
 a3dv         -3.5465       0.91915E-01
 a4dv          4.8727       0.14856    
 a5dv          0.0000        0.0000    
 a0ud         0.14272       0.50657E-02
 a1ud        -0.21679       0.39226E-02
 a2ud          8.3922       0.14908    
 a3ud          0.0000        0.0000    
 a4ud          15.757        1.1262    
 a5ud          0.0000        0.0000    
 a0du          35712.        0.0000    
 a1du          3.9751       0.48791E-01
 a2du          20.320       0.66073    
 a3du          17.000        0.0000    
 a4du          46.722        5.5308    
 a0g           46.386        0.0000    
 a1g          0.61593       0.38183E-01
 a2g           6.1966        1.1475    
 a3g          -3.2492       0.17029    
 a4g           2.9866       0.30615    
 a5g           0.0000        0.0000    
 kappa        0.40000        0.0000    
 a6dv        -0.41862E-02   0.71827E-03
 a7dv          2.0000        0.0000    
 x0_KP        0.32731       0.88853E-01
 C_KP         0.97804E-01   0.28463E-01
 ht1          -2.9844       0.23962    
 ht2           1.7360       0.10164    
 ht3          -2.0872       0.27199E-01
 ht4           0.0000        0.0000    
 dummy40       0.0000        0.0000    
 dummy41       0.0000        0.0000    
 dummy42       0.0000        0.0000    
 dummy43       0.0000        0.0000    
 dummy44       0.0000        0.0000    
 dummy45       0.0000        0.0000    
 dummy46       0.0000        0.0000    
 dummy47       0.0000        0.0000    
 dummy48       0.0000        0.0000    
 dummy49       0.0000        0.0000    
 bcdmsh2      0.97279       0.54409E-02
 bcdmsd2      0.99563       0.61475E-02
 ccfr          1.0000        0.0000    
 nutev         1.0000        0.0000    
 zeus         0.97998        0.0000    
 h1            1.0162        0.0000    
 e605          1.0326       0.28106E-01
 NmcH2         1.0162       0.75536E-02
 ntv_nu        1.0000        0.0000    
 ntv_nubar     1.0000        0.0000    
 cdf_jet      0.98910        0.0000    
 d0_jet       0.83504        0.0000    
 slac_p        1.0036       0.54917E-02
 slac_d        1.0063       0.57964E-02
 e866pp       0.97751       0.18577E-01
 e866pd       0.99208       0.17250E-01
 d0_gamjet     1.0379       0.16543E-01
 h1b          0.97608        0.0000    
 jlab_p       0.99409       0.62857E-02
 jlab_d       0.97913       0.64152E-02
 blank         1.0000        0.0000    
 d0run2       0.93481       0.15689E-01
 cdfrun2      0.92069       0.18103E-01
 HERA_el      0.99983       0.34132E-02
 HERA_ps      0.99539       0.31418E-02
 CDF_Z        0.97579       0.68516E-02
 NmcRat        1.0000        0.0000    
 BNS_F2nd     0.98400       0.63242E-02
 END 0. 0.

 # Hessian matrix (Bevington alpha)
   0.46095396814887E+07 -0.12474429176246E+07  0.22949538382134E+06  0.43335195372659E+06 -0.11681230023167E+06 -0.41585828348071E+05  0.38724451242807E+05  0.82740862751991E+06 -0.17714776782281E+06 -0.42597243875527E+05  0.56886991227770E+04  0.12591961202311E+05  0.14662253696540E+04 -0.11395188694136E+03 -0.20608249325004E+05  0.19558723634323E+04 -0.19586879723587E+05 -0.10313077775418E+05 -0.67505076874537E+07 -0.41470430834997E+05  0.10957123794026E+06
  -0.12474429176246E+07  0.40326190354755E+06 -0.63823698559398E+05 -0.12816582665403E+06  0.33101168582311E+05  0.11647910041864E+05 -0.91483083255102E+04 -0.13008065136408E+06  0.30726078244234E+05  0.71452401381366E+04 -0.83997216729341E+03 -0.11579691233170E+04 -0.12786422984165E+03  0.13461930634086E+02  0.36244203144883E+04 -0.44116593757497E+03  0.35158928933402E+04  0.21290020784413E+04  0.23305422391303E+07  0.10679284876303E+05 -0.37175754874526E+05
   0.22949538382134E+06 -0.63823698559398E+05  0.11521741718358E+05  0.21974606480295E+05 -0.59483679817805E+04 -0.21876756259279E+04  0.19056591937482E+04  0.32609961324646E+05 -0.71233189860270E+04 -0.18819342114107E+04  0.22188818233849E+03  0.41669699879501E+03  0.55673203263532E+02 -0.53627487250485E+01 -0.13318159202948E+04  0.13335345428235E+03 -0.12710943811725E+04 -0.69203616818092E+03 -0.34891330817565E+06 -0.20650249111740E+04  0.56621538016328E+04
   0.43335195372659E+06 -0.12816582665403E+06  0.21974606480295E+05  0.38512228698594E+06 -0.60154967487132E+05  0.64691163462842E+05  0.57255080776379E+05  0.33359005771228E+06 -0.22524166606154E+05 -0.17318095500199E+05  0.29363590393797E+04 -0.18789190766531E+04 -0.21885940199786E+03  0.70602502784509E+02  0.23258905339211E+05 -0.26964882721941E+04  0.22153338689953E+05  0.12990002040280E+05 -0.20100452920001E+07 -0.13334096959073E+05  0.23407798129729E+05
  -0.11681230023167E+06  0.33101168582311E+05 -0.59483679817805E+04 -0.60154967487132E+05  0.11122788510025E+05 -0.63007854738551E+04 -0.81559195631580E+04 -0.32795155074289E+05  0.76068801000711E+03  0.22929662067171E+04 -0.30316016578045E+03 -0.33215543609672E+02  0.88765277950495E+01 -0.65514158190578E+01 -0.17114421820931E+04  0.20403955700559E+03 -0.15754093399960E+04 -0.94518928389642E+03  0.43477085884706E+06  0.26575149541686E+04 -0.57623898117164E+04
  -0.41585828348071E+05  0.11647910041864E+05 -0.21876756259279E+04  0.64691163462842E+05 -0.63007854738551E+04  0.19968724401163E+05  0.11872975085746E+05  0.92791608916076E+05 -0.80283703152726E+04 -0.38570805235640E+04  0.80465054983396E+03 -0.90332443932866E+03 -0.89433090053602E+02  0.22209456779878E+02  0.71418716315532E+04 -0.84306253404536E+03  0.70060219666608E+04  0.41437227717385E+04 -0.22643273913078E+05 -0.98719265552202E+03 -0.14809540075463E+04
   0.38724451242807E+05 -0.91483083255102E+04  0.19056591937482E+04  0.57255080776379E+05 -0.81559195631580E+04  0.11872975085746E+05  0.93986697077639E+04  0.53886804293842E+05 -0.30876288337650E+04 -0.28710557151854E+04  0.48297272491206E+03 -0.28541791603279E+03 -0.37378064199216E+02  0.11994421527697E+02  0.34568350075870E+04 -0.41720380960470E+03  0.33004711984582E+04  0.19897470545967E+04 -0.19602196932331E+06 -0.17537363195729E+04  0.17097898503140E+04
   0.82740862751991E+06 -0.13008065136408E+06  0.32609961324646E+05  0.33359005771228E+06 -0.32795155074289E+05  0.92791608916076E+05  0.53886804293842E+05  0.50452695553159E+07 -0.25169109558311E+07 -0.86076963768142E+05  0.23068781311943E+05  0.22557409621619E+05  0.16902307371977E+04  0.12002387303415E+03  0.52863159350097E+05 -0.68565555486273E+04  0.59205403955165E+05  0.33892524778841E+05 -0.55572834084750E+06 -0.92281936803059E+04 -0.24863680016589E+04
  -0.17714776782281E+06  0.30726078244234E+05 -0.71233189860270E+04 -0.22524166606154E+05  0.76068801000711E+03 -0.80283703152726E+04 -0.30876288337650E+04 -0.25169109558311E+07  0.22189371981581E+07  0.18603736704074E+05 -0.56352401522888E+04 -0.52624272282565E+04 -0.35741910009626E+03 -0.13873986004273E+02  0.46139060153896E+05 -0.24243254204840E+04  0.19701982006949E+05  0.10438477600511E+05 -0.12013900826218E+05  0.95273247025480E+03  0.14468822061989E+04
  -0.42597243875527E+05  0.71452401381366E+04 -0.18819342114107E+04 -0.17318095500199E+05  0.22929662067171E+04 -0.38570805235640E+04 -0.28710557151854E+04 -0.86076963768142E+05  0.18603736704074E+05  0.27840099824436E+04 -0.59221772387707E+03 -0.59191769875666E+03 -0.56783764090676E+02 -0.27307319673363E+01 -0.26530308233238E+04  0.32035515676632E+03 -0.25607341185379E+04 -0.15541276094709E+04  0.50850081715088E+05  0.62950303926614E+03 -0.33818696464844E+03
   0.56886991227770E+04 -0.83997216729341E+03  0.22188818233849E+03  0.29363590393797E+04 -0.30316016578045E+03  0.80465054983396E+03  0.48297272491206E+03  0.23068781311943E+05 -0.56352401522888E+04 -0.59221772387707E+03  0.14876360646352E+03  0.15255294827870E+03  0.11979037254632E+02  0.88423126722446E+00  0.81061516825240E+03 -0.86563118299084E+02  0.73718176934474E+03  0.42334334418531E+03 -0.53189251056597E+04 -0.76466153969306E+02 -0.89344639180636E+01
   0.12591961202311E+05 -0.11579691233170E+04  0.41669699879501E+03 -0.18789190766531E+04 -0.33215543609672E+02 -0.90332443932866E+03 -0.28541791603279E+03  0.22557409621619E+05 -0.52624272282565E+04 -0.59191769875666E+03  0.15255294827870E+03  0.29000578755664E+04  0.18655688335357E+03  0.15499345877703E+01  0.63317396052597E+03 -0.94784941114467E+02  0.85471629663922E+03  0.52522294111194E+03 -0.66768845746434E+04 -0.27365422151294E+02  0.24780083309270E+03
   0.14662253696540E+04 -0.12786422984165E+03  0.55673203263532E+02 -0.21885940199786E+03  0.88765277950495E+01 -0.89433090053602E+02 -0.37378064199216E+02  0.16902307371977E+04 -0.35741910009626E+03 -0.56783764090676E+02  0.11979037254632E+02  0.18655688335357E+03  0.15903503286720E+02 -0.11138505407326E+00  0.25579805956330E+02 -0.56539794938606E+01  0.45418549470924E+02  0.32120723871378E+02 -0.24696261512023E+03  0.25225240732537E+01  0.18895215471424E+02
  -0.11395188694136E+03  0.13461930634086E+02 -0.53627487250485E+01  0.70602502784509E+02 -0.65514158190578E+01  0.22209456779878E+02  0.11994421527697E+02  0.12002387303415E+03 -0.13873986004273E+02 -0.27307319673363E+01  0.88423126722446E+00  0.15499345877703E+01 -0.11138505407326E+00  0.92611104308292E-01  0.16105077641884E+02 -0.14529006976371E+01  0.12735871188346E+02  0.67532743794820E+01 -0.10447216582877E+03 -0.15651733232436E+01 -0.49625871658115E+00
  -0.20608249325004E+05  0.36244203144883E+04 -0.13318159202948E+04  0.23258905339211E+05 -0.17114421820931E+04  0.71418716315532E+04  0.34568350075870E+04  0.52863159350097E+05  0.46139060153896E+05 -0.26530308233238E+04  0.81061516825240E+03  0.63317396052597E+03  0.25579805956330E+02  0.16105077641884E+02  0.26744365703059E+05 -0.23906618828839E+04  0.20653679348887E+05  0.11358408519734E+05 -0.25879202246008E+05  0.14264234637594E+03 -0.19901613337639E+03
   0.19558723634323E+04 -0.44116593757497E+03  0.13335345428235E+03 -0.26964882721941E+04  0.20403955700559E+03 -0.84306253404536E+03 -0.41720380960470E+03 -0.68565555486273E+04 -0.24243254204840E+04  0.32035515676632E+03 -0.86563118299084E+02 -0.94784941114467E+02 -0.56539794938606E+01 -0.14529006976371E+01 -0.23906618828839E+04  0.24916745408968E+03 -0.21415759460711E+04 -0.12254036198452E+04  0.28997587911640E+04 -0.20532852628109E+02  0.51667664384850E+02
  -0.19586879723587E+05  0.35158928933402E+04 -0.12710943811725E+04  0.22153338689953E+05 -0.15754093399960E+04  0.70060219666608E+04  0.33004711984582E+04  0.59205403955165E+05  0.19701982006949E+05 -0.25607341185379E+04  0.73718176934474E+03  0.85471629663922E+03  0.45418549470924E+02  0.12735871188346E+02  0.20653679348887E+05 -0.21415759460711E+04  0.18715154115944E+05  0.10631093509894E+05 -0.24845099797503E+05  0.19462138161527E+03 -0.20540670018047E+03
  -0.10313077775418E+05  0.21290020784413E+04 -0.69203616818092E+03  0.12990002040280E+05 -0.94518928389642E+03  0.41437227717385E+04  0.19897470545967E+04  0.33892524778841E+05  0.10438477600511E+05 -0.15541276094709E+04  0.42334334418531E+03  0.52522294111194E+03  0.32120723871378E+02  0.67532743794820E+01  0.11358408519734E+05 -0.12254036198452E+04  0.10631093509894E+05  0.61284498390943E+04 -0.14504390309402E+05  0.12254045863274E+03 -0.19977325401377E+03
  -0.67505076874537E+07  0.23305422391303E+07 -0.34891330817565E+06 -0.20100452920001E+07  0.43477085884706E+06 -0.22643273913078E+05 -0.19602196932331E+06 -0.55572834084750E+06 -0.12013900826218E+05  0.50850081715088E+05 -0.53189251056597E+04 -0.66768845746434E+04 -0.24696261512023E+03 -0.10447216582877E+03 -0.25879202246008E+05  0.28997587911640E+04 -0.24845099797503E+05 -0.14504390309402E+05  0.27840632274488E+08  0.10855546018092E+06 -0.38901287258269E+06
  -0.41470430834997E+05  0.10679284876303E+05 -0.20650249111740E+04 -0.13334096959073E+05  0.26575149541686E+04 -0.98719265552202E+03 -0.17537363195729E+04 -0.92281936803059E+04  0.95273247025480E+03  0.62950303926614E+03 -0.76466153969306E+02 -0.27365422151294E+02  0.25225240732537E+01 -0.15651733232436E+01  0.14264234637594E+03 -0.20532852628109E+02  0.19462138161527E+03  0.12254045863274E+03  0.10855546018092E+06  0.11867059138334E+04 -0.20302985814807E+04
   0.10957123794026E+06 -0.37175754874526E+05  0.56621538016328E+04  0.23407798129729E+05 -0.57623898117164E+04 -0.14809540075463E+04  0.17097898503140E+04 -0.24863680016589E+04  0.14468822061989E+04 -0.33818696464844E+03 -0.89344639180636E+01  0.24780083309270E+03  0.18895215471424E+02 -0.49625871658115E+00 -0.19901613337639E+03  0.51667664384850E+02 -0.20540670018047E+03 -0.19977325401377E+03 -0.38901287258269E+06 -0.20302985814807E+04  0.81142750254851E+04

 # Covariance matrix (Bevington epsilon)
   0.38474494376293E-03 -0.77982557099984E-04 -0.75769757734671E-02  0.21475736215913E-03  0.52127724516417E-04  0.41070102654280E-03 -0.12890564058320E-02  0.48084983522220E-04  0.32899249583901E-04 -0.67200245821406E-03 -0.11120890741940E-01 -0.88237820813495E-04 -0.11704733775137E-02  0.12148325595277E-01  0.10561515621381E-03  0.10322027621946E-02  0.73178742380790E-04 -0.39492643083149E-03  0.37346422936871E-05  0.20646084626421E-03 -0.21884685264250E-04  0.60485006374299E-03 -0.58372875478709E-03  0.80416887873794E-05  0.45968595804521E-04  0.38542064380058E-04 -0.60800866552852E-04  0.30661102568439E-04  0.46015286221139E-04  0.37804770171258E-04 -0.60838415141861E-04 -0.40144115662414E-04  0.37164857302315E-04  0.42181284648430E-04  0.34790327548395E-04 -0.41868537511711E-04 -0.48441471518022E-04  0.23817546377603E-05  0.84893753846026E-05  0.59819828995146E-04  0.67100345822494E-05
  -0.77982557099982E-04  0.13629594110435E-03  0.23424490429640E-02  0.86498800538851E-04  0.63733097568899E-03 -0.25414420451269E-03  0.36567615466663E-03 -0.54274765624807E-05 -0.38290498204786E-05  0.51770173712777E-03  0.29195155872554E-02  0.87636041184728E-04 -0.23150217287749E-03  0.19118079000026E-02 -0.13675113502163E-04  0.81183311734047E-03  0.19717011603774E-03 -0.15639103042103E-03 -0.20245167389012E-05 -0.24743341778007E-04  0.11359451589987E-04 -0.15323472583606E-02  0.43949416002600E-03  0.90189681680024E-04  0.74598191247805E-05  0.49498406324666E-05 -0.38591865824994E-04  0.33106595420443E-05  0.13503029286016E-05  0.33979197704214E-05  0.26739581041899E-04  0.14420915477715E-04 -0.10217850338020E-06  0.79813789504786E-05  0.95743695631519E-05 -0.97000259000702E-05 -0.50276727482137E-05 -0.27717836227195E-07  0.23120801836288E-08  0.79729568452483E-06 -0.40333158900220E-05
  -0.75769757734671E-02  0.23424490429641E-02  0.15717236736950E+00 -0.30487968520542E-02  0.40176363317005E-02 -0.96305827847904E-02  0.26379942906910E-01 -0.89402483955422E-03 -0.61644885299798E-03  0.16416515383565E-01  0.23651898398128E+00  0.22646732794694E-02  0.23341154674654E-01 -0.19779678768133E+00 -0.18295638230418E-02  0.14145191355674E-02  0.16665067101412E-02  0.49365577253368E-02 -0.75019229955411E-04 -0.30092271854104E-02  0.47128230789215E-03 -0.20588400288055E-01  0.13712922506461E-01  0.84349597815790E-03 -0.62718535395452E-03 -0.51472480758761E-03  0.13865381113968E-02 -0.39138200399050E-03 -0.62061912912804E-03 -0.46812159344289E-03  0.19167265343400E-02  0.14433253251040E-02 -0.64095510078862E-03 -0.52986743143913E-03 -0.40570608953181E-03  0.54422719461594E-03  0.69360036719624E-03 -0.37945225475979E-04 -0.13120436047561E-03 -0.90185750705134E-03 -0.90869188351410E-04
   0.21475736215915E-03  0.86498800538845E-04 -0.30487968520546E-02  0.12111963096341E-02  0.45934426565195E-02 -0.19528579512208E-02 -0.20238864712893E-03  0.28685046127665E-04  0.16499493603584E-04 -0.31515976731868E-03 -0.61062717437027E-02  0.34250756015115E-03 -0.43963865890285E-02  0.30075407231801E-01  0.46946839166236E-03  0.12762225142283E-01 -0.78104625121549E-03  0.26043261154501E-02  0.97553898701698E-05  0.34237738412179E-03 -0.35025903231739E-04 -0.19816211888252E-02  0.45977567956898E-03  0.22507372424387E-03  0.61301923869055E-04  0.51974945256855E-04 -0.34552259573064E-04  0.36361343532233E-04  0.62875651722400E-04  0.56499591621162E-04  0.28028878306496E-04  0.26490290227077E-05  0.25036871827615E-04  0.60526827954570E-04  0.43920773977803E-04 -0.55375107867622E-04 -0.57596194563878E-04  0.25891561161395E-05  0.12132300262368E-04  0.71982034157805E-04  0.14980023299880E-04
   0.52127724516493E-04  0.63733097568896E-03  0.40176363316989E-02  0.45934426565195E-02  0.25550885267159E-01 -0.12814614869400E-01  0.11473381406852E-01 -0.37809022897194E-04 -0.37299652945768E-04  0.45981225107673E-02  0.25168267090518E-01  0.62737117363391E-03 -0.44107744129205E-02  0.18115793755759E+00  0.13431496108297E-02  0.35904260991135E-01 -0.49962559235541E-02  0.12201248515042E-01  0.83511587411570E-06 -0.23525318416767E-03  0.27574339783919E-03 -0.55790267257964E-02  0.30493770857661E-03  0.55670864782446E-03  0.14511796457970E-03  0.14632143484680E-03 -0.18645440810165E-03  0.15111214106191E-03  0.98559849978828E-04  0.12315232854000E-03  0.26179079779445E-03  0.15433795197514E-03  0.22908639555690E-04  0.10457722381486E-03  0.48084560310467E-04 -0.50999780552950E-04 -0.79123624593170E-04  0.59170330022871E-05  0.30208440281992E-04  0.17842180203034E-03  0.20613685412455E-04
   0.41070102654276E-03 -0.25414420451268E-03 -0.96305827847897E-02 -0.19528579512208E-02 -0.12814614869400E-01  0.84484530619756E-02 -0.99157456961590E-02  0.10950765961427E-03  0.81406370333969E-04 -0.28130302449341E-02 -0.34420103211655E-01  0.15919692731137E-03 -0.98041724013031E-03 -0.15659302510875E+00 -0.47900794006078E-03 -0.21521637715665E-01  0.21412391099605E-02 -0.67828295939882E-02 -0.49161372818478E-05 -0.71559265893695E-03 -0.38715554111835E-03  0.37326329416973E-02 -0.10040056956900E-02 -0.34112358848045E-03 -0.18416786683047E-04 -0.30311346830760E-04 -0.23686974240609E-03 -0.90910754387515E-04 -0.63108142656480E-06 -0.23539286765207E-04 -0.28918554293773E-03 -0.27168704171049E-03  0.41569828028760E-04  0.11714794705325E-05  0.14504172896315E-04 -0.28347131556500E-05 -0.52571605300088E-05 -0.70938936519767E-06 -0.49266758469261E-05 -0.36694113053246E-04 -0.76053870769938E-04
  -0.12890564058320E-02  0.36567615466663E-03  0.26379942906909E-01 -0.20238864712890E-03  0.11473381406852E-01 -0.99157456961590E-02  0.22071179647900E-01 -0.26790921699315E-03 -0.18487413287847E-03  0.95123054509946E-02  0.93618345637863E-01 -0.16659224293917E-02  0.22926088088291E-01  0.15815304002151E+00 -0.76745720954691E-03 -0.67256159343887E-02 -0.95356816301548E-03  0.20335856944033E-02 -0.36644052302665E-04 -0.23188419003957E-03  0.10073352135861E-02  0.33381625999732E-03 -0.88808611343231E-03 -0.15718307248265E-04 -0.85284665556645E-04 -0.27229707011929E-04  0.31311075706968E-03  0.11883701413231E-03 -0.14000020969882E-03 -0.63081103097300E-04  0.57105608845578E-03  0.62772647458251E-03 -0.12491758344329E-03 -0.13210202944382E-03 -0.10810697695427E-03  0.11578283796792E-03  0.11333439472164E-03 -0.37954727424141E-05 -0.16679264318153E-04 -0.65250331052244E-04  0.90750982190583E-04
   0.48084983522221E-04 -0.54274765624812E-05 -0.89402483955424E-03  0.28685046127663E-04 -0.37809022897205E-04  0.10950765961428E-03 -0.26790921699316E-03  0.25661007749572E-04  0.19333601982391E-04 -0.26644590930052E-03 -0.45954344166126E-02  0.15588924823717E-04 -0.32429809007498E-03 -0.23093496567833E-02 -0.25262350312304E-04  0.16140012799645E-04  0.18547505232600E-03 -0.26867189705328E-03  0.45517255924276E-06  0.16448109626541E-04 -0.12182487178622E-04 -0.71495909592836E-04  0.24228713504845E-05  0.12658369648474E-04  0.87315139422050E-05  0.79159224850995E-05  0.42130650094794E-05  0.87856657046991E-05  0.90083625749160E-05  0.80623394431361E-05  0.10788299379055E-05  0.17479149029869E-05  0.92859535303492E-05  0.83397888466821E-05  0.75882229911753E-05  0.22353612644338E-06  0.26244240664761E-06  0.38562173211595E-06  0.15461447749669E-05  0.12439389639340E-04  0.58839473474062E-06
   0.32899249583902E-04 -0.38290498204790E-05 -0.61644885299799E-03  0.16499493603582E-04 -0.37299652945775E-04  0.81406370333973E-04 -0.18487413287847E-03  0.19333601982391E-04  0.15386926839500E-04 -0.18188653317567E-03 -0.33731596578116E-02  0.91159424986196E-05 -0.20842409786849E-03 -0.17515528503400E-02 -0.33150801081123E-04 -0.25157867430891E-03  0.15115042181280E-03 -0.24485882630222E-03  0.27732100429175E-06  0.84519709368568E-05 -0.87203155032111E-05 -0.50054628431644E-04  0.28687048248109E-05  0.74936148667139E-05  0.57004807763273E-05  0.51502370170496E-05  0.15185346256896E-05  0.61197459520929E-05  0.57918317037427E-05  0.51207083135039E-05 -0.48164224737787E-06  0.65811371294471E-07  0.64373242521027E-05  0.53788593024386E-05  0.48463090300809E-05  0.12736871077691E-05  0.11395853966582E-05  0.23661707975849E-06  0.20596319881833E-06  0.79470478958879E-05  0.20177123446791E-06
  -0.67200245821408E-03  0.51770173712778E-03  0.16416515383565E-01 -0.31515976731868E-03  0.45981225107674E-02 -0.28130302449341E-02  0.95123054509946E-02 -0.26644590930052E-03 -0.18188653317567E-03  0.22224515303609E-01  0.11360160369482E+00 -0.14191798715133E-02  0.30872037052665E-01 -0.17885514188167E-01 -0.44367527951375E-03 -0.47613766658457E-01 -0.98335682903271E-02  0.88697946222688E-02 -0.27982579510308E-04 -0.35889848356717E-02  0.18183337901514E-03  0.67340411804872E-02 -0.20976734858707E-02 -0.10386108181350E-02 -0.70694281230226E-04 -0.17183560961899E-04 -0.17903213410361E-02  0.46492398972068E-04 -0.90536458644627E-04 -0.41712567955731E-04 -0.39941027665828E-04 -0.45684445730451E-04 -0.30770382480521E-04 -0.58458111667028E-04 -0.45017208891458E-04  0.55909300781335E-03  0.38167573912282E-03 -0.58212895700876E-05 -0.33942649460893E-04 -0.12355599506095E-03 -0.17973690586104E-03
  -0.11120890741940E-01  0.29195155872555E-02  0.23651898398129E+00 -0.61062717437023E-02  0.25168267090521E-01 -0.34420103211657E-01  0.93618345637864E-01 -0.45954344166126E-02 -0.33731596578116E-02  0.11360160369482E+00  0.12683343512634E+01 -0.79832153411326E-02  0.18512528185043E+00  0.31348745167590E+00 -0.17092118112624E-03 -0.16502258484896E+00 -0.41116512434402E-01  0.29555984785346E-01 -0.17115033317570E-03 -0.14656890794079E-01  0.55551406966629E-02  0.42289103659248E-01 -0.17591026384031E-01 -0.25674089247247E-02 -0.36655208114163E-03  0.22576173028856E-03  0.25847109358397E-02  0.58301235577373E-03 -0.36128554046161E-03  0.34991171342502E-03  0.68960742380277E-02  0.70275809525256E-02 -0.17164251513417E-02 -0.31833955134451E-03  0.25055060193220E-03 -0.27114717534977E-03 -0.90886589776645E-03 -0.13759522162569E-04 -0.87957032839153E-04 -0.22690019888224E-03 -0.18252910611253E-03
  -0.88237820813487E-04  0.87636041184727E-04  0.22646732794692E-02  0.34250756015116E-03  0.62737117363395E-03  0.15919692731136E-03 -0.16659224293917E-02  0.15588924823718E-04  0.91159424986207E-05 -0.14191798715134E-02 -0.79832153411330E-02  0.23805239922087E-02 -0.26485281732800E-01 -0.79254304218775E-01  0.25517643812618E-03  0.34894488384484E-02 -0.39012434428189E-03  0.89148192845244E-03  0.31967960159097E-05  0.20486329526455E-03 -0.19507195453046E-04 -0.13246662745572E-02  0.67196307720424E-03  0.75000068426692E-04 -0.78878887659908E-05 -0.10974436060005E-05  0.38485950279451E-04 -0.15971149099113E-04  0.26843869919899E-05  0.50926895189386E-05  0.96180794904162E-04 -0.33386300146465E-04 -0.64277476135562E-05  0.81510930010752E-05  0.56429062050854E-05 -0.43188083541127E-05 -0.27638646789327E-05 -0.10328474228369E-06  0.17170474095730E-05 -0.30180049677232E-05  0.25387214737281E-04
  -0.11704733775138E-02 -0.23150217287746E-03  0.23341154674657E-01 -0.43963865890285E-02 -0.44107744129204E-02 -0.98041724013042E-03  0.22926088088291E-01 -0.32429809007500E-03 -0.20842409786850E-03  0.30872037052665E-01  0.18512528185044E+00 -0.26485281732800E-01  0.43656737261434E+00  0.74121428169197E+00 -0.41398225639701E-02 -0.10467354895745E+00  0.48101525044871E-02 -0.22248385302965E-01 -0.87936726390341E-04 -0.85493609923060E-02 -0.18417201358150E-02  0.21592467685435E-01 -0.11460541375004E-01 -0.16833580971281E-02  0.20788000198754E-03  0.95474052101492E-04 -0.34115847582045E-03  0.30016126066291E-03  0.11745835622715E-03  0.28209131584513E-05  0.12252761982623E-02  0.12786433750838E-02  0.31456239418396E-04  0.13097580790478E-03 -0.20836739325888E-04 -0.52098305844099E-04 -0.17862928770034E-03  0.79794803646929E-05  0.27481563652918E-04  0.31150047187694E-04 -0.67866946059240E-03
   0.12148325595278E-01  0.19118079000023E-02 -0.19779678768134E+00  0.30075407231800E-01  0.18115793755759E+00 -0.15659302510875E+00  0.15815304002151E+00 -0.23093496567832E-02 -0.17515528503400E-02 -0.17885514188167E-01  0.31348745167588E+00 -0.79254304218775E-01  0.74121428169198E+00  0.30589791758793E+02  0.12367397239220E-01  0.82464094121373E+00 -0.91848743072875E-01  0.28031157729014E+00  0.36396415109618E-03  0.16298126173030E+00  0.98916049807540E-02  0.36003217737483E-03 -0.11350670624563E-01 -0.11246683102283E-01  0.40517534057531E-02 -0.45196384955422E-03  0.12395816569421E-01  0.81083349237336E-02  0.42123975914013E-02 -0.59321485867355E-03  0.84257987350737E-02  0.29812731486700E-02  0.29341216685768E-02  0.46835688097425E-02 -0.27738386679125E-03  0.14746254596859E-02  0.83759512588382E-03  0.21069572816223E-03  0.65430180947244E-03  0.66658039457876E-03  0.28711222993536E-02
   0.10561515621382E-03 -0.13675113502166E-04 -0.18295638230420E-02  0.46946839166236E-03  0.13431496108297E-02 -0.47900794006076E-03 -0.76745720954696E-03 -0.25262350312302E-04 -0.33150801081122E-04 -0.44367527951378E-03 -0.17092118112671E-03  0.25517643812618E-03 -0.41398225639701E-02  0.12367397239221E-01  0.14579337414744E-02  0.29802672941658E-01 -0.31878869986864E-02  0.86032047440707E-02  0.53404620543504E-05  0.24921841973295E-03 -0.30341790315740E-04  0.15176837728786E-03  0.15056708567601E-03  0.32719539542568E-04  0.21936760194336E-04  0.16459459249324E-04 -0.27692213750734E-05 -0.26348535988262E-04  0.29757497681130E-04  0.25175669794387E-04 -0.35636013809479E-04 -0.41114592357587E-04  0.13536379251317E-04  0.24917547431093E-04  0.20441403961272E-04 -0.67533253941518E-05  0.23442888668780E-05  0.12283562918701E-05  0.49771882790575E-05  0.23312091376764E-04  0.70191012471133E-05
   0.10322027621948E-02  0.81183311734040E-03  0.14145191355635E-02  0.12762225142284E-01  0.35904260991136E-01 -0.21521637715665E-01 -0.67256159343886E-02  0.16140012799685E-04 -0.25157867430888E-03 -0.47613766658458E-01 -0.16502258484897E+00  0.34894488384482E-02 -0.10467354895745E+00  0.82464094121376E+00  0.29802672941658E-01  0.13167569290988E+01  0.19292612097678E-01  0.16790305912204E+00  0.16794103729649E-03  0.27842150427267E-01 -0.30518034209310E-02 -0.68870094086797E-01  0.40465653278531E-01  0.10127726898618E-01  0.99262223580095E-03  0.54567289020169E-03  0.23964676552809E-02 -0.21257684736651E-04  0.16063764988062E-02  0.12339846635696E-02  0.11918777812414E-02  0.14511092447874E-02  0.55283789499194E-03  0.13503877650624E-02  0.10438687055662E-02 -0.41943061919695E-02 -0.21532175799262E-02  0.51741346225543E-04  0.25420479531598E-03  0.97009633832297E-03  0.13248779972032E-02
   0.73178742380766E-04  0.19717011603776E-03  0.16665067101418E-02 -0.78104625121545E-03 -0.49962559235538E-02  0.21412391099603E-02 -0.95356816301505E-03  0.18547505232599E-03  0.15115042181280E-03 -0.98335682903268E-02 -0.41116512434399E-01 -0.39012434428192E-03  0.48101525044877E-02 -0.91848743072874E-01 -0.31878869986864E-02  0.19292612097679E-01  0.28997042705283E-01 -0.42071531157271E-01  0.47581030568293E-07  0.37241957241543E-02 -0.39994901175292E-03 -0.15561635545688E-01  0.48679267438522E-02  0.22760195959645E-02  0.14452397464794E-03  0.94800716059356E-04  0.77596968521938E-03  0.21157808988944E-03  0.20774775668035E-03  0.17258677079118E-03  0.72693213187970E-03  0.79269909973063E-03 -0.13468053043843E-05  0.19400787092537E-03  0.17267040708911E-03 -0.13377809267989E-02 -0.10049304609064E-02  0.12546906234726E-04  0.54672874410491E-04  0.30402926608850E-03  0.24615976139640E-03
  -0.39492643083143E-03 -0.15639103042106E-03  0.49365577253352E-02  0.26043261154501E-02  0.12201248515042E-01 -0.67828295939879E-02  0.20335856944026E-02 -0.26867189705327E-03 -0.24485882630221E-03  0.88697946222683E-02  0.29555984785340E-01  0.89148192845246E-03 -0.22248385302966E-01  0.28031157729015E+00  0.86032047440706E-02  0.16790305912204E+00 -0.42071531157271E-01  0.93728848528701E-01  0.18256551407798E-04 -0.18727675733106E-02 -0.57268339717700E-05  0.12861039550596E-01  0.38033336022187E-03 -0.23150448005573E-02 -0.21029534441887E-03 -0.20461522074766E-03 -0.12634661836212E-02 -0.43076654068610E-03 -0.22399159479668E-03 -0.23846830122485E-03 -0.13279892142981E-02 -0.13894762642462E-02  0.10506644013296E-03 -0.23177386741900E-03 -0.25612243273684E-03  0.18236670711006E-02  0.16318829603253E-02 -0.21355880028185E-04 -0.87578378632105E-04 -0.56699810619585E-03 -0.22630116826832E-03
   0.37346422936871E-05 -0.20245167389012E-05 -0.75019229955412E-04  0.97553898701698E-05  0.83511587411558E-06 -0.49161372818478E-05 -0.36644052302664E-04  0.45517255924276E-06  0.27732100429175E-06 -0.27982579510308E-04 -0.17115033317569E-03  0.31967960159096E-05 -0.87936726390339E-04  0.36396415109619E-03  0.53404620543503E-05  0.16794103729649E-03  0.47581030568691E-07  0.18256551407798E-04  0.51591358837206E-06  0.19243092847442E-04  0.54642487202234E-05 -0.43306100105860E-04  0.18777173047106E-04  0.48888300390669E-05  0.68752353449589E-06  0.40503781081845E-06  0.17229808744147E-05  0.34646244483268E-06  0.93401368895988E-06  0.68440754597460E-06  0.13832100848073E-07  0.20606675390057E-06  0.26820294254970E-06  0.79573019529759E-06  0.78783956555302E-06 -0.11943056619247E-05 -0.10152115156028E-05  0.30947948806952E-07  0.13676590960286E-06  0.85859506186008E-06  0.77955551591357E-06
   0.20646084626422E-03 -0.24743341778008E-04 -0.30092271854105E-02  0.34237738412179E-03 -0.23525318416765E-03 -0.71559265893697E-03 -0.23188419003952E-03  0.16448109626541E-04  0.84519709368569E-05 -0.35889848356716E-02 -0.14656890794079E-01  0.20486329526454E-03 -0.85493609923058E-02  0.16298126173030E+00  0.24921841973295E-03  0.27842150427267E-01  0.37241957241543E-02 -0.18727675733107E-02  0.19243092847442E-04  0.78949329734062E-02  0.48451928565965E-03 -0.29145780153042E-02  0.15085832640442E-02  0.80505534937655E-03  0.83433694592099E-04 -0.57591986635562E-04  0.22781994629700E-03  0.44817498084491E-04  0.95308273235822E-04 -0.56718523840173E-04  0.11628429556459E-03  0.10003800366585E-03  0.34296976104807E-04  0.58191462773780E-04 -0.72494694033407E-04 -0.22074623488019E-03 -0.15814820871060E-03  0.30535112651182E-05  0.92337925508685E-05  0.56239138134385E-04  0.28343688300393E-03
  -0.21884685264251E-04  0.11359451589988E-04  0.47128230789216E-03 -0.35025903231739E-04  0.27574339783920E-03 -0.38715554111835E-03  0.10073352135861E-02 -0.12182487178622E-04 -0.87203155032111E-05  0.18183337901515E-03  0.55551406966629E-02 -0.19507195453044E-04 -0.18417201358150E-02  0.98916049807539E-02 -0.30341790315737E-04 -0.30518034209310E-02 -0.39994901175294E-03 -0.57268339717360E-05  0.54642487202233E-05  0.48451928565965E-03  0.81014981784400E-03  0.58202351742395E-03 -0.24259298098012E-03  0.10042475881780E-05  0.82460269316096E-05  0.50569498263600E-05  0.13738652499046E-03  0.20695606731721E-04 -0.14089149475003E-05  0.23886295629388E-04  0.58239145315449E-04  0.84732251079859E-04 -0.13057753595512E-04 -0.19261838588409E-04  0.38931593974721E-04 -0.16990739114069E-04 -0.21332098315710E-04  0.59475460703459E-06  0.31425574566296E-05  0.23638132033621E-04  0.18158148035928E-04
   0.60485006374295E-03 -0.15323472583606E-02 -0.20588400288054E-01 -0.19816211888253E-02 -0.55790267257969E-02  0.37326329416976E-02  0.33381625999713E-03 -0.71495909592843E-04 -0.50054628431649E-04  0.67340411804872E-02  0.42289103659249E-01 -0.13246662745571E-02  0.21592467685435E-01  0.36003217736985E-03  0.15176837728783E-03 -0.68870094086798E-01 -0.15561635545688E-01  0.12861039550596E-01 -0.43306100105861E-04 -0.29145780153042E-02  0.58202351742394E-03  0.57418334551375E-01 -0.20159819299751E-01 -0.35461610442987E-02 -0.64744796766914E-04 -0.19475684587120E-05  0.33856891169728E-03  0.51917681218370E-04 -0.87440291726418E-04 -0.48522453172634E-04  0.14978803661263E-03  0.19842189601026E-03 -0.86859926689783E-05 -0.26742915607013E-03 -0.22998442780111E-03  0.74189816399598E-03  0.42521571970561E-03 -0.14786982564499E-06 -0.35997279189616E-05  0.94221154398701E-05 -0.16601275749700E-03
  -0.58372875478707E-03  0.43949416002601E-03  0.13712922506461E-01  0.45977567956903E-03  0.30493770857683E-03 -0.10040056956901E-02 -0.88808611343225E-03  0.24228713504883E-05  0.28687048248137E-05 -0.20976734858708E-02 -0.17591026384032E-01  0.67196307720424E-03 -0.11460541375004E-01 -0.11350670624561E-01  0.15056708567601E-03  0.40465653278531E-01  0.48679267438522E-02  0.38033336022187E-03  0.18777173047106E-04  0.15085832640442E-02 -0.24259298098012E-03 -0.20159819299751E-01  0.10331468521699E-01  0.84677822636331E-03 -0.60920070387521E-04 -0.92352676174976E-04 -0.40733239379248E-03 -0.10854666843662E-03  0.21153354957556E-04 -0.31506349563026E-05 -0.24832604237870E-03 -0.27028370352137E-03  0.40544636496066E-05  0.47855503383962E-04  0.45305660075816E-04 -0.57811192682265E-04  0.73946912881190E-04 -0.60403919985699E-05 -0.24477037908344E-04 -0.15902206711434E-03  0.54504996985863E-04
   0.80416887873812E-05  0.90189681680025E-04  0.84349597815787E-03  0.22507372424388E-03  0.55670864782451E-03 -0.34112358848048E-03 -0.15718307248231E-04  0.12658369648475E-04  0.74936148667139E-05 -0.10386108181350E-02 -0.25674089247246E-02  0.75000068426688E-04 -0.16833580971281E-02 -0.11246683102283E-01  0.32719539542573E-04  0.10127726898618E-01  0.22760195959645E-02 -0.23150448005572E-02  0.48888300390669E-05  0.80505534937655E-03  0.10042475881795E-05 -0.35461610442987E-02  0.84677822636330E-03  0.73977777915593E-03  0.39083597490405E-04  0.26428887306720E-04  0.13074903537487E-03  0.24058094311895E-04  0.20474672225651E-04  0.13817732916660E-04  0.11004274947460E-03  0.12413681761014E-03  0.11001415359401E-05  0.75382414672428E-05  0.69747409951284E-05 -0.15745322000723E-03 -0.12168716926312E-03  0.19574394254066E-05  0.87495375644219E-05  0.55909866892340E-04  0.44834050203871E-04
   0.45968595804521E-04  0.74598191247802E-05 -0.62718535395452E-03  0.61301923869053E-04  0.14511796457970E-03 -0.18416786683045E-04 -0.85284665556643E-04  0.87315139422049E-05  0.57004807763273E-05 -0.70694281230221E-04 -0.36655208114159E-03 -0.78878887659919E-05  0.20788000198756E-03  0.40517534057531E-02  0.21936760194336E-04  0.99262223580094E-03  0.14452397464793E-03 -0.21029534441887E-03  0.68752353449588E-06  0.83433694592098E-04  0.82460269316098E-05 -0.64744796766907E-04 -0.60920070387524E-04  0.39083597490404E-04  0.29603849747070E-04  0.19708618935117E-04  0.49719358020409E-04  0.17727213238277E-04  0.22498382073879E-04  0.21914155959956E-04  0.48106346094117E-04  0.48695936623040E-04  0.80509347072549E-05  0.21193582898685E-04  0.20318159114885E-04 -0.19101992957701E-04 -0.20268826439233E-04  0.83653482380678E-06  0.33340990061926E-05  0.24877734875107E-04  0.50111506727220E-05
   0.38542064380058E-04  0.49498406324664E-05 -0.51472480758760E-03  0.51974945256854E-04  0.14632143484680E-03 -0.30311346830759E-04 -0.27229707011926E-04  0.79159224850994E-05  0.51502370170495E-05 -0.17183560961893E-04  0.22576173028860E-03 -0.10974436060013E-05  0.95474052101503E-04 -0.45196384955423E-03  0.16459459249324E-04  0.54567289020168E-03  0.94800716059350E-04 -0.20461522074766E-03  0.40503781081844E-06 -0.57591986635563E-04  0.50569498263602E-05 -0.19475684587049E-05 -0.92352676174978E-04  0.26428887306719E-04  0.19708618935117E-04  0.37791451173476E-04  0.58109556553167E-04  0.18382516984163E-04  0.21456804748258E-04  0.24931709782078E-04  0.52924093591553E-04  0.55843761237919E-04  0.61468411690386E-05  0.20642637327237E-04  0.23357994824561E-04 -0.17379474657876E-04 -0.19619712583291E-04  0.81969164955069E-06  0.34184915103368E-05  0.25908317408897E-04  0.20858199003740E-05
  -0.60800866552853E-04 -0.38591865824993E-04  0.13865381113969E-02 -0.34552259573061E-04 -0.18645440810162E-03 -0.23686974240611E-03  0.31311075706971E-03  0.42130650094791E-05  0.15185346256894E-05 -0.17903213410361E-02  0.25847109358398E-02  0.38485950279451E-04 -0.34115847582045E-03  0.12395816569421E-01 -0.27692213750700E-05  0.23964676552809E-02  0.77596968521936E-03 -0.12634661836211E-02  0.17229808744146E-05  0.22781994629700E-03  0.13738652499047E-03  0.33856891169728E-03 -0.40733239379248E-03  0.13074903537487E-03  0.49719358020409E-04  0.58109556553167E-04  0.78993743014273E-03  0.59178559194707E-04  0.53394202909548E-04  0.66543208807353E-04  0.30710967625460E-03  0.31314673653382E-03 -0.96124685232387E-05  0.44067247890383E-04  0.60281226075975E-04 -0.85337695762542E-04 -0.83088387530675E-04  0.23687852264596E-05  0.11139271975186E-04  0.77866426782985E-04  0.30070046512804E-04
   0.30661102568438E-04  0.33106595420441E-05 -0.39138200399050E-03  0.36361343532231E-04  0.15111214106191E-03 -0.90910754387515E-04  0.11883701413231E-03  0.87856657046989E-05  0.61197459520928E-05  0.46492398972075E-04  0.58301235577379E-03 -0.15971149099114E-04  0.30016126066292E-03  0.81083349237336E-02 -0.26348535988261E-04 -0.21257684736663E-04  0.21157808988944E-03 -0.43076654068609E-03  0.34646244483266E-06  0.44817498084489E-04  0.20695606731721E-04  0.51917681218377E-04 -0.10854666843662E-03  0.24058094311895E-04  0.17727213238277E-04  0.18382516984163E-04  0.59178559194707E-04  0.57056894300782E-04  0.19243007759228E-04  0.20537049593213E-04  0.62019645099886E-04  0.62287214602439E-04  0.58465852704694E-05  0.17879707151266E-04  0.18859989986119E-04 -0.18669820399188E-04 -0.20151319598406E-04  0.88367865455492E-06  0.37727931813785E-05  0.26081605578346E-04  0.49970655053434E-05
   0.46015286221139E-04  0.13503029286015E-05 -0.62061912912803E-03  0.62875651722399E-04  0.98559849978825E-04 -0.63108142656483E-06 -0.14000020969882E-03  0.90083625749158E-05  0.57918317037426E-05 -0.90536458644621E-04 -0.36128554046156E-03  0.26843869919887E-05  0.11745835622717E-03  0.42123975914013E-02  0.29757497681130E-04  0.16063764988062E-02  0.20774775668034E-03 -0.22399159479667E-03  0.93401368895987E-06  0.95308273235821E-04 -0.14089149475001E-05 -0.87440291726411E-04  0.21153354957553E-04  0.20474672225650E-04  0.22498382073879E-04  0.21456804748258E-04  0.53394202909548E-04  0.19243007759228E-04  0.30159013299277E-04  0.27491805590929E-04  0.55474795110646E-04  0.55398986040617E-04  0.83890175298936E-05  0.27341208663674E-04  0.25752178472921E-04 -0.23243809259670E-04 -0.23574301100862E-04  0.91188484442681E-06  0.36754413940615E-05  0.26666861990952E-04  0.61157209229998E-05
