# fitpack10: fit parameters                                                                         
# CJ15_WJC2                                                                                         
# Created on 06/25/2015 at 15:44:47                                                                 

 # QCD setup
  INS	                    0
  NVL                          11
  IORD                          1
  Q02                   1.6899999999999999     
  IPARAMC                       7
  FLAVOR                4.0000000000000000     
  xmc                   1.3000000000000000     
  xmb                   4.5000000000000000     
  ncb                          12

 # Theory corrections
  inuke                     10344
  itmc                          1
  iht                           1

 # fit parameters
 LAMBDA       0.22680        0.0000    
 a0uv          2.3542        0.0000    
 a1uv         0.60932       0.20003E-01
 a2uv          3.5383       0.11373E-01
 a3uv          0.0000        0.0000    
 a4uv          3.5234       0.42058    
 a5uv          0.0000        0.0000    
 a0dv          21.855        0.0000    
 a1dv          1.1267       0.34950E-01
 a2dv          6.5287       0.16073    
 a3dv         -3.5306       0.93560E-01
 a4dv          4.8638       0.15024    
 a5dv          0.0000        0.0000    
 a0ud         0.14159       0.50541E-02
 a1ud        -0.21755       0.39409E-02
 a2ud          8.4162       0.14959    
 a3ud          0.0000        0.0000    
 a4ud          16.039        1.1507    
 a5ud          0.0000        0.0000    
 a0du          35712.        0.0000    
 a1du          3.9787       0.49724E-01
 a2du          20.372       0.66862    
 a3du          17.000        0.0000    
 a4du          45.662        5.2906    
 a0g           45.305        0.0000    
 a1g          0.61182       0.38204E-01
 a2g           6.1305        1.1533    
 a3g          -3.2388       0.16935    
 a4g           2.9710       0.30583    
 a5g           0.0000        0.0000    
 kappa        0.40000        0.0000    
 a6dv        -0.39687E-02   0.74092E-03
 a7dv          2.0000        0.0000    
 x0_KP        0.28300       0.10620    
 C_KP         0.76919E-01   0.28451E-01
 ht1          -3.0284       0.24478    
 ht2           1.7563       0.10386    
 ht3          -2.0892       0.28024E-01
 ht4           0.0000        0.0000    
 dummy40       0.0000        0.0000    
 dummy41       0.0000        0.0000    
 dummy42       0.0000        0.0000    
 dummy43       0.0000        0.0000    
 dummy44       0.0000        0.0000    
 dummy45       0.0000        0.0000    
 dummy46       0.0000        0.0000    
 dummy47       0.0000        0.0000    
 dummy48       0.0000        0.0000    
 dummy49       0.0000        0.0000    
 bcdmsh2      0.97163       0.54383E-02
 bcdmsd2      0.99456       0.61587E-02
 ccfr          1.0000        0.0000    
 nutev         1.0000        0.0000    
 zeus         0.97998        0.0000    
 h1            1.0162        0.0000    
 e605          1.0325       0.27987E-01
 NmcH2         1.0152       0.75574E-02
 ntv_nu        1.0000        0.0000    
 ntv_nubar     1.0000        0.0000    
 cdf_jet      0.98910        0.0000    
 d0_jet       0.83504        0.0000    
 slac_p        1.0024       0.54969E-02
 slac_d        1.0053       0.58261E-02
 e866pp       0.97878       0.18507E-01
 e866pd       0.99263       0.17043E-01
 d0_gamjet     1.0370       0.16537E-01
 h1b          0.97608        0.0000    
 jlab_p       0.99352       0.63283E-02
 jlab_d       0.97804       0.64115E-02
 blank         1.0000        0.0000    
 d0run2       0.93563       0.15669E-01
 cdfrun2      0.92188       0.18093E-01
 HERA_el      0.99977       0.34134E-02
 HERA_ps      0.99514       0.31420E-02
 CDF_Z        0.97406       0.68407E-02
 NmcRat        1.0000        0.0000    
 BNS_F2nd     0.98371       0.61743E-02
 END 0. 0.

 # Hessian matrix (Bevington alpha)
   0.46593270037284E+07 -0.12513544498046E+07  0.22028820360311E+06  0.43630052566884E+06 -0.11981470805116E+06 -0.38200868793511E+05  0.40736771738636E+05  0.84525705660038E+06 -0.17964517289500E+06 -0.42934538365922E+05  0.56785485722641E+04  0.12625009050251E+05  0.14635697877474E+04 -0.11586358137727E+03 -0.20556280122342E+05  0.19546382645644E+04 -0.19482668189546E+05 -0.10259347542013E+05 -0.64457722208399E+07 -0.32958167112589E+05  0.12932722169367E+06
  -0.12513544498046E+07  0.40151904299692E+06 -0.60646939967468E+05 -0.12776442353187E+06  0.33858016620018E+05  0.10596599818760E+05 -0.97029810640530E+04 -0.13137004035584E+06  0.30834174138273E+05  0.71315070696611E+04 -0.82905738497110E+03 -0.11506553769669E+04 -0.12661223454322E+03  0.13653956029364E+02  0.36566922745967E+04 -0.44733614910760E+03  0.35372045820888E+04  0.21466865596832E+04  0.22081221830319E+07  0.83186105537872E+04 -0.41873075466096E+05
   0.22028820360311E+06 -0.60646939967468E+05  0.10493793661059E+05  0.20885434978504E+05 -0.57788486600966E+04 -0.19312729481207E+04  0.18976821223662E+04  0.31794902323965E+05 -0.69000807226337E+04 -0.18089363506729E+04  0.21138657939819E+03  0.40480894009808E+03  0.53691397241798E+02 -0.52875028677405E+01 -0.12854387986183E+04  0.12865109729462E+03 -0.12197811001084E+04 -0.66361123472526E+03 -0.31504390056712E+06 -0.15557982840390E+04  0.62892262120352E+04
   0.43630052566884E+06 -0.12776442353187E+06  0.20885434978504E+05  0.38750496703027E+06 -0.61035809907076E+05  0.65081116663198E+05  0.57477778198018E+05  0.33806253874086E+06 -0.22882270113484E+05 -0.17364511354327E+05  0.29081563217927E+04 -0.18941720477001E+04 -0.21893640145547E+03  0.72285071874995E+02  0.23416556073258E+05 -0.27297570867852E+04  0.22162634748172E+05  0.13030005716223E+05 -0.19181628915464E+07 -0.10699262573628E+05  0.29798069902455E+05
  -0.11981470805116E+06  0.33858016620018E+05 -0.57788486600966E+04 -0.61035809907076E+05  0.11438811025308E+05 -0.64295874811564E+04 -0.82790717352827E+04 -0.33245748439365E+05  0.77174705689588E+03  0.23050238723608E+04 -0.30026255607465E+03 -0.32375072081954E+02  0.88745163783539E+01 -0.67543461221948E+01 -0.17260459714437E+04  0.20717757726064E+03 -0.15788553412097E+04 -0.95031617069148E+03  0.42413636381910E+06  0.21465002939960E+04 -0.71839713260876E+04
  -0.38200868793511E+05  0.10596599818760E+05 -0.19312729481207E+04  0.65081116663198E+05 -0.64295874811564E+04  0.19526591309458E+05  0.11707779527735E+05  0.92812791247118E+05 -0.79784640639244E+04 -0.38379890739974E+04  0.78734985693235E+03 -0.88791225903177E+03 -0.87657223216000E+02  0.22404372343702E+02  0.70896687972492E+04 -0.84104140616607E+03  0.69129512861183E+04  0.40981673811898E+04 -0.31591435500517E+05 -0.85095199510698E+03 -0.80059709457843E+03
   0.40736771738636E+05 -0.97029810640530E+04  0.18976821223662E+04  0.57477778198018E+05 -0.82790717352827E+04  0.11707779527735E+05  0.93287922215832E+04  0.53934103913344E+05 -0.30711268910459E+04 -0.28550761603940E+04  0.47261584971956E+03 -0.28167480146321E+03 -0.36727617799222E+02  0.12151615667152E+02  0.34372594277488E+04 -0.41724490620867E+03  0.32625867348917E+04  0.19722896276620E+04 -0.19249718417857E+06 -0.14308824687335E+04  0.26621852087398E+04
   0.84525705660038E+06 -0.13137004035584E+06  0.31794902323965E+05  0.33806253874086E+06 -0.33245748439365E+05  0.92812791247118E+05  0.53934103913344E+05  0.51346711384762E+07 -0.25385559776372E+07 -0.86888870376063E+05  0.23040463907240E+05  0.22602185595546E+05  0.16924768135452E+04  0.12567480317274E+03  0.53367179337714E+05 -0.69595005206634E+04  0.59445230327705E+05  0.34108238179042E+05 -0.53424353346039E+06 -0.76324051092821E+04  0.20194069733289E+04
  -0.17964517289500E+06  0.30834174138273E+05 -0.69000807226337E+04 -0.22882270113484E+05  0.77174705689588E+03 -0.79784640639244E+04 -0.30711268910459E+04 -0.25385559776372E+07  0.22178708621848E+07  0.18654290351200E+05 -0.55938435960728E+04 -0.52411753006613E+04 -0.35566461943767E+03 -0.14721586973269E+02  0.46242111789508E+05 -0.24446186943525E+04  0.19678892135345E+05  0.10454421450743E+05 -0.11245567372071E+05  0.79802073249739E+03  0.97671602009888E+03
  -0.42934538365922E+05  0.71315070696611E+04 -0.18089363506729E+04 -0.17364511354327E+05  0.23050238723608E+04 -0.38379890739974E+04 -0.28550761603940E+04 -0.86888870376063E+05  0.18654290351200E+05  0.27831811274247E+04 -0.58517111669230E+03 -0.58634487259165E+03 -0.56216349983917E+02 -0.28230969193326E+01 -0.26589786517824E+04  0.32317578097623E+03 -0.25541786044106E+04 -0.15549421085499E+04  0.48371055080149E+05  0.51056355029581E+03 -0.64042479469469E+03
   0.56785485722641E+04 -0.82905738497110E+03  0.21138657939819E+03  0.29081563217927E+04 -0.30026255607465E+03  0.78734985693235E+03  0.47261584971956E+03  0.23040463907240E+05 -0.55938435960728E+04 -0.58517111669230E+03  0.14549090512014E+03  0.14967330053575E+03  0.11733876841836E+02  0.90696264889057E+00  0.80304546030949E+03 -0.86151561889715E+02  0.72599504192333E+03  0.41779936524549E+03 -0.49933340063668E+04 -0.61606082171843E+02  0.27621274781528E+02
   0.12625009050251E+05 -0.11506553769669E+04  0.40480894009808E+03 -0.18941720477001E+04 -0.32375072081954E+02 -0.88791225903177E+03 -0.28167480146321E+03  0.22602185595546E+05 -0.52411753006613E+04 -0.58634487259165E+03  0.14967330053575E+03  0.28459450935905E+04  0.18311598257933E+03  0.18371654398438E+01  0.62744392634888E+03 -0.94625442815748E+02  0.84403609466204E+03  0.52004499797735E+03 -0.62546775913180E+04 -0.20031783070468E+02  0.25881960373303E+03
   0.14635697877474E+04 -0.12661223454322E+03  0.53691397241798E+02 -0.21893640145547E+03  0.88745163783539E+01 -0.87657223216000E+02 -0.36727617799222E+02  0.16924768135452E+04 -0.35566461943767E+03 -0.56216349983917E+02  0.11733876841836E+02  0.18311598257933E+03  0.15596341538666E+02 -0.10335374428594E+00  0.25492365519004E+02 -0.56672039825230E+01  0.45087684362047E+02  0.31954896728597E+02 -0.23000397644300E+03  0.21770345943917E+01  0.17519913382779E+02
  -0.11586358137727E+03  0.13653956029364E+02 -0.52875028677405E+01  0.72285071874995E+02 -0.67543461221948E+01  0.22404372343702E+02  0.12151615667152E+02  0.12567480317274E+03 -0.14721586973269E+02 -0.28230969193326E+01  0.90696264889057E+00  0.18371654398438E+01 -0.10335374428594E+00  0.99303099589591E-01  0.16600355326711E+02 -0.15067915294815E+01  0.13082115820814E+02  0.69490568285468E+01 -0.10287174118121E+03 -0.13153285941537E+01  0.30170387783397E+00
  -0.20556280122342E+05  0.36566922745967E+04 -0.12854387986183E+04  0.23416556073258E+05 -0.17260459714437E+04  0.70896687972492E+04  0.34372594277488E+04  0.53367179337714E+05  0.46242111789508E+05 -0.26589786517824E+04  0.80304546030949E+03  0.62744392634888E+03  0.25492365519004E+02  0.16600355326711E+02  0.26866480394374E+05 -0.24162315229065E+04  0.20657223335125E+05  0.11390168226162E+05 -0.24699328078127E+05  0.11502759153981E+03 -0.27280400820103E+03
   0.19546382645644E+04 -0.44733614910760E+03  0.12865109729462E+03 -0.27297570867852E+04  0.20717757726064E+03 -0.84104140616607E+03 -0.41724490620867E+03 -0.69595005206634E+04 -0.24446186943525E+04  0.32317578097623E+03 -0.86151561889715E+02 -0.94625442815748E+02 -0.56672039825230E+01 -0.15067915294815E+01 -0.24162315229065E+04  0.25348785869049E+03 -0.21547936858884E+04 -0.12365980464060E+04  0.27898932948733E+04 -0.16395712297277E+02  0.62703473118544E+02
  -0.19482668189546E+05  0.35372045820888E+04 -0.12197811001084E+04  0.22162634748172E+05 -0.15788553412097E+04  0.69129512861183E+04  0.32625867348917E+04  0.59445230327705E+05  0.19678892135345E+05 -0.25541786044106E+04  0.72599504192333E+03  0.84403609466204E+03  0.45087684362047E+02  0.13082115820814E+02  0.20657223335125E+05 -0.21547936858884E+04  0.18626605702836E+05  0.10609517368541E+05 -0.23509792241230E+05  0.15748227873598E+03 -0.30575334831049E+03
  -0.10259347542013E+05  0.21466865596832E+04 -0.66361123472526E+03  0.13030005716223E+05 -0.95031617069148E+03  0.40981673811898E+04  0.19722896276620E+04  0.34108238179042E+05  0.10454421450743E+05 -0.15549421085499E+04  0.41779936524549E+03  0.52004499797735E+03  0.31954896728597E+02  0.69490568285468E+01  0.11390168226162E+05 -0.12365980464060E+04  0.10609517368541E+05  0.61336677569770E+04 -0.13767763798870E+05  0.98608779273085E+02 -0.26373976261224E+03
  -0.64457722208399E+07  0.22081221830319E+07 -0.31504390056712E+06 -0.19181628915464E+07  0.42413636381910E+06 -0.31591435500517E+05 -0.19249718417857E+06 -0.53424353346039E+06 -0.11245567372071E+05  0.48371055080149E+05 -0.49933340063668E+04 -0.62546775913180E+04 -0.23000397644300E+03 -0.10287174118121E+03 -0.24699328078127E+05  0.27898932948733E+04 -0.23509792241230E+05 -0.13767763798870E+05  0.25259642356979E+08  0.80635712333230E+05 -0.41744892467995E+06
  -0.32958167112589E+05  0.83186105537872E+04 -0.15557982840390E+04 -0.10699262573628E+05  0.21465002939960E+04 -0.85095199510698E+03 -0.14308824687335E+04 -0.76324051092821E+04  0.79802073249739E+03  0.51056355029581E+03 -0.61606082171843E+02 -0.20031783070468E+02  0.21770345943917E+01 -0.13153285941537E+01  0.11502759153981E+03 -0.16395712297277E+02  0.15748227873598E+03  0.98608779273085E+02  0.80635712333230E+05  0.75980287472458E+03 -0.20277715838941E+04
   0.12932722169367E+06 -0.41873075466096E+05  0.62892262120352E+04  0.29798069902455E+05 -0.71839713260876E+04 -0.80059709457843E+03  0.26621852087398E+04  0.20194069733289E+04  0.97671602009888E+03 -0.64042479469469E+03  0.27621274781528E+02  0.25881960373303E+03  0.17519913382779E+02  0.30170387783397E+00 -0.27280400820103E+03  0.62703473118544E+02 -0.30575334831049E+03 -0.26373976261224E+03 -0.41744892467995E+06 -0.20277715838941E+04  0.10228919947766E+05

 # Covariance matrix (Bevington epsilon)
   0.40010358769839E-03 -0.67930250379514E-04 -0.82086839058298E-02  0.21713802747281E-03  0.42841796909873E-04  0.41137077801058E-03 -0.13081163926519E-02  0.49371164108605E-04  0.33955124334970E-04 -0.74848842053579E-03 -0.11757625228441E-01 -0.10370969063268E-03 -0.11831366659362E-02  0.76780941127747E-02  0.11284304431166E-03  0.16740159661397E-02  0.14516256637014E-03 -0.41501235829504E-03  0.38574595848465E-05  0.34904233141156E-03 -0.36887265322845E-04  0.55698422695745E-03 -0.54726350741813E-03  0.31355278681940E-04  0.47899969198844E-04  0.38209522191289E-04 -0.56029007291901E-04  0.31932993038656E-04  0.48654814166260E-04  0.38082136031723E-04 -0.62529604955309E-04 -0.37464234673632E-04  0.38171434148528E-04  0.43964874130951E-04  0.34376666560890E-04 -0.47557504120593E-04 -0.52801485766767E-04  0.24743284328737E-05  0.88469188548710E-05  0.62936441239961E-04  0.10605942067797E-04
  -0.67930250379512E-04  0.12933866955815E-03  0.22150914658532E-02  0.91160021243215E-04  0.62633031553819E-03 -0.23488733740424E-03  0.31277521094209E-03 -0.40477302177029E-05 -0.28689582951132E-05  0.50647665283368E-03  0.25873358658951E-02  0.87693138282657E-04 -0.27886866349454E-03  0.33708495238594E-02 -0.12414306789419E-04  0.63851539338363E-03  0.17479379181202E-03 -0.15615192320744E-03 -0.22460237729070E-05 -0.52778844403943E-04  0.15219930163102E-04 -0.15128196531945E-02  0.40897209631301E-03  0.85438761701281E-04  0.81022570145519E-05  0.60966918634436E-05 -0.43674054872928E-04  0.36604608459042E-05  0.17539502526291E-05  0.42891677897030E-05  0.22816809504218E-04  0.10120886838800E-04  0.94430123927646E-06  0.83651578150325E-05  0.10472994318660E-04 -0.93306811425713E-05 -0.51788180913801E-05  0.17686096239467E-07  0.14389949589715E-06  0.16140892330905E-05 -0.51833874894890E-05
  -0.82086839058297E-02  0.22150914658533E-02  0.17689049268572E+00 -0.32435527931810E-02  0.43160976835022E-02 -0.10006802349212E-01  0.27786773288093E-01 -0.95939600507738E-03 -0.66444467796026E-03  0.18698362006835E-01  0.25865449827932E+00  0.26857651933868E-02  0.24939500647426E-01 -0.96832571735894E-01 -0.20631537882000E-02 -0.12888680416650E-01  0.13655849755082E-04  0.58670867895293E-02 -0.83747602308710E-04 -0.64496793254974E-02  0.86227685623339E-03 -0.20509800360447E-01  0.13500244108756E-01  0.36922848211445E-03 -0.69941042761148E-03 -0.52331315327143E-03  0.12979136534149E-02 -0.43826317893409E-03 -0.70889104340791E-03 -0.48916657125300E-03  0.20040509551497E-02  0.14042398459429E-02 -0.68561641230470E-03 -0.59573602795362E-03 -0.40930424067244E-03  0.69815068311768E-03  0.82544799171411E-03 -0.41657113307852E-04 -0.14526896249263E-03 -0.10163545503494E-02 -0.19758061410597E-03
   0.21713802747281E-03  0.91160021243212E-04 -0.32435527931810E-02  0.12215160421472E-02  0.46406015876361E-02 -0.20267231817581E-02 -0.19471752781994E-03  0.28271520638288E-04  0.16350164535439E-04 -0.36265572603752E-03 -0.65770405794401E-02  0.33753308027535E-03 -0.43104230494517E-02  0.33817437178014E-01  0.47362765437158E-03  0.13247505247524E-01 -0.77579631041980E-03  0.27097951241365E-02  0.77334704615191E-05  0.29897255693083E-03 -0.24467651864250E-04 -0.20973156945032E-02  0.51659418458720E-03  0.23855733865873E-03  0.60647876076901E-04  0.53356636500165E-04 -0.39756306440026E-04  0.36242083401242E-04  0.62325091944344E-04  0.57974780891015E-04  0.23447287037708E-04 -0.49015105570189E-05  0.25898406051246E-04  0.59537700453991E-04  0.45138695609240E-04 -0.55452796902381E-04 -0.56502050293618E-04  0.25688423632458E-05  0.11988274423563E-04  0.70015507794742E-04  0.11567658176474E-04
   0.42841796909906E-04  0.62633031553818E-03  0.43160976835014E-02  0.46406015876362E-02  0.25834928893281E-01 -0.13174731601871E-01  0.11726050722100E-01 -0.38451328756748E-04 -0.37904375529821E-04  0.45522928088499E-02  0.25527158169767E-01  0.58120484089820E-03 -0.40280734345643E-02  0.18057936942645E+00  0.13392986358076E-02  0.36001791578812E-01 -0.50287333405831E-02  0.12311352204560E-01 -0.10829906042232E-04 -0.13147876627966E-03  0.28633561631005E-03 -0.57162757572628E-02  0.29750907489093E-03  0.56262522488755E-03  0.14493127740957E-03  0.14747761327842E-03 -0.17654476116604E-03  0.15369218488316E-03  0.98588707675703E-04  0.12487597573929E-03  0.26484184364281E-03  0.15659753588850E-03  0.21576800216828E-04  0.10454741391526E-03  0.49704916310694E-04 -0.51752520101219E-04 -0.79861997829363E-04  0.59384514148072E-05  0.30431565618316E-04  0.18044199535574E-03  0.21014314073772E-04
   0.41137077801056E-03 -0.23488733740424E-03 -0.10006802349211E-01 -0.20267231817581E-02 -0.13174731601871E-01  0.87534299420567E-02 -0.10109760473312E-01  0.10924322155617E-03  0.81792834408262E-04 -0.27874470615826E-02 -0.34584781750294E-01  0.18069641705698E-03 -0.11526916200486E-02 -0.16234758958442E+00 -0.49033318265273E-03 -0.21552806555927E-01  0.22581774343228E-02 -0.69965378695786E-02  0.10929889268926E-06 -0.91317549490842E-03 -0.40700602339148E-03  0.38125180157776E-02 -0.98028222865105E-03 -0.32982985405378E-03 -0.17676695322326E-04 -0.34396074431015E-04 -0.23038355362273E-03 -0.91923529027004E-04  0.93965772713125E-06 -0.27066366985828E-04 -0.28614586107547E-03 -0.26190378754201E-03  0.41390481842190E-04  0.25324004290444E-05  0.11118022558879E-04 -0.66445827180106E-05 -0.81714765854554E-05 -0.71650112303839E-06 -0.49908736323029E-05 -0.35729775068540E-04 -0.70564538299429E-04
  -0.13081163926519E-02  0.31277521094208E-03  0.27786773288092E-01 -0.19471752781986E-03  0.11726050722101E-01 -0.10109760473312E-01  0.22572611454637E-01 -0.26813916796634E-03 -0.18615564436731E-03  0.97491948073722E-02  0.96710500271400E-01 -0.17329038858196E-02  0.23518694717589E-01  0.14921860733017E+00 -0.80312396485230E-03 -0.10140205324678E-01 -0.12127009675116E-02  0.18313356846014E-02 -0.41907789958683E-04  0.39229669869541E-03  0.99766645315930E-03  0.88182399655389E-03 -0.12786411753847E-02 -0.12185668016881E-03 -0.86425786690268E-04 -0.28481218936921E-04  0.32717834800841E-03  0.12160142539978E-03 -0.14283851637774E-03 -0.65777271452509E-04  0.58418119228519E-03  0.64529433168090E-03 -0.12977892827742E-03 -0.13126636974744E-03 -0.10895474471702E-03  0.12705394066010E-03  0.11662462145788E-03 -0.37899189196763E-05 -0.16432015738893E-04 -0.60260255173194E-04  0.95505016877265E-04
   0.49371164108604E-04 -0.40477302177028E-05 -0.95939600507735E-03  0.28271520638287E-04 -0.38451328756754E-04  0.10924322155617E-03 -0.26813916796634E-03  0.25543607218146E-04  0.19382681589230E-04 -0.26895866094327E-03 -0.46889939175496E-02  0.14814113655898E-04 -0.31834089825281E-03 -0.21603141656142E-02 -0.24798450780431E-04  0.60298747828461E-04  0.18897776517897E-03 -0.26585017298102E-03  0.45617273730426E-06  0.11950102607789E-04 -0.11957111368428E-04 -0.77474177422201E-04  0.66006945738702E-05  0.14077716654400E-04  0.87718568919820E-05  0.79527398469239E-05  0.39609684146867E-05  0.88181138828755E-05  0.90997112027823E-05  0.81296386096867E-05  0.54045906847260E-06  0.12813941423119E-05  0.94025075254345E-05  0.84043450437059E-05  0.76173231309854E-05 -0.30547238230568E-07  0.11928479741480E-06  0.38876261257191E-06  0.15507722589825E-05  0.12419112981453E-04  0.54170223020078E-06
   0.33955124334968E-04 -0.28689582951130E-05 -0.66444467796024E-03  0.16350164535438E-04 -0.37904375529825E-04  0.81792834408263E-04 -0.18615564436731E-03  0.19382681589230E-04  0.15530633236230E-04 -0.18478631797996E-03 -0.34624294415814E-02  0.86976109954028E-05 -0.20655751291088E-03 -0.16875984708521E-02 -0.33002760753787E-04 -0.21922631203802E-03  0.15525990424759E-03 -0.24541453485291E-03  0.28550520457259E-06  0.55556950484578E-05 -0.87006457928392E-05 -0.55072745282572E-04  0.59757719812790E-05  0.86041060580849E-05  0.57762545643409E-05  0.52014812372721E-05  0.14508595355191E-05  0.61886843402100E-05  0.59053895459620E-05  0.51959204461296E-05 -0.79128843115761E-06 -0.16905272190980E-06  0.65566712661152E-05  0.54697302742115E-05  0.48915759717140E-05  0.10823293915976E-05  0.10285401473777E-05  0.24074082654854E-06  0.21710052868689E-06  0.80104046323030E-05  0.20670391924059E-06
  -0.74848842053576E-03  0.50647665283368E-03  0.18698362006835E-01 -0.36265572603746E-03  0.45522928088501E-02 -0.27874470615826E-02  0.97491948073722E-02 -0.26895866094327E-03 -0.18478631797996E-03  0.22377836583221E-01  0.11758391547274E+00 -0.14309283620673E-02  0.30968084102392E-01 -0.41120585278084E-01 -0.47511135670293E-03 -0.49431633552406E-01 -0.99464235360626E-02  0.86499023287152E-02 -0.30987928580651E-04 -0.35928791592417E-02  0.10706738490661E-03  0.69243819018580E-02 -0.22167214362571E-02 -0.11442074911129E-02 -0.74478141824565E-04 -0.35159842558085E-04 -0.17404752760383E-02  0.44244402125474E-04 -0.92461742992631E-04 -0.58074625427461E-04 -0.14684822466395E-04 -0.58080279706134E-05 -0.41170414364367E-04 -0.53602703442025E-04 -0.56737710286206E-04  0.57200555503178E-03  0.38857065861228E-03 -0.61224527339882E-05 -0.34472626291595E-04 -0.12068275000300E-03 -0.15802633399833E-03
  -0.11757625228440E-01  0.25873358658950E-02  0.25865449827931E+00 -0.65770405794395E-02  0.25527158169770E-01 -0.34584781750295E-01  0.96710500271400E-01 -0.46889939175497E-02 -0.34624294415815E-02  0.11758391547274E+00  0.13241207871318E+01 -0.81796540469795E-02  0.19135126952784E+00  0.25014276873904E+00 -0.54237447402533E-03 -0.20955104960451E+00 -0.46663802175750E-01  0.30640322693420E-01 -0.19566105514525E-03 -0.14483676872701E-01  0.53481377493704E-02  0.49398592719635E-01 -0.21611990224910E-01 -0.43927163159414E-02 -0.44310940626439E-03  0.13846997316844E-03  0.26971609233427E-02  0.55327052117723E-03 -0.43915629481201E-03  0.25582365647171E-03  0.70347743929606E-02  0.71626827412655E-02 -0.18132978615104E-02 -0.30889772830800E-03  0.21152418969376E-03 -0.69335480440309E-05 -0.75697992281590E-03 -0.17369647863260E-04 -0.99723047611575E-04 -0.27947554542212E-03 -0.18574575382229E-03
  -0.10370969063268E-03  0.87693138282658E-04  0.26857651933869E-02  0.33753308027534E-03  0.58120484089818E-03  0.18069641705699E-03 -0.17329038858196E-02  0.14814113655897E-04  0.86976109954022E-05 -0.14309283620673E-02 -0.81796540469793E-02  0.24724644216440E-02 -0.27369970772902E-01 -0.77807811707194E-01  0.25446146207783E-03  0.37112101199895E-02 -0.34678020934653E-03  0.88441386676005E-03  0.28136993237202E-05  0.11705285506779E-03 -0.57807593974291E-05 -0.14671742217993E-02  0.74529323347005E-03  0.87863037913307E-04 -0.10251294748620E-04 -0.61429042969736E-06  0.31343203301455E-04 -0.19256713499956E-04  0.76148421835234E-07  0.55592143814597E-05  0.94727856569063E-04 -0.38937475952937E-04 -0.71587881480976E-05  0.51335392741838E-05  0.61012605555542E-05 -0.40167993249025E-05 -0.97277049101713E-06 -0.22586315504159E-06  0.12452435334930E-05 -0.68120592794871E-05  0.21960980878566E-04
  -0.11831366659361E-02 -0.27886866349454E-03  0.24939500647425E-01 -0.43104230494516E-02 -0.40280734345636E-02 -0.11526916200489E-02  0.23518694717590E-01 -0.31834089825281E-03 -0.20655751291089E-03  0.30968084102392E-01  0.19135126952784E+00 -0.27369970772902E-01  0.44705684574354E+00  0.70548654577665E+00 -0.41393346316588E-02 -0.10455196527603E+00  0.50983092044352E-02 -0.23096429561320E-01 -0.84004515510799E-04 -0.90439595181801E-02 -0.20403996278145E-02  0.22411104409097E-01 -0.11923165271397E-01 -0.16298601192406E-02  0.23887576035217E-03  0.75483974834399E-04 -0.18821984946817E-03  0.33176197648775E-03  0.15073310388359E-03 -0.14946420020270E-04  0.13336178967882E-02  0.14317780091110E-02  0.27218486533874E-04  0.15973117012689E-03 -0.43243038374347E-04 -0.92348943681556E-04 -0.22413078737958E-03  0.91529289932660E-05  0.33277929089405E-04  0.81703986803985E-04 -0.60066881348370E-03
   0.76780941127754E-02  0.33708495238592E-02 -0.96832571735909E-01  0.33817437178015E-01  0.18057936942645E+00 -0.16234758958442E+00  0.14921860733016E+00 -0.21603141656141E-02 -0.16875984708519E-02 -0.41120585278089E-01  0.25014276873898E+00 -0.77807811707193E-01  0.70548654577664E+00  0.27990184482003E+02  0.15084925441054E-01  0.12052372091760E+01 -0.35670522127949E-01  0.25554245367758E+00  0.44004574280175E-03  0.21830618185430E+00  0.77014560698231E-02 -0.79138567815613E-01  0.33125104048208E-01  0.67780788300752E-02  0.41886263251356E-02 -0.35953266566330E-03  0.13771986484320E-01  0.77288990177952E-02  0.43580831019191E-02 -0.31293740000243E-03  0.10245591894144E-01  0.50484456610591E-02  0.27312926605881E-02  0.40151029599798E-02 -0.46068116781832E-03 -0.11367921857359E-02 -0.63384088555683E-03  0.20402734818322E-03  0.66278820592188E-03  0.84958968326933E-03  0.36690728951933E-02
   0.11284304431167E-03 -0.12414306789423E-04 -0.20631537882002E-02  0.47362765437157E-03  0.13392986358074E-02 -0.49033318265266E-03 -0.80312396485242E-03 -0.24798450780429E-04 -0.33002760753786E-04 -0.47511135670302E-03 -0.54237447402619E-03  0.25446146207783E-03 -0.41393346316589E-02  0.15084925441054E-01  0.14595514632485E-02  0.30033473452606E-01 -0.31831650130154E-02  0.86700290097680E-02  0.48286179118600E-05  0.21517572907556E-03 -0.21963903267583E-04  0.11644938114210E-03  0.18640203892494E-03  0.43403886651418E-04  0.22066561578253E-04  0.18032527924675E-04 -0.90130859828468E-05 -0.26205942541375E-04  0.29887574291668E-04  0.26732684098040E-04 -0.39790697892390E-04 -0.47067517542032E-04  0.14677249484592E-04  0.24344614979535E-04  0.21685755269145E-04 -0.69310325742659E-05  0.28051460833248E-05  0.12432850474712E-05  0.49739300007207E-05  0.22367476033247E-04  0.44862998801154E-05
   0.16740159661398E-02  0.63851539338354E-03 -0.12888680416653E-01  0.13247505247523E-01  0.36001791578809E-01 -0.21552806555925E-01 -0.10140205324680E-01  0.60298747828536E-04 -0.21922631203796E-03 -0.49431633552408E-01 -0.20955104960453E+00  0.37112101199895E-02 -0.10455196527603E+00  0.12052372091759E+01  0.30033473452606E-01  0.13301074069304E+01  0.18673078440945E-01  0.17414621069577E+00  0.16262732350469E-03  0.20365841510325E-01 -0.16378556925880E-02 -0.72753780543444E-01  0.43280614021248E-01  0.11038931147169E-01  0.95645940522400E-03  0.74771735511051E-03  0.13377116517350E-02 -0.76931776690736E-04  0.15327264047320E-02  0.14020642664732E-02  0.59210347534167E-03  0.55347223517917E-03  0.68989890700965E-03  0.12010339139458E-02  0.11722400619869E-02 -0.40892548887036E-02 -0.19942350957285E-02  0.50458414291823E-04  0.23900458530417E-03  0.77497440490837E-03  0.91759562412667E-03
   0.14516256637011E-03  0.17479379181203E-03  0.13655849755684E-04 -0.77579631041977E-03 -0.50287333405828E-02  0.22581774343225E-02 -0.12127009675112E-02  0.18897776517897E-03  0.15525990424759E-03 -0.99464235360624E-02 -0.46663802175748E-01 -0.34678020934654E-03  0.50983092044356E-02 -0.35670522127950E-01 -0.31831650130154E-02  0.18673078440943E-01  0.28680175822329E-01 -0.41340934812262E-01  0.22812448450986E-05  0.26113836109795E-02 -0.21022808697271E-03 -0.15789374537728E-01  0.49802316690822E-02  0.23174374992132E-02  0.13426611246721E-03  0.11754691356534E-03  0.62972606777922E-03  0.20135647104733E-03  0.19129946757916E-03  0.18896256904148E-03  0.64109997268472E-03  0.66551247137548E-03  0.15421927208316E-04  0.17240196348679E-03  0.18565687745527E-03 -0.13117123226499E-02 -0.97511696160373E-03  0.12143686920405E-04  0.51590032907198E-04  0.27206819355212E-03  0.18771668813942E-03
  -0.41501235829499E-03 -0.15615192320747E-03  0.58670867895280E-02  0.27097951241364E-02  0.12311352204559E-01 -0.69965378695780E-02  0.18313356846005E-02 -0.26585017298100E-03 -0.24541453485290E-03  0.86499023287145E-02  0.30640322693414E-01  0.88441386676006E-03 -0.23096429561321E-01  0.25554245367757E+00  0.86700290097680E-02  0.17414621069577E+00 -0.41340934812261E-01  0.93533916975277E-01  0.15408771116479E-04 -0.14427276796637E-02 -0.65038901489148E-04  0.12203890054882E-01  0.85825332537572E-03 -0.21662063161989E-02 -0.19712768011754E-03 -0.20514302529930E-03 -0.11971055529442E-02 -0.42370382555254E-03 -0.20685557127666E-03 -0.23332201499627E-03 -0.12783524506913E-02 -0.13235210916491E-02  0.10156422624150E-03 -0.22193299618745E-03 -0.25368749794724E-03  0.17833432915046E-02  0.16010139991007E-02 -0.20798408660068E-04 -0.84536596782176E-04 -0.54535407293082E-03 -0.19611328909392E-03
   0.38574595848464E-05 -0.22460237729070E-05 -0.83747602308707E-04  0.77334704615189E-05 -0.10829906042232E-04  0.10929889268949E-06 -0.41907789958684E-04  0.45617273730427E-06  0.28550520457260E-06 -0.30987928580651E-04 -0.19566105514525E-03  0.28136993237202E-05 -0.84004515510798E-04  0.44004574280174E-03  0.48286179118598E-05  0.16262732350469E-03  0.22812448450992E-05  0.15408771116478E-04  0.54896356681642E-06  0.23373823778652E-04  0.60430874501584E-05 -0.44260865085977E-04  0.20503167410967E-04  0.49891838928419E-05  0.59101563723827E-06  0.38732544411068E-06  0.15286498446122E-05  0.26090512230978E-06  0.85301012131843E-06  0.67206233031275E-06 -0.29538820426939E-06 -0.15768676510766E-06  0.29181100772092E-06  0.69982125113530E-06  0.80977650880106E-06 -0.11431098388328E-05 -0.91971397274157E-06  0.27203343849546E-07  0.11509102293715E-06  0.68633458543511E-06  0.64855894279325E-06
   0.34904233141156E-03 -0.52778844403945E-04 -0.64496793254975E-02  0.29897255693083E-03 -0.13147876627967E-03 -0.91317549490841E-03  0.39229669869539E-03  0.11950102607791E-04  0.55556950484593E-05 -0.35928791592417E-02 -0.14483676872701E-01  0.11705285506780E-03 -0.90439595181801E-02  0.21830618185430E+00  0.21517572907555E-03  0.20365841510325E-01  0.26113836109795E-02 -0.14427276796638E-02  0.23373823778652E-04  0.11279210562529E-01  0.10152479697131E-02 -0.10476506161404E-02  0.53272434634289E-03  0.47419741354399E-03  0.91601186419802E-04 -0.60751647658016E-04  0.26350263900594E-03  0.64450681441273E-04  0.99210580753141E-04 -0.54538803545655E-04  0.95568761246158E-04  0.69205999538601E-04  0.38381738231706E-04  0.66549478104250E-04 -0.52042311542266E-04 -0.19625673372360E-03 -0.15313175318682E-03  0.37925361434924E-05  0.11222931377001E-04  0.64545282565081E-04  0.30468267713907E-03
  -0.36887265322843E-04  0.15219930163102E-04  0.86227685623336E-03 -0.24467651864245E-04  0.28633561631007E-03 -0.40700602339149E-03  0.99766645315931E-03 -0.11957111368428E-04 -0.87006457928393E-05  0.10706738490661E-03  0.53481377493704E-02 -0.57807593974294E-05 -0.20403996278145E-02  0.77014560698235E-02 -0.21963903267577E-04 -0.16378556925878E-02 -0.21022808697272E-03 -0.65038901489103E-04  0.60430874501584E-05  0.10152479697131E-02  0.80944400656074E-03  0.27297809372521E-03 -0.72630908376894E-04  0.67483495711158E-04  0.83183827674717E-05  0.66005750387274E-05  0.13691885675925E-03  0.19423285262797E-04 -0.16486901701032E-05  0.25983851410526E-04  0.62091363270536E-04  0.88528384201519E-04 -0.13142688092531E-04 -0.22625311217032E-04  0.39258758404409E-04 -0.24735867501953E-04 -0.25045987899353E-04  0.55840439922122E-06  0.30577937731735E-05  0.22901388509394E-04  0.17466398508587E-04
   0.55698422695746E-03 -0.15128196531945E-02 -0.20509800360447E-01 -0.20973156945032E-02 -0.57162757572630E-02  0.38125180157777E-02  0.88182399655369E-03 -0.77474177422198E-04 -0.55072745282570E-04  0.69243819018579E-02  0.49398592719634E-01 -0.14671742217993E-02  0.22411104409097E-01 -0.79138567815613E-01  0.11644938114211E-03 -0.72753780543444E-01 -0.15789374537728E-01  0.12203890054882E-01 -0.44260865085977E-04 -0.10476506161404E-02  0.27297809372521E-03  0.59917826099254E-01 -0.21054940272161E-01 -0.38092772682320E-02 -0.56720660080572E-04 -0.38501571704520E-04  0.54049334829220E-03  0.64598837379009E-04 -0.70429331192374E-04 -0.79186559943184E-04  0.23985414071595E-03  0.34988634162130E-03 -0.30420289941305E-04 -0.23797633611218E-03 -0.25456227725948E-03  0.73580782459282E-03  0.40398361995706E-03  0.17515759021061E-06 -0.72388711503932E-06  0.46385905394211E-04 -0.91074995317838E-04
  -0.54726350741814E-03  0.40897209631302E-03  0.13500244108756E-01  0.51659418458718E-03  0.29750907489091E-03 -0.98028222865105E-03 -0.12786411753846E-02  0.66006945738682E-05  0.59757719812776E-05 -0.22167214362571E-02 -0.21611990224909E-01  0.74529323347005E-03 -0.11923165271396E-01  0.33125104048207E-01  0.18640203892492E-03  0.43280614021248E-01  0.49802316690822E-02  0.85825332537561E-03  0.20503167410967E-04  0.53272434634288E-03 -0.72630908376893E-04 -0.21054940272161E-01  0.10786553340914E-01  0.96255356271608E-03 -0.65529457783984E-04 -0.72633825143878E-04 -0.51812400756696E-03 -0.11605409709707E-03  0.12500427575507E-04  0.13942880431822E-04 -0.29946302318066E-03 -0.35396463386688E-03  0.16837092440939E-04  0.30014143992305E-04  0.57615479532622E-04 -0.50906025404021E-04  0.88513356278404E-04 -0.62143810770459E-05 -0.26078604538699E-04 -0.17965585680420E-03  0.14105705533665E-04
   0.31355278681940E-04  0.85438761701281E-04  0.36922848211445E-03  0.23855733865874E-03  0.56262522488756E-03 -0.32982985405378E-03 -0.12185668016881E-03  0.14077716654400E-04  0.86041060580851E-05 -0.11442074911129E-02 -0.43927163159415E-02  0.87863037913307E-04 -0.16298601192406E-02  0.67780788300751E-02  0.43403886651417E-04  0.11038931147169E-01  0.23174374992132E-02 -0.21662063161989E-02  0.49891838928419E-05  0.47419741354399E-03  0.67483495711158E-04 -0.38092772682320E-02  0.96255356271608E-03  0.78535574133658E-03  0.37525100444868E-04  0.35149620648374E-04  0.87857634998624E-04  0.21841941381921E-04  0.17328083325654E-04  0.21230932874338E-04  0.87136823187846E-04  0.88202699804083E-04  0.65105089005621E-05  0.17779977116779E-05  0.12903591122396E-04 -0.15673627391145E-03 -0.11796636210845E-03  0.19236794701503E-05  0.81824617982561E-05  0.47828351462357E-04  0.27659733977498E-04
   0.47899969198845E-04  0.81022570145516E-05 -0.69941042761149E-03  0.60647876076901E-04  0.14493127740957E-03 -0.17676695322325E-04 -0.86425786690273E-04  0.87718568919822E-05  0.57762545643410E-05 -0.74478141824570E-04 -0.44310940626445E-03 -0.10251294748619E-04  0.23887576035216E-03  0.41886263251356E-02  0.22066561578254E-04  0.95645940522401E-03  0.13426611246721E-03 -0.19712768011754E-03  0.59101563723829E-06  0.91601186419803E-04  0.83183827674714E-05 -0.56720660080574E-04 -0.65529457783983E-04  0.37525100444868E-04  0.29574871062614E-04  0.19930875189610E-04  0.48507109424605E-04  0.17786268822098E-04  0.22532845118646E-04  0.22137891860845E-04  0.46984892815956E-04  0.47362868272179E-04  0.82561523769829E-05  0.21342570304032E-04  0.20578419647986E-04 -0.18877971282953E-04 -0.20106930385687E-04  0.83932637128555E-06  0.33316150909675E-05  0.24775443638721E-04  0.44848833211279E-05
   0.38209522191289E-04  0.60966918634434E-05 -0.52331315327144E-03  0.53356636500166E-04  0.14747761327842E-03 -0.34396074431016E-04 -0.28481218936924E-04  0.79527398469240E-05  0.52014812372722E-05 -0.35159842558089E-04  0.13846997316840E-03 -0.61429042969691E-06  0.75483974834390E-04 -0.35953266566330E-03  0.18032527924676E-04  0.74771735511054E-03  0.11754691356534E-03 -0.20514302529929E-03  0.38732544411070E-06 -0.60751647658015E-04  0.66005750387272E-05 -0.38501571704521E-04 -0.72633825143877E-04  0.35149620648374E-04  0.19930875189610E-04  0.37929438738258E-04  0.58290012348235E-04  0.18429655780016E-04  0.21724709537103E-04  0.25211727290894E-04  0.53172086559525E-04  0.56122956134514E-04  0.62980022333296E-05  0.20547040816677E-04  0.23413382101215E-04 -0.18725258547640E-04 -0.20385550600752E-04  0.82522187706370E-06  0.34382650697702E-05  0.26000226557129E-04  0.23492149736610E-05
  -0.56029007291902E-04 -0.43674054872928E-04  0.12979136534149E-02 -0.39756306440023E-04 -0.17654476116603E-03 -0.23038355362274E-03  0.32717834800842E-03  0.39609684146864E-05  0.14508595355188E-05 -0.17404752760383E-02  0.26971609233428E-02  0.31343203301455E-04 -0.18821984946816E-03  0.13771986484320E-01 -0.90130859828453E-05  0.13377116517350E-02  0.62972606777922E-03 -0.11971055529442E-02  0.15286498446122E-05  0.26350263900594E-03  0.13691885675925E-03  0.54049334829220E-03 -0.51812400756696E-03  0.87857634998625E-04  0.48507109424605E-04  0.58290012348235E-04  0.78328154281748E-03  0.58923106311966E-04  0.52137471945012E-04  0.66320466978040E-04  0.30222457981882E-03  0.30634745795153E-03 -0.96201446466314E-05  0.44799428938492E-04  0.61170778241373E-04 -0.79029690184613E-04 -0.79227669708289E-04  0.23377534512977E-05  0.10986919833974E-04  0.76450252522635E-04  0.26570002470694E-04
   0.31932993038657E-04  0.36604608459041E-05 -0.43826317893410E-03  0.36242083401243E-04  0.15369218488317E-03 -0.91923529027007E-04  0.12160142539978E-03  0.88181138828757E-05  0.61886843402101E-05  0.44244402125472E-04  0.55327052117720E-03 -0.19256713499956E-04  0.33176197648774E-03  0.77288990177952E-02 -0.26205942541374E-04 -0.76931776690706E-04  0.20135647104733E-03 -0.42370382555253E-03  0.26090512230980E-06  0.64450681441273E-04  0.19423285262797E-04  0.64598837379008E-04 -0.11605409709706E-03  0.21841941381921E-04  0.17786268822098E-04  0.18429655780016E-04  0.58923106311966E-04  0.57114543820410E-04  0.19364977009827E-04  0.20613166346364E-04  0.61502505593161E-04  0.61852832818704E-04  0.59203724661228E-05  0.18151526579182E-04  0.18995262274628E-04 -0.18560194038332E-04 -0.20164414079275E-04  0.88789514273128E-06  0.37884799627966E-05  0.26204352623728E-04  0.49017538483983E-05
   0.48654814166260E-04  0.17539502526288E-05 -0.70889104340792E-03  0.62325091944345E-04  0.98588707675703E-04  0.93965772713207E-06 -0.14283851637775E-03  0.90997112027825E-05  0.59053895459622E-05 -0.92461742992636E-04 -0.43915629481207E-03  0.76148421835739E-07  0.15073310388358E-03  0.43580831019191E-02  0.29887574291668E-04  0.15327264047320E-02  0.19129946757916E-03 -0.20685557127666E-03  0.85301012131846E-06  0.99210580753141E-04 -0.16486901701034E-05 -0.70429331192377E-04  0.12500427575508E-04  0.17328083325654E-04  0.22532845118646E-04  0.21724709537103E-04  0.52137471945012E-04  0.19364977009827E-04  0.30216241169974E-04  0.27733001581989E-04  0.54253454394351E-04  0.53987029533810E-04  0.86289688554730E-05  0.27570318977701E-04  0.26056602789538E-04 -0.22885104478765E-04 -0.23375065885858E-04  0.91854160846357E-06  0.36890691063436E-05  0.26669106498202E-04  0.55403995974723E-05
