# fitpack10: fit parameters                                                                         
# CJ14 Repaired offshell routines, Fit offshell strength                                            
# Created on 06/05/2015 at 11:43:10                                                                 

 # QCD setup
  INS	                    0
  NVL                          11
  IORD                          1
  Q02                   1.6899999999999999     
  IPARAMC                       7
  FLAVOR                4.0000000000000000     
  xmc                   1.3000000000000000     
  xmb                   4.5000000000000000     
  ncb                          12

 # Theory corrections
  inuke                     10734
  itmc                          1
  iht                           1

 # fit parameters
 LAMBDA       0.22680        0.0000    
 a0uv          2.8312        0.0000    
 a1uv         0.65284       0.16757E-01
 a2uv          3.5223       0.12728E-01
 a3uv          0.0000        0.0000    
 a4uv          2.6794       0.29143    
 a5uv          0.0000        0.0000    
 a0dv          17.216        0.0000    
 a1dv          1.0903       0.42194E-01
 a2dv          6.1734       0.17367    
 a3dv         -3.3669       0.11511    
 a4dv          4.7933       0.17862    
 a5dv          0.0000        0.0000    
 a0ud         0.14039       0.50211E-02
 a1ud        -0.21849       0.39525E-02
 a2ud          8.8159       0.15164    
 a3ud          0.0000        0.0000    
 a4ud          16.865        1.1927    
 a5ud          0.0000        0.0000    
 a0du          35712.        0.0000    
 a1du          4.2108       0.10106    
 a2du          18.205       0.87320    
 a3du          17.000        0.0000    
 a4du          20.215        2.2331    
 a0g           48.086        0.0000    
 a1g          0.62775       0.39731E-01
 a2g           6.4333        1.1931    
 a3g          -3.2235       0.16209    
 a4g           2.9639       0.33448    
 a5g           0.0000        0.0000    
 kappa        0.40000        0.0000    
 a6dv         0.33020E-02   0.10588E-02
 a7dv          2.0000        0.0000    
 off1         0.10915E-01   0.18789E-01
 dummy35       0.0000        0.0000    
 ht1          -3.3452       0.21336    
 ht2           1.7445       0.86880E-01
 ht3          -2.1117       0.95355E-02
 ht4           0.0000        0.0000    
 dummy40       0.0000        0.0000    
 dummy41       0.0000        0.0000    
 dummy42       0.0000        0.0000    
 dummy43       0.0000        0.0000    
 dummy44       0.0000        0.0000    
 dummy45       0.0000        0.0000    
 dummy46       0.0000        0.0000    
 dummy47       0.0000        0.0000    
 dummy48       0.0000        0.0000    
 dummy49       0.0000        0.0000    
 bcdmsh2      0.97008       0.52453E-02
 bcdmsd2      0.98464       0.63740E-02
 ccfr          1.0000        0.0000    
 nutev         1.0000        0.0000    
 zeus         0.97998        0.0000    
 h1            1.0162        0.0000    
 e605         0.94603       0.26543E-01
 NmcH2         1.0045       0.74085E-02
 ntv_nu        1.0000        0.0000    
 ntv_nuba      1.0000        0.0000    
 cdf_jet      0.98910        0.0000    
 d0_jet       0.83504        0.0000    
 slac_p        1.0033       0.53797E-02
 slac_d       0.99902       0.60748E-02
 e866pp       0.92492       0.17495E-01
 e866pd       0.96955       0.17112E-01
 d0_gamje      1.0378       0.16528E-01
 h1b          0.97608        0.0000    
 jlab_p        1.0044       0.62832E-02
 jlab_d       0.97265       0.65793E-02
 blank         1.0000        0.0000    
 d0run2       0.93672       0.14827E-01
 cdfrun2      0.92323       0.17781E-01
 HERA_el      0.99951       0.34132E-02
 HERA_ps      0.99345       0.31313E-02
 CDF_Z        0.97591       0.68074E-02
 NmcRat        1.0053       0.28106E-02
 BNS_F2nd      1.0009       0.68011E-02
 END 0. 0.

 # Hessian matrix (Bevington alpha)
   0.42087378239108E+07 -0.11625440003600E+07  0.25297438191074E+06  0.42124551110529E+06 -0.12516527465199E+06 -0.22171371271870E+05  0.42855471696266E+05  0.76272054135099E+06 -0.17412110501826E+06 -0.34896994431874E+05  0.47416801358728E+04  0.10888083434113E+05  0.14869027229791E+04 -0.36488475316783E+02 -0.15953978820208E+05  0.14634639481607E+04 -0.14434386245965E+05 -0.72764860842279E+04  0.45101092922301E+07  0.18645399482021E+07
  -0.11625440003600E+07  0.38718109433729E+06 -0.72816702962323E+05 -0.12681282055913E+06  0.37587810460452E+05  0.65728823006273E+04 -0.11130930157669E+05 -0.11969427278846E+06  0.30765879444387E+05  0.56436073407181E+04 -0.68763276952854E+03 -0.96568957128298E+03 -0.13581152237743E+03  0.46453340158067E+01  0.29663868552394E+04 -0.37028948352457E+03  0.28226847251707E+04  0.16805856340004E+04 -0.16166541128698E+07 -0.51907231766100E+06
   0.25297438191074E+06 -0.72816702962323E+05  0.15421680090793E+05  0.26427694539474E+05 -0.78485765820358E+04 -0.13778594913170E+04  0.26310594318428E+04  0.34749083128371E+05 -0.82282456035315E+04 -0.17812355405229E+04  0.21114184258238E+03  0.41794879849093E+03  0.65774074516748E+02 -0.49427208135018E+01 -0.12635868861218E+04  0.12679613061319E+03 -0.11697361588701E+04 -0.61953017491361E+03  0.28832372108668E+06  0.11193643116294E+06
   0.42124551110529E+06 -0.12681282055913E+06  0.26427694539474E+05  0.37212403327985E+06 -0.63576451291225E+05  0.53364461652121E+05  0.50995528851764E+05  0.27253051897313E+06 -0.89833869700786E+04 -0.14690449772316E+05  0.23494689700077E+04 -0.15257938081578E+04 -0.16338852338042E+03  0.97423046609342E+02  0.19663924001312E+05 -0.22599237371120E+04  0.18275029331067E+05  0.10340323541383E+05  0.14277998059773E+07  0.60293467780991E+06
  -0.12516527465199E+06  0.37587810460452E+05 -0.78485765820358E+04 -0.63576451291225E+05  0.13144600851515E+05 -0.56116372127545E+04 -0.80429783969401E+04 -0.26166106535169E+05 -0.74163752547289E+03  0.19562192943095E+04 -0.24056149416940E+03 -0.93600556477082E+01  0.58476077096128E+01 -0.13612525205205E+02 -0.15044662603061E+04  0.17601084672796E+03 -0.13588275671129E+04 -0.78157514217284E+03 -0.35650176904262E+06 -0.12694506002043E+06
  -0.22171371271870E+05  0.65728823006273E+04 -0.13778594913170E+04  0.53364461652121E+05 -0.56116372127545E+04  0.13264077310163E+05  0.84662055116324E+04  0.65882324592776E+05 -0.33879605315169E+04 -0.29289086798871E+04  0.56090389018800E+03 -0.60222429209951E+03 -0.57654150513337E+02  0.21896136324411E+02  0.51349884105955E+04 -0.60312517699810E+03  0.49124628023549E+04  0.28074278780284E+04  0.31358246588982E+05  0.49881887087528E+05
   0.42855471696266E+05 -0.11130930157669E+05  0.26310594318428E+04  0.50995528851764E+05 -0.80429783969401E+04  0.84662055116324E+04  0.74228944857292E+04  0.38385577973706E+05 -0.50944019812357E+03 -0.22031275509038E+04  0.34044460219125E+03 -0.21163644073587E+03 -0.24389271840790E+02  0.15820430938688E+02  0.25714478185977E+04 -0.30789137890211E+03  0.23941874507050E+04  0.13924320680333E+04  0.14647504430279E+06  0.76640222590031E+05
   0.76272054135099E+06 -0.11969427278846E+06  0.34749083128371E+05  0.27253051897313E+06 -0.26166106535169E+05  0.65882324592776E+05  0.38385577973706E+05  0.49887884084115E+07 -0.25269713563727E+07 -0.78611208544265E+05  0.20823025910301E+05  0.17370507334906E+05  0.16308816375539E+04  0.51860955310465E+03  0.44502376234830E+05 -0.58704193359943E+04  0.50332542829606E+05  0.27664443518536E+05  0.29193694845553E+06  0.61193248724505E+06
  -0.17412110501826E+06  0.30765879444387E+05 -0.82282456035315E+04 -0.89833869700786E+04 -0.74163752547289E+03 -0.33879605315169E+04 -0.50944019812357E+03 -0.25269713563727E+07  0.22217094221300E+07  0.17098015277076E+05 -0.51259625601775E+04 -0.39287689418469E+04 -0.32977830476471E+03 -0.92662721333812E+02  0.46452403143295E+05 -0.25006429651408E+04  0.20142093498676E+05  0.10270706242458E+05  0.24469617546278E+05 -0.10989318154581E+06
  -0.34896994431874E+05  0.56436073407181E+04 -0.17812355405229E+04 -0.14690449772316E+05  0.19562192943095E+04 -0.29289086798871E+04 -0.22031275509038E+04 -0.78611208544265E+05  0.17098015277076E+05  0.23936470704283E+04 -0.50193883073067E+03 -0.48026757291957E+03 -0.56855916736974E+02 -0.11878751869146E+02 -0.23866375815226E+04  0.28576267093936E+03 -0.22673595047910E+04 -0.13235825304263E+04 -0.28020216245265E+05 -0.29039026812636E+05
   0.47416801358728E+04 -0.68763276952854E+03  0.21114184258238E+03  0.23494689700077E+04 -0.24056149416940E+03  0.56090389018800E+03  0.34044460219125E+03  0.20823025910301E+05 -0.51259625601775E+04 -0.50193883073067E+03  0.12447710094940E+03  0.11115511232575E+03  0.10876206478124E+02  0.34603879111454E+01  0.70633131596804E+03 -0.74050683933397E+02  0.62444518848838E+03  0.34367879030984E+03  0.28016107136702E+04  0.41863569896014E+04
   0.10888083434113E+05 -0.96568957128298E+03  0.41794879849093E+03 -0.15257938081578E+04 -0.93600556477082E+01 -0.60222429209951E+03 -0.21163644073587E+03  0.17370507334906E+05 -0.39287689418469E+04 -0.48026757291957E+03  0.11115511232575E+03  0.16803689409298E+04  0.13630873341141E+03  0.32644258577734E+02  0.45244254446813E+03 -0.73422250865997E+02  0.63093960282968E+03  0.38613920866266E+03  0.31918437631391E+04 -0.16648747439040E+04
   0.14869027229791E+04 -0.13581152237743E+03  0.65774074516748E+02 -0.16338852338042E+03  0.58476077096128E+01 -0.57654150513337E+02 -0.24389271840790E+02  0.16308816375539E+04 -0.32977830476471E+03 -0.56855916736974E+02  0.10876206478124E+02  0.13630873341141E+03  0.14389412567583E+02  0.17516467130832E+01  0.29603737739071E+02 -0.61109203763549E+01  0.46174724297542E+02  0.31537082547065E+02  0.14768200026087E+03 -0.25001144517500E+03
  -0.36488475316783E+02  0.46453340158067E+01 -0.49427208135018E+01  0.97423046609342E+02 -0.13612525205205E+02  0.21896136324411E+02  0.15820430938688E+02  0.51860955310465E+03 -0.92662721333812E+02 -0.11878751869146E+02  0.34603879111454E+01  0.32644258577734E+02  0.17516467130832E+01  0.13303544843112E+01  0.39522297825872E+02 -0.40661342304715E+01  0.36010626737797E+02  0.19021293695651E+02  0.22608762592106E+03  0.19198564183255E+02
  -0.15953978820208E+05  0.29663868552394E+04 -0.12635868861218E+04  0.19663924001312E+05 -0.15044662603061E+04  0.51349884105955E+04  0.25714478185977E+04  0.44502376234830E+05  0.46452403143295E+05 -0.23866375815226E+04  0.70633131596804E+03  0.45244254446813E+03  0.29603737739071E+02  0.39522297825872E+02  0.25062182852154E+05 -0.22065715096109E+04  0.18799459514696E+05  0.99143698016029E+04  0.16924360401476E+05 -0.62509488055525E+04
   0.14634639481607E+04 -0.37028948352457E+03  0.12679613061319E+03 -0.22599237371120E+04  0.17601084672796E+03 -0.60312517699810E+03 -0.30789137890211E+03 -0.58704193359943E+04 -0.25006429651408E+04  0.28576267093936E+03 -0.74050683933397E+02 -0.73422250865997E+02 -0.61109203763549E+01 -0.40661342304715E+01 -0.22065715096109E+04  0.22714187938382E+03 -0.19254351402234E+04 -0.10582048860205E+04 -0.18379725779728E+04  0.76596544001450E+03
  -0.14434386245965E+05  0.28226847251707E+04 -0.11697361588701E+04  0.18275029331067E+05 -0.13588275671129E+04  0.49124628023549E+04  0.23941874507050E+04  0.50332542829606E+05  0.20142093498676E+05 -0.22673595047910E+04  0.62444518848838E+03  0.63093960282968E+03  0.46174724297542E+02  0.36010626737797E+02  0.18799459514696E+05 -0.19254351402234E+04  0.16567412553539E+05  0.90420609993680E+04  0.16030958224870E+05 -0.78409105610143E+04
  -0.72764860842279E+04  0.16805856340004E+04 -0.61953017491361E+03  0.10340323541383E+05 -0.78157514217284E+03  0.28074278780284E+04  0.13924320680333E+04  0.27664443518536E+05  0.10270706242458E+05 -0.13235825304263E+04  0.34367879030984E+03  0.38613920866266E+03  0.31537082547065E+02  0.19021293695651E+02  0.99143698016029E+04 -0.10582048860205E+04  0.90420609993680E+04  0.50107217162657E+04  0.89063062594380E+04 -0.43230355414315E+04
   0.45101092922301E+07 -0.16166541128698E+07  0.28832372108668E+06  0.14277998059773E+07 -0.35650176904262E+06  0.31358246588982E+05  0.14647504430279E+06  0.29193694845553E+06  0.24469617546278E+05 -0.28020216245265E+05  0.28016107136702E+04  0.31918437631391E+04  0.14768200026087E+03  0.22608762592106E+03  0.16924360401476E+05 -0.18379725779728E+04  0.16030958224870E+05  0.89063062594380E+04  0.14315972250180E+08  0.38791645091396E+07
   0.18645399482021E+07 -0.51907231766100E+06  0.11193643116294E+06  0.60293467780991E+06 -0.12694506002043E+06  0.49881887087528E+05  0.76640222590031E+05  0.61193248724505E+06 -0.10989318154581E+06 -0.29039026812636E+05  0.41863569896014E+04 -0.16648747439040E+04 -0.25001144517500E+03  0.19198564183255E+02 -0.62509488055525E+04  0.76596544001450E+03 -0.78409105610143E+04 -0.43230355414315E+04  0.38791645091396E+07  0.25469737410265E+07

 # Covariance matrix (Bevington epsilon)
   0.28078829769239E-03 -0.10410208643992E-03 -0.47345141256488E-02  0.21575283093726E-03  0.74745162326662E-04  0.43393419044210E-03 -0.14073183299396E-02  0.41235470456367E-04  0.28765338774879E-04 -0.45574093202013E-03 -0.93506972268822E-02 -0.14043721824396E-03 -0.65399921722112E-03  0.38627331855715E-02  0.86732984183754E-04  0.28115153261634E-03  0.15430987180886E-03 -0.65715478136648E-03 -0.29582222715895E-05 -0.12562569989929E-04  0.48440588356565E-03 -0.47569334873378E-03  0.26827121776984E-04  0.39540740281893E-04  0.28072921814451E-04 -0.54262031684638E-04  0.25482632217883E-04  0.38007561955450E-04  0.27444501124173E-04 -0.31969351533753E-04 -0.25866540879910E-04  0.28924206533658E-04  0.32827160916303E-04  0.25592042458167E-04 -0.40020580271066E-04 -0.45261932244429E-04  0.20117145095101E-05  0.73424501680208E-05  0.52901761988144E-04 -0.11672897403841E-04  0.11745058632047E-04
  -0.10410208643992E-03  0.16200422334708E-03  0.24152453433388E-02  0.38877818401434E-04  0.59049259597288E-03 -0.33159589900624E-03  0.61177899946966E-03 -0.12084242130097E-04 -0.84986514810751E-05  0.65297290087216E-03  0.46866191457006E-02  0.11092132246247E-03 -0.73778899359572E-04 -0.64282253599881E-04 -0.27334251366130E-04  0.57226877486330E-04 -0.14019276137300E-04  0.14146364668885E-03  0.54652931830202E-05  0.13123150608841E-04 -0.13940571115761E-02  0.40001865669966E-03  0.20681253642725E-04  0.28793818095453E-06  0.24073674195129E-05 -0.28514104389447E-04 -0.56897016990266E-06 -0.35715342090815E-05  0.21522071504828E-05  0.24411810731026E-04  0.13889485397002E-04 -0.41813367113806E-05  0.71867740488581E-05  0.92071455955646E-05  0.70209739727441E-05  0.91702361053397E-05 -0.39257331198371E-06 -0.13861246225820E-05 -0.85208496784239E-05  0.56643461661449E-05 -0.10659915328232E-04
  -0.47345141256488E-02  0.24152453433387E-02  0.84932144342274E-01 -0.28223846851263E-02  0.26078118575169E-02 -0.84819028252394E-02  0.24586688410195E-01 -0.66439868182816E-03 -0.46662131459198E-03  0.11227695765816E-01  0.17728819928867E+00  0.26723744188402E-02  0.13208960390491E-01 -0.53741545356517E-01 -0.13005440020610E-02  0.37259205111273E-02 -0.18670705880319E-02  0.10250589850614E-01  0.73318547265706E-04  0.32594865675316E-03 -0.12774001290127E-01  0.88753207161722E-02 -0.30462001248524E-03 -0.46574616927657E-03 -0.27619094141354E-03  0.10239533905384E-02 -0.27010654900080E-03 -0.41726220395100E-03 -0.23118532274004E-03  0.10623751754259E-02  0.91655072287023E-03 -0.42189744958319E-03 -0.28734930006211E-03 -0.18865400089026E-03  0.57119588925747E-03  0.63995594721836E-03 -0.27994265444498E-04 -0.99999377612633E-04 -0.69535279354957E-03  0.21981385444529E-03 -0.21113046102596E-03
   0.21575283093727E-03  0.38877818401436E-04 -0.28223846851264E-02  0.17803563271377E-02  0.60977396321554E-02 -0.32096287048001E-02 -0.14864296824311E-02  0.37394100500089E-04  0.23005204004599E-04 -0.58095061190938E-03 -0.11417667527816E-01 -0.51398769077129E-03  0.18014294077601E-02  0.29106464844287E-01  0.58309113641140E-03  0.15597019057340E-01 -0.12005277715504E-02  0.39271717705878E-02  0.33508773180725E-05  0.26811237514943E-03 -0.20562638068053E-02  0.45493898351742E-03  0.14535908046643E-03  0.54218185385980E-04  0.55382825869431E-04 -0.97000588368855E-04  0.29381323582383E-04  0.59456064417727E-04  0.57059249611834E-04 -0.94849338787438E-05 -0.77982314834426E-04  0.29933632433191E-04  0.63620339620828E-04  0.42127226699634E-04 -0.23293418782363E-04 -0.29891318490633E-04  0.22043949692751E-05  0.11067722832985E-04  0.57809832066978E-04  0.37469179520078E-05 -0.63347338015020E-05
   0.74745162326709E-04  0.59049259597287E-03  0.26078118575161E-02  0.60977396321554E-02  0.30162330885820E-01 -0.17971599636569E-01  0.10762154241123E-01 -0.20834035697690E-04 -0.26426796400631E-04  0.27198509195433E-02  0.10137229137576E-01 -0.27550424782516E-02  0.17015049351117E-01  0.11565282396610E+00  0.16683422559603E-02  0.50229018692757E-01 -0.49670677135281E-02  0.15228332301968E-01  0.89143962651952E-04  0.69137209368775E-03 -0.78862590837835E-02  0.11302860663564E-02  0.50301082108117E-03  0.12914522546808E-03  0.10083089430697E-03 -0.23351310140058E-03  0.12763337335446E-03  0.10709805951967E-03  0.61720123268429E-04  0.20214421218589E-03 -0.28366383336449E-04  0.33821077037961E-04  0.14301257296522E-03 -0.29245415983089E-04 -0.39652053291110E-05 -0.29985018092799E-04  0.47489465497655E-05  0.25864555231874E-04  0.13440120876480E-03  0.73130009147708E-05  0.71205033648388E-04
   0.43393419044207E-03 -0.33159589900622E-03 -0.84819028252388E-02 -0.32096287048001E-02 -0.17971599636569E-01  0.13249858435481E-01 -0.11513211420577E-01  0.11276443880575E-03  0.86484466254550E-04 -0.21186835508068E-02 -0.30282373217176E-01  0.28083014772408E-02 -0.19228171811842E-01 -0.77469502126288E-01 -0.81984103343266E-03 -0.34571686521123E-01  0.29798807847962E-02 -0.10869019856972E-01 -0.46212416187059E-04 -0.49454922647636E-03  0.57712618668235E-02 -0.16770257793885E-02 -0.26805658835968E-03  0.20654063574553E-05 -0.28072665085730E-04 -0.18298773642922E-03 -0.72736973246255E-04  0.28283107483820E-05 -0.86507378224888E-05 -0.24437686577652E-03 -0.15522767807606E-03  0.40951019474920E-04 -0.23202671514525E-04  0.48390474422182E-04 -0.64180690229503E-04 -0.63500049233946E-04  0.48870360152082E-06 -0.12769797865789E-05 -0.69118773394924E-06 -0.28744012869710E-04 -0.58529392895543E-04
  -0.14073183299396E-02  0.61177899946963E-03  0.24586688410194E-01 -0.14864296824312E-02  0.10762154241123E-01 -0.11513211420577E-01  0.31906735791696E-01 -0.32488203679352E-03 -0.22852631168902E-03  0.10050836370829E-01  0.11583260673735E+00 -0.25224585761673E-02  0.28480785526888E-01  0.61495367805271E-02 -0.10520646686749E-02 -0.83518787442110E-02  0.20483079951781E-03  0.36601844683904E-03  0.10721343469223E-03 -0.45623766866517E-03 -0.12460956266949E-02 -0.28169151795295E-03 -0.78579246925092E-04 -0.10861731293545E-03 -0.10374179955793E-03  0.54541411682959E-03  0.11070467588044E-03 -0.14219915882308E-03 -0.15454507570762E-03  0.68186457355372E-03  0.82784279600455E-03 -0.15637246703524E-03 -0.10039499470380E-03 -0.21578995134644E-03  0.11029711014319E-03  0.11245423836827E-03 -0.51476935424406E-05 -0.24085035972179E-04 -0.86928874023782E-04  0.17694679554338E-04  0.21490254639964E-03
   0.41235470456366E-04 -0.12084242130096E-04 -0.66439868182815E-03  0.37394100500089E-04 -0.20834035697688E-04  0.11276443880575E-03 -0.32488203679352E-03  0.25211751201121E-04  0.19325344937765E-04 -0.25131647894286E-03 -0.47560644073250E-02  0.27178930867612E-04 -0.42848526065863E-03  0.55999458119378E-04 -0.25725435209281E-04 -0.16855070052805E-03  0.17359062062368E-03 -0.29123174803677E-03 -0.57201937610705E-06  0.28827334498124E-05 -0.22575866530405E-04 -0.16746645469656E-04  0.41565262074257E-05  0.80101331643721E-05  0.67256068213564E-05  0.25774911990463E-05  0.79183339982666E-05  0.82538005317670E-05  0.69555755891165E-05  0.10032567068052E-05  0.23598682633870E-06  0.86751343215901E-05  0.76526638974593E-05  0.68061415982162E-05  0.14888904587999E-05  0.11843536296656E-05  0.35051192466840E-06  0.14167451540006E-05  0.11687741161400E-04 -0.92035020609780E-06  0.15237471550609E-05
   0.28765338774879E-04 -0.84986514810745E-05 -0.46662131459197E-03  0.23005204004600E-04 -0.26426796400629E-04  0.86484466254549E-04 -0.22852631168902E-03  0.19325344937765E-04  0.15622583384878E-04 -0.17572003758073E-03 -0.35551116555081E-02  0.21668062738916E-04 -0.32045731044860E-03 -0.78564943962147E-04 -0.34058394301023E-04 -0.38384350610448E-03  0.14917333496925E-03 -0.27439481074442E-03 -0.41307064130515E-06  0.17939498310685E-05 -0.20196930191892E-04 -0.97048420905567E-05  0.27921609695858E-05  0.53619223946808E-05  0.44454170441276E-05  0.71560042876181E-06  0.56141478029621E-05  0.54115672634954E-05  0.44757703937030E-05 -0.38819176430157E-06 -0.76769948050605E-06  0.61143461632390E-05  0.49911995328965E-05  0.44106996912060E-05  0.18545531234736E-05  0.15418715720523E-05  0.21998032842713E-06  0.14604259845607E-06  0.76772224038713E-05 -0.64790968524785E-06  0.99821455247215E-06
  -0.45574093202013E-03  0.65297290087215E-03  0.11227695765816E-01 -0.58095061190938E-03  0.27198509195433E-02 -0.21186835508068E-02  0.10050836370829E-01 -0.25131647894286E-03 -0.17572003758073E-03  0.22993531754346E-01  0.11973107387758E+00 -0.15781337916767E-02  0.33523322109159E-01 -0.24884868968334E-01 -0.37471093978502E-03 -0.32131547426958E-01 -0.78794236605453E-02  0.84123845206520E-02  0.26434203720658E-04  0.46951496628646E-04  0.23282720064526E-02 -0.55981923860080E-03 -0.56106637620745E-04 -0.14002341968496E-04  0.59413347385079E-04 -0.16992683684320E-02  0.84635854030207E-04 -0.59413229378301E-04  0.20921392309700E-04 -0.72735836646576E-05  0.76772103768865E-04 -0.65497694405557E-05 -0.53484607664739E-04  0.16630776289948E-05  0.39621413433372E-03  0.27175618731895E-03 -0.35335815043689E-05 -0.24995922226532E-04 -0.64335032923699E-04  0.57721045883804E-04 -0.20082070583627E-03
  -0.93506972268821E-02  0.46866191457003E-02  0.17728819928866E+00 -0.11417667527816E-01  0.10137229137575E-01 -0.30282373217175E-01  0.11583260673735E+00 -0.47560644073250E-02 -0.35551116555081E-02  0.11973107387758E+00  0.14225877438173E+01 -0.79576604630907E-02  0.19969133831344E+00 -0.21930699287448E+00 -0.73366279976064E-03 -0.15903746882529E+00 -0.39310055603435E-01  0.26272985768130E-01  0.23724898718659E-03 -0.22444421659863E-02  0.34469621078322E-01 -0.14687133148042E-01 -0.10295368341847E-02 -0.91137363138969E-04  0.75438106740093E-03  0.34375054186109E-02  0.87460369201090E-03 -0.77885383703506E-04  0.84140163782497E-03  0.70889924477902E-02  0.84052632144128E-02 -0.17048424959439E-02  0.50592943894246E-04  0.64758038628733E-03 -0.76491473388672E-03 -0.13845106270639E-02 -0.20323901596250E-05 -0.43691008720845E-04  0.22418408839854E-03  0.72431761928531E-03 -0.48074325162500E-03
  -0.14043721824397E-03  0.11092132246247E-03  0.26723744188404E-02 -0.51398769077129E-03 -0.27550424782516E-02  0.28083014772408E-02 -0.25224585761673E-02  0.27178930867611E-04  0.21668062738916E-04 -0.15781337916767E-02 -0.79576604630906E-02  0.10213474284745E-01 -0.77422660912614E-01 -0.17051472630555E+00 -0.33523630795782E-03 -0.22103429899423E-01  0.11134887954269E-02 -0.59244635213664E-02  0.16676638646133E-06 -0.26235649142139E-03  0.54017025712364E-03 -0.12693631239666E-03 -0.11194731563303E-03 -0.39209744498463E-04 -0.84071437626948E-05 -0.60809240548587E-05 -0.10509740885319E-03 -0.21063061139827E-04  0.25016986762348E-05 -0.19761450807304E-04  0.47055772879429E-05 -0.42737891631533E-04 -0.54172151494360E-05  0.77793061123523E-05 -0.18267830682073E-04 -0.28978993864715E-04 -0.21260446573448E-05 -0.72393875533044E-05  0.10043067962789E-04  0.50114641892439E-04  0.10103920456640E-03
  -0.65399921722104E-03 -0.73778899359610E-04  0.13208960390489E-01  0.18014294077601E-02  0.17015049351117E-01 -0.19228171811842E-01  0.28480785526888E-01 -0.42848526065863E-03 -0.32045731044860E-03  0.33523322109159E-01  0.19969133831344E+00 -0.77422660912614E-01  0.76248089230614E+00  0.10737826243564E+01  0.43178884999455E-03  0.12555796505695E+00 -0.12834938094992E-03  0.24188379636903E-01  0.13715455687342E-04  0.37738891434677E-02  0.14566437929970E-02 -0.22495815087765E-02  0.15582832986827E-02  0.43694003425016E-03  0.36520627244452E-03 -0.22568926086825E-03  0.88469361198927E-03  0.24524687591854E-03  0.24637496067138E-03  0.18120982936948E-02  0.11403279540339E-02  0.26070120583742E-03  0.11610751908266E-03  0.16880494564933E-03 -0.30254087192542E-03 -0.20830642826346E-03  0.22193195481622E-04  0.93268644775864E-04 -0.24089493006542E-05 -0.16953540015254E-03 -0.13529729692268E-02
   0.38627331855717E-02 -0.64282253599866E-04 -0.53741545356520E-01  0.29106464844287E-01  0.11565282396610E+00 -0.77469502126289E-01  0.61495367805281E-02  0.55999458119364E-04 -0.78564943962158E-04 -0.24884868968334E-01 -0.21930699287447E+00 -0.17051472630555E+00  0.10737826243564E+01  0.49865795574563E+01  0.16800231848092E-01  0.60858447806214E+00 -0.51244705922672E-01  0.18253184501832E+00  0.12982890352983E-03  0.39637428355484E-02 -0.41335758094365E-01  0.16357101622728E-01  0.20014999928518E-02  0.12937937938283E-02 -0.68466846080530E-03  0.12681776246803E-02  0.28515364358042E-02  0.13330994371136E-02 -0.72850545348085E-03  0.46829102770306E-02 -0.25368138457602E-02  0.15254129944519E-02  0.11505889290376E-02 -0.77433333991210E-03  0.70974164415549E-03  0.69230596931069E-03  0.82135537396509E-04  0.32962761858696E-03 -0.35422808027147E-03 -0.26587744140205E-02 -0.50280981994064E-03
   0.86732984183753E-04 -0.27334251366125E-04 -0.13005440020610E-02  0.58309113641142E-03  0.16683422559604E-02 -0.81984103343274E-03 -0.10520646686748E-02 -0.25725435209281E-04 -0.34058394301024E-04 -0.37471093978506E-03 -0.73366279976054E-03 -0.33523630795783E-03  0.43178884999467E-03  0.16800231848092E-01  0.15785438540738E-02  0.33445078833094E-01 -0.35793494533589E-02  0.10269260103837E-01 -0.12880588247487E-05  0.67796329585920E-04  0.16748532367367E-03  0.16671875784697E-03  0.31306175177826E-05  0.18236519894563E-04  0.14819937447515E-04 -0.31275396770458E-04 -0.26712396247697E-04  0.26270568369044E-04  0.22941580664529E-04 -0.40778865227859E-04 -0.68550122749421E-04  0.16983235642178E-04  0.22158908041590E-04  0.18591561873047E-04  0.14155777528122E-04  0.22451505441673E-04  0.10565047196339E-05  0.43027193006185E-05  0.12427323189095E-04 -0.49278412960595E-05 -0.52440305571179E-05
   0.28115153261625E-03  0.57226877486463E-04  0.37259205111297E-02  0.15597019057341E-01  0.50229018692760E-01 -0.34571686521125E-01 -0.83518787442081E-02 -0.16855070052809E-03 -0.38384350610451E-03 -0.32131547426959E-01 -0.15903746882528E+00 -0.22103429899423E-01  0.12555796505696E+00  0.60858447806214E+00  0.33445078833093E-01  0.14235361560696E+01 -0.58391782907446E-02  0.24385606335681E+00  0.35850582008121E-04  0.62523800445978E-02 -0.34928951858681E-01  0.29588126646638E-01  0.89300192460595E-03  0.35203131696557E-03  0.48872659505148E-03 -0.82543414843471E-03 -0.40628643342494E-03  0.12059635549515E-02  0.12621972393141E-02 -0.35986412474073E-03 -0.10568577840944E-02  0.61557872729900E-03  0.12551287381985E-02  0.11745935416481E-02 -0.20824323380691E-02 -0.37406701917031E-03  0.24728633059588E-04  0.14859144770215E-03 -0.47767405532372E-04  0.55545381161889E-04  0.93253956911223E-04
   0.15430987180886E-03 -0.14019276137305E-04 -0.18670705880320E-02 -0.12005277715505E-02 -0.49670677135287E-02  0.29798807847966E-02  0.20483079951770E-03  0.17359062062368E-03  0.14917333496925E-03 -0.78794236605452E-02 -0.39310055603434E-01  0.11134887954270E-02 -0.12834938095062E-03 -0.51244705922676E-01 -0.35793494533591E-02 -0.58391782907514E-02  0.26271583780193E-01 -0.42680596294877E-01  0.85721701702925E-05  0.45222368593466E-03 -0.67698658214639E-02  0.16861374508614E-02  0.30463116848220E-03  0.61682909036171E-04  0.60422751373480E-04  0.41372215081720E-03  0.16159183785816E-03  0.17253733223278E-03  0.16162356768939E-03  0.45485697038511E-03  0.52344914813187E-03 -0.11463541124442E-04  0.22103561915407E-03  0.18919343279338E-03 -0.10399020340426E-02 -0.79953390903118E-03  0.91270493235815E-05  0.39799939699126E-04  0.21619043396841E-03  0.19102289816802E-04  0.16786836664342E-03
  -0.65715478136649E-03  0.14146364668888E-03  0.10250589850614E-01  0.39271717705881E-02  0.15228332301970E-01 -0.10869019856973E-01  0.36601844683983E-03 -0.29123174803678E-03 -0.27439481074443E-03  0.84123845206516E-02  0.26272985768131E-01 -0.59244635213666E-02  0.24188379636904E-01  0.18253184501832E+00  0.10269260103838E-01  0.24385606335682E+00 -0.42680596294876E-01  0.11187664680292E+00 -0.71904948794514E-05  0.43306612141019E-03  0.32588895337102E-02  0.43083402629282E-02 -0.44113929815293E-03 -0.18807190440722E-03 -0.15219398070640E-03 -0.12527378162262E-02 -0.43527468975509E-03 -0.24265076630718E-03 -0.21062397952102E-03 -0.11942933587906E-02 -0.14302322291669E-02  0.14331534552179E-03 -0.31292530515715E-03 -0.26107340646919E-03  0.17163905113405E-02  0.16382629714898E-02 -0.20993452303802E-04 -0.83790888369165E-04 -0.62349839548505E-03 -0.16247696423042E-04 -0.31859338113176E-03
  -0.29582222715892E-05  0.54652931830201E-05  0.73318547265702E-04  0.33508773180724E-05  0.89143962651951E-04 -0.46212416187059E-04  0.10721343469223E-03 -0.57201937610704E-06 -0.41307064130514E-06  0.26434203720658E-04  0.23724898718659E-03  0.16676638646132E-06  0.13715455687343E-04  0.12982890352983E-03 -0.12880588247491E-05  0.35850582008106E-04  0.85721701702937E-05 -0.71904948794565E-05  0.11211596287211E-05  0.58405939862640E-06  0.10390008903151E-04 -0.12189733579013E-04  0.13627780080755E-05  0.18670578043249E-06 -0.60808618116731E-06 -0.15471743792485E-06  0.34832650612700E-06 -0.22889181218056E-06 -0.96661962773728E-06  0.21029438641002E-05  0.16532717975583E-05 -0.17941703228102E-06 -0.25253503127207E-06 -0.13492727143916E-05 -0.25191981441921E-06 -0.28643973196933E-06  0.37126667000855E-08  0.99491217771477E-08  0.12664976473446E-06 -0.22391343211487E-06  0.13550966172061E-05
  -0.12562569989926E-04  0.13123150608841E-04  0.32594865675311E-03  0.26811237514944E-03  0.69137209368776E-03 -0.49454922647637E-03 -0.45623766866517E-03  0.28827334498126E-05  0.17939498310686E-05  0.46951496628637E-04 -0.22444421659863E-02 -0.26235649142140E-03  0.37738891434677E-02  0.39637428355485E-02  0.67796329585913E-04  0.62523800445977E-02  0.45222368593470E-03  0.43306612141010E-03  0.58405939862639E-06  0.35303902689178E-03 -0.72579411212373E-03  0.25053765463285E-03  0.14072556902379E-03 -0.21969718702367E-05  0.16409980561529E-04 -0.88012899043223E-04 -0.71777172236675E-05 -0.34101718992946E-05  0.57245042286529E-05 -0.22401623828988E-04 -0.41476186668838E-04  0.65766996008771E-05 -0.11931544615704E-06 -0.23583119890621E-05 -0.62714223911936E-05  0.31396495419933E-05 -0.21986664423800E-06 -0.87199950128538E-06 -0.11605311639499E-04  0.14280180478326E-04 -0.16202604229760E-04
   0.48440588356573E-03 -0.13940571115761E-02 -0.12774001290128E-01 -0.20562638068051E-02 -0.78862590837832E-02  0.57712618668235E-02 -0.12460956266956E-02 -0.22575866530384E-04 -0.20196930191877E-04  0.23282720064524E-02  0.34469621078317E-01  0.54017025712361E-03  0.14566437929969E-02 -0.41335758094362E-01  0.16748532367381E-03 -0.34928951858678E-01 -0.67698658214642E-02  0.32588895337111E-02  0.10390008903149E-04 -0.72579411212368E-03  0.45524446515376E-01 -0.14692691516558E-01 -0.67893080539361E-03  0.72417387725100E-04  0.74733381408245E-04  0.86943046161161E-03  0.12125950987928E-03 -0.81106848276611E-05  0.30332316088006E-05  0.56348825947649E-03  0.73217220554593E-03 -0.84414055814244E-05 -0.28317921517853E-03 -0.21617807688689E-03  0.16443006020390E-03 -0.68587978033661E-05  0.60234393924716E-05  0.23721829329731E-04  0.20561205971600E-03 -0.12696337490605E-04 -0.15198578411590E-05
  -0.47569334873381E-03  0.40001865669967E-03  0.88753207161727E-02  0.45493898351737E-03  0.11302860663564E-02 -0.16770257793886E-02 -0.28169151795254E-03 -0.16746645469666E-04 -0.97048420905638E-05 -0.55981923860072E-03 -0.14687133148039E-01 -0.12693631239666E-03 -0.22495815087763E-02  0.16357101622727E-01  0.16671875784692E-03  0.29588126646637E-01  0.16861374508616E-02  0.43083402629278E-02 -0.12189733579011E-04  0.25053765463283E-03 -0.14692691516558E-01  0.75481476034549E-02 -0.67337927690019E-04 -0.10285429780708E-03 -0.98367423739034E-04 -0.55076981286901E-03 -0.12316349715542E-03 -0.11596326765388E-04 -0.13662155234196E-04 -0.36524907379568E-03 -0.44391017799358E-03  0.92920208628989E-05  0.37746412011601E-04  0.38582006038826E-04  0.13605048750476E-03  0.21343092459255E-03 -0.75525889668141E-05 -0.31778951079321E-04 -0.22226113701484E-03  0.48678071171750E-05 -0.27099041321703E-04
   0.26827121776986E-04  0.20681253642725E-04 -0.30462001248527E-03  0.14535908046643E-03  0.50301082108116E-03 -0.26805658835967E-03 -0.78579246925104E-04  0.41565262074259E-05  0.27921609695859E-05 -0.56106637620746E-04 -0.10295368341848E-02 -0.11194731563303E-03  0.15582832986827E-02  0.20014999928518E-02  0.31306175177789E-05  0.89300192460586E-03  0.30463116848221E-03 -0.44113929815297E-03  0.13627780080754E-05  0.14072556902379E-03 -0.67893080539364E-03 -0.67337927690008E-04  0.90925676737662E-04  0.71256196094790E-05  0.11453783493494E-04 -0.13419768874555E-04  0.48343267872466E-05  0.81367549103935E-06  0.12985143186251E-05  0.54144790577285E-05 -0.20677673731765E-05  0.23001853611251E-05  0.86253131700263E-05  0.19302730751650E-05 -0.24117456149409E-04 -0.21215397791705E-04  0.45727235833450E-06  0.19658624027696E-05  0.99123353346282E-05  0.42909547220433E-05  0.14821180488410E-06
   0.39540740281893E-04  0.28793818095485E-06 -0.46574616927658E-03  0.54218185385979E-04  0.12914522546807E-03  0.20654063574603E-05 -0.10861731293546E-03  0.80101331643722E-05  0.53619223946809E-05 -0.14002341968495E-04 -0.91137363138987E-04 -0.39209744498461E-04  0.43694003425015E-03  0.12937937938282E-02  0.18236519894562E-04  0.35203131696553E-03  0.61682909036173E-04 -0.18807190440722E-03  0.18670578043245E-06 -0.21969718702370E-05  0.72417387725089E-04 -0.10285429780708E-03  0.71256196094789E-05  0.27513250655006E-04  0.17953051866036E-04  0.42534143322843E-04  0.16299436023225E-04  0.20995265335583E-04  0.20297481796554E-04  0.44350717057804E-04  0.45165026629354E-04  0.69666269059459E-05  0.20964599057086E-04  0.19175186268122E-04 -0.12811775030129E-04 -0.15832144011910E-04  0.73972297112385E-06  0.29734445087670E-05  0.23141687551599E-04 -0.12193060371693E-06  0.34099391473349E-05
   0.28072921814451E-04  0.24073674195132E-05 -0.27619094141355E-03  0.55382825869430E-04  0.10083089430696E-03 -0.28072665085727E-04 -0.10374179955793E-03  0.67256068213565E-05  0.44454170441277E-05  0.59413347385081E-04  0.75438106740091E-03 -0.84071437626937E-05  0.36520627244451E-03 -0.68466846080532E-03  0.14819937447514E-04  0.48872659505144E-03  0.60422751373482E-04 -0.15219398070641E-03 -0.60808618116734E-06  0.16409980561529E-04  0.74733381408234E-04 -0.98367423739030E-04  0.11453783493494E-04  0.17953051866036E-04  0.40628287326694E-04  0.50009727002706E-04  0.17229359837421E-04  0.19949807800746E-04  0.28435815208097E-04  0.49303399758357E-04  0.55708724584343E-04  0.48953808736617E-05  0.19918765778608E-04  0.26608281863850E-04 -0.13491675471039E-04 -0.16256998145298E-04  0.72303536665984E-06  0.31218078686652E-05  0.24667662977121E-04  0.50909569510671E-05 -0.41903207954933E-05
  -0.54262031684634E-04 -0.28514104389449E-04  0.10239533905383E-02 -0.97000588368852E-04 -0.23351310140058E-03 -0.18298773642922E-03  0.54541411682957E-03  0.25774911990471E-05  0.71560042876238E-06 -0.16992683684320E-02  0.34375054186107E-02 -0.60809240548575E-05 -0.22568926086825E-03  0.12681776246803E-02 -0.31275396770461E-04 -0.82543414843494E-03  0.41372215081720E-03 -0.12527378162262E-02 -0.15471743792489E-06 -0.88012899043221E-04  0.86943046161163E-03 -0.55076981286903E-03 -0.13419768874553E-04  0.42534143322843E-04  0.50009727002707E-04  0.70453987425495E-03  0.53172237838679E-04  0.49666287549265E-04  0.58520266620602E-04  0.27317599959374E-03  0.29422309087647E-03 -0.12100339885299E-04  0.48106256632342E-04  0.53684043897724E-04 -0.58728783726861E-04 -0.65486023074196E-04  0.20151363633502E-05  0.96654205861647E-05  0.72933737463239E-04  0.83230385509369E-05  0.26102318946322E-04
   0.25482632217884E-04 -0.56897016990266E-06 -0.27010654900081E-03  0.29381323582382E-04  0.12763337335445E-03 -0.72736973246248E-04  0.11070467588044E-03  0.79183339982667E-05  0.56141478029622E-05  0.84635854030209E-04  0.87460369201089E-03 -0.10509740885319E-03  0.88469361198926E-03  0.28515364358041E-02 -0.26712396247698E-04 -0.40628643342502E-03  0.16159183785816E-03 -0.43527468975510E-03  0.34832650612696E-06 -0.71777172236679E-05  0.12125950987928E-03 -0.12316349715542E-03  0.48343267872465E-05  0.16299436023225E-04  0.17229359837421E-04  0.53172237838678E-04  0.54885178890771E-04  0.18157709481406E-04  0.19358867580002E-04  0.59330556585747E-04  0.59966765999746E-04  0.48518215126969E-05  0.17837186433221E-04  0.17871882902332E-04 -0.15010763990560E-04 -0.17655485630516E-04  0.80823091341796E-06  0.34985274955484E-05  0.24896361689162E-04  0.15100598055989E-06  0.30375216869513E-05
   0.38007561955449E-04 -0.35715342090811E-05 -0.41726220395099E-03  0.59456064417725E-04  0.10709805951966E-03  0.28283107483874E-05 -0.14219915882308E-03  0.82538005317670E-05  0.54115672634954E-05 -0.59413229378298E-04 -0.77885383703485E-04 -0.21063061139825E-04  0.24524687591852E-03  0.13330994371136E-02  0.26270568369041E-04  0.12059635549514E-02  0.17253733223278E-03 -0.24265076630720E-03 -0.22889181218058E-06 -0.34101718992953E-05 -0.81106848276689E-05 -0.11596326765385E-04  0.81367549103908E-06  0.20995265335583E-04  0.19949807800746E-04  0.49666287549265E-04  0.18157709481406E-04  0.28940945551075E-04  0.26147722941733E-04  0.53983109706428E-04  0.54818862772622E-04  0.70766477223239E-05  0.27015952710119E-04  0.24863384064668E-04 -0.19260607971170E-04 -0.20956778280862E-04  0.83695935866985E-06  0.34248877367574E-05  0.25783723099686E-04 -0.12185077596611E-07  0.56844458610387E-05
   0.27444501124173E-04  0.21522071504832E-05 -0.23118532274004E-03  0.57059249611833E-04  0.61720123268423E-04 -0.86507378224854E-05 -0.15454507570762E-03  0.69555755891165E-05  0.44757703937030E-05  0.20921392309703E-04  0.84140163782499E-03  0.25016986762368E-05  0.24637496067137E-03 -0.72850545348090E-03  0.22941580664527E-04  0.12621972393140E-02  0.16162356768940E-03 -0.21062397952104E-03 -0.96661962773730E-06  0.57245042286525E-05  0.30332316087933E-05 -0.13662155234193E-04  0.12985143186250E-05  0.20297481796554E-04  0.28435815208097E-04  0.58520266620602E-04  0.19358867580002E-04  0.26147722941733E-04  0.36903353076627E-04  0.58858111818542E-04  0.66011878824896E-04  0.48509211302246E-05  0.25677977482441E-04  0.34347836166934E-04 -0.20795094139385E-04 -0.22246226056875E-04  0.84390606885290E-06  0.36921690072617E-05  0.27972135794600E-04  0.53546491768183E-05 -0.38764975885216E-05
  -0.31969351533751E-04  0.24411810731024E-04  0.10623751754259E-02 -0.94849338787445E-05  0.20214421218588E-03 -0.24437686577650E-03  0.68186457355370E-03  0.10032567068056E-05 -0.38819176430123E-06 -0.72735836646554E-05  0.70889924477901E-02 -0.19761450807301E-04  0.18120982936948E-02  0.46829102770305E-02 -0.40778865227864E-04 -0.35986412474103E-03  0.45485697038510E-03 -0.11942933587907E-02  0.21029438641001E-05 -0.22401623828988E-04  0.56348825947651E-03 -0.36524907379570E-03  0.54144790577295E-05  0.44350717057804E-04  0.49303399758357E-04  0.27317599959374E-03  0.59330556585748E-04  0.53983109706428E-04  0.58858111818542E-04  0.30608821217033E-03  0.23630998585947E-03 -0.85900424167946E-06  0.54232623425866E-04  0.53677036740781E-04 -0.57323066063785E-04 -0.64101501870024E-04  0.21987813065507E-05  0.10067826364944E-04  0.67656612189383E-04  0.44614484473029E-05  0.13409032695727E-04
