# fitpack10: fit parameters                                                                         
# CJ14 Repaired offshell routines, Fit offshell strength                                            
# Created on 06/05/2015 at 08:29:29                                                                 

 # QCD setup
  INS	                    0
  NVL                          11
  IORD                          1
  Q02                   1.6899999999999999     
  IPARAMC                       7
  FLAVOR                4.0000000000000000     
  xmc                   1.3000000000000000     
  xmb                   4.5000000000000000     
  ncb                          12

 # Theory corrections
  inuke                     10724
  itmc                          1
  iht                           1

 # fit parameters
 LAMBDA       0.22680        0.0000    
 a0uv          2.9122        0.0000    
 a1uv         0.65810       0.16156E-01
 a2uv          3.5080       0.12846E-01
 a3uv          0.0000        0.0000    
 a4uv          2.4958       0.26715    
 a5uv          0.0000        0.0000    
 a0dv          18.042        0.0000    
 a1dv          1.0952       0.43335E-01
 a2dv          6.4395       0.17562    
 a3dv         -3.4241       0.11660    
 a4dv          4.9460       0.18478    
 a5dv          0.0000        0.0000    
 a0ud         0.13951       0.50253E-02
 a1ud        -0.21930       0.39677E-02
 a2ud          8.8929       0.15657    
 a3ud          0.0000        0.0000    
 a4ud          17.254        1.2365    
 a5ud          0.0000        0.0000    
 a0du          35712.        0.0000    
 a1du          4.0484       0.73413E-01
 a2du          19.643       0.80693    
 a3du          17.000        0.0000    
 a4du          27.331        3.1413    
 a0g           51.893        0.0000    
 a1g          0.63874       0.35065E-01
 a2g           5.7508       0.76219    
 a3g          -3.3762       0.12606    
 a4g           3.1142       0.25710    
 a5g           0.0000        0.0000    
 kappa        0.40000        0.0000    
 a6dv        -0.68842E-02   0.11574E-02
 a7dv          2.0000        0.0000    
 off1         0.46210E-02   0.11007E-01
 dummy35       0.0000        0.0000    
 ht1          -2.8022       0.18784    
 ht2           1.5617       0.82503E-01
 ht3          -2.2000       0.21661E-01
 ht4           0.0000        0.0000    
 dummy40       0.0000        0.0000    
 dummy41       0.0000        0.0000    
 dummy42       0.0000        0.0000    
 dummy43       0.0000        0.0000    
 dummy44       0.0000        0.0000    
 dummy45       0.0000        0.0000    
 dummy46       0.0000        0.0000    
 dummy47       0.0000        0.0000    
 dummy48       0.0000        0.0000    
 dummy49       0.0000        0.0000    
 bcdmsh2      0.96755       0.53048E-02
 bcdmsd2      0.98453       0.63841E-02
 ccfr          1.0000        0.0000    
 nutev         1.0000        0.0000    
 zeus         0.97998        0.0000    
 h1            1.0162        0.0000    
 e605         0.94823       0.26437E-01
 NmcH2         1.0081       0.74546E-02
 ntv_nu        1.0000        0.0000    
 ntv_nuba      1.0000        0.0000    
 cdf_jet      0.98910        0.0000    
 d0_jet       0.83504        0.0000    
 slac_p        1.0028       0.54203E-02
 slac_d        1.0017       0.60701E-02
 e866pp       0.93387       0.17768E-01
 e866pd       0.96441       0.17096E-01
 d0_gamje      1.0380       0.16528E-01
 h1b          0.97608        0.0000    
 jlab_p        1.0040       0.62904E-02
 jlab_d       0.97640       0.65889E-02
 blank         1.0000        0.0000    
 d0run2       0.94775       0.15714E-01
 cdfrun2      0.92925       0.18131E-01
 HERA_el      0.99964       0.34132E-02
 HERA_ps      0.99412       0.31374E-02
 CDF_Z        0.97474       0.68667E-02
 NmcRat        1.0031       0.27988E-02
 BNS_F2nd     0.98956       0.68700E-02
 END 0. 0.

 # Hessian matrix (Bevington alpha)
   0.43450904863728E+07 -0.12094041077030E+07  0.27569485729028E+06  0.45287928385047E+06 -0.11375176818228E+06 -0.37359592267441E+05  0.32927854010263E+05  0.76134703025227E+06 -0.16965695929444E+06 -0.35021241775673E+05  0.46536170356553E+04  0.11282104589433E+05  0.13887725464077E+04 -0.10572462189498E+03 -0.15569955545397E+05  0.13985783934376E+04 -0.19285892289775E+05 -0.96887390930466E+04 -0.50222835695984E+07  0.18389475532285E+07
  -0.12094041077030E+07  0.40467692702965E+06 -0.80130315428697E+05 -0.13784413267940E+06  0.33281187991180E+05  0.11385408690383E+05 -0.79098329365388E+04 -0.12040259671501E+06  0.30400794036565E+05  0.56715346724870E+04 -0.67913404352646E+03 -0.10326349210060E+04 -0.12267988420681E+03  0.11282207915196E+02  0.31763939208663E+04 -0.45366322638204E+03  0.39020630789924E+04  0.23706429287974E+04  0.18002553787475E+07 -0.48996811349363E+06
   0.27569485729028E+06 -0.80130315428697E+05  0.17761083506409E+05  0.30038320994653E+05 -0.75039901303186E+04 -0.24507561244832E+04  0.21121495698993E+04  0.36210789839023E+05 -0.83542073498719E+04 -0.18701822315853E+04  0.21630808226853E+03  0.42786495062619E+03  0.61195962744340E+02 -0.70702239545187E+01 -0.13188088000359E+04  0.13789984851515E+03 -0.16506849592074E+04 -0.87792734510311E+03 -0.33958381518126E+06  0.11533808175235E+06
   0.45287928385047E+06 -0.13784413267940E+06  0.30038320994653E+05  0.38319050192954E+06 -0.59989239473121E+05  0.47816299946888E+05  0.47253079157712E+05  0.28024248403028E+06 -0.11135156980713E+05 -0.14766160716631E+05  0.23329472102200E+04 -0.15786139418683E+04 -0.18406948953620E+03  0.97671495069783E+02  0.21273182511323E+05 -0.27597967834404E+04  0.25542328858333E+05  0.14625675988231E+05 -0.15813615838866E+07  0.61425463751583E+06
  -0.11375176818228E+06  0.33281187991180E+05 -0.75039901303186E+04 -0.59989239473121E+05  0.10918379236496E+05 -0.44278306671865E+04 -0.67261996484910E+04 -0.25944106016120E+05 -0.49394392555738E+03  0.18731634954165E+04 -0.22991805524197E+03 -0.24386303810285E+02  0.73287266175058E+01 -0.10863819427223E+02 -0.16166705961084E+04  0.22221444599836E+03 -0.18377341330623E+04 -0.10799314610062E+04  0.32935164110686E+06 -0.11221009049238E+06
  -0.37359592267441E+05  0.11385408690383E+05 -0.24507561244832E+04  0.47816299946888E+05 -0.44278306671865E+04  0.12664768574673E+05  0.76410160140509E+04  0.65581582636913E+05 -0.41396147942050E+04 -0.27478283364535E+04  0.53617129800147E+03 -0.66876561297545E+03 -0.64739829448270E+02  0.23374725305166E+02  0.54102428534551E+04 -0.70686824804128E+03  0.67740130974771E+04  0.38998460965180E+04  0.10300249266614E+05  0.42072613921496E+05
   0.32927854010263E+05 -0.79098329365388E+04  0.21121495698993E+04  0.47253079157712E+05 -0.67261996484910E+04  0.76410160140509E+04  0.65048095775686E+04  0.38031897109890E+05 -0.91082199242631E+03 -0.20837188983219E+04  0.32445249349477E+03 -0.22153942476054E+03 -0.27664690601995E+02  0.14726523031500E+02  0.27526166476124E+04 -0.37591287073631E+03  0.33004855595356E+04  0.19457385838894E+04 -0.12306199129245E+06  0.69242189023260E+05
   0.76134703025227E+06 -0.12040259671501E+06  0.36210789839023E+05  0.28024248403028E+06 -0.25944106016120E+05  0.65581582636913E+05  0.38031897109890E+05  0.50531856099386E+07 -0.25446976791516E+07 -0.78571738076228E+05  0.20630647077387E+05  0.20304293764761E+05  0.16418226481554E+04  0.31379672950679E+03  0.48427987675823E+05 -0.68263862690564E+04  0.70742944565031E+05  0.38827553430759E+05 -0.31798901834840E+06  0.63722946209059E+06
  -0.16965695929444E+06  0.30400794036565E+05 -0.83542073498719E+04 -0.11135156980713E+05 -0.49394392555738E+03 -0.41396147942050E+04 -0.91082199242631E+03 -0.25446976791516E+07  0.22224445852083E+07  0.17020518486115E+05 -0.50661643936269E+04 -0.46267188242209E+04 -0.33874166745284E+03 -0.49656524766576E+02  0.46595052958424E+05 -0.27232047578346E+04  0.25661412225636E+05  0.13498287689902E+05 -0.23402421975129E+05 -0.11098920958028E+06
  -0.35021241775673E+05  0.56715346724870E+04 -0.18701822315853E+04 -0.14766160716631E+05  0.18731634954165E+04 -0.27478283364535E+04 -0.20837188983219E+04 -0.78571738076228E+05  0.17020518486115E+05  0.23638350476156E+04 -0.48975385174069E+03 -0.52392161554560E+03 -0.53870958815616E+02 -0.68059521745604E+01 -0.25513338754201E+04  0.34374403760587E+03 -0.31432608483027E+04 -0.18519879687125E+04  0.29746766619970E+05 -0.30303649318122E+05
   0.46536170356553E+04 -0.67913404352646E+03  0.21630808226853E+03  0.23329472102200E+04 -0.22991805524197E+03  0.53617129800147E+03  0.32445249349477E+03  0.20630647077387E+05 -0.50661643936269E+04 -0.48975385174069E+03  0.12036730966887E+03  0.12610546330479E+03  0.10608948105380E+02  0.20752003070446E+01  0.72796807555164E+03 -0.83413547411759E+02  0.84171514856135E+03  0.46598180713509E+03 -0.29373856739767E+04  0.42856223602822E+04
   0.11282104589433E+05 -0.10326349210060E+04  0.42786495062619E+03 -0.15786139418683E+04 -0.24386303810285E+02 -0.66876561297545E+03 -0.22153942476054E+03  0.20304293764761E+05 -0.46267188242209E+04 -0.52392161554560E+03  0.12610546330479E+03  0.22948310438859E+04  0.16192339986530E+03  0.18107213839010E+02  0.62335810601716E+03 -0.10338811819107E+03  0.10917926946465E+04  0.64509879380368E+03 -0.44199584690444E+04 -0.11948056024251E+04
   0.13887725464077E+04 -0.12267988420681E+03  0.61195962744340E+02 -0.18406948953620E+03  0.73287266175058E+01 -0.64739829448270E+02 -0.27664690601995E+02  0.16418226481554E+04 -0.33874166745284E+03 -0.53870958815616E+02  0.10608948105380E+02  0.16192339986530E+03  0.14920205991940E+02  0.66136460776104E+00  0.34456561626300E+02 -0.76750317764609E+01  0.70165522243997E+02  0.46399380348503E+02 -0.17870982093756E+03 -0.27366652364357E+03
  -0.10572462189498E+03  0.11282207915196E+02 -0.70702239545187E+01  0.97671495069783E+02 -0.10863819427223E+02  0.23374725305166E+02  0.14726523031500E+02  0.31379672950679E+03 -0.49656524766576E+02 -0.68059521745604E+01  0.20752003070446E+01  0.18107213839010E+02  0.66136460776104E+00  0.50352077707182E+00  0.30133655775889E+02 -0.30907877899756E+01  0.33234253118547E+02  0.17250958269544E+02 -0.16922582946072E+03  0.33542586456929E+02
  -0.15569955545397E+05  0.31763939208663E+04 -0.13188088000359E+04  0.21273182511323E+05 -0.16166705961084E+04  0.54102428534551E+04  0.27526166476124E+04  0.48427987675823E+05  0.46595052958424E+05 -0.25513338754201E+04  0.72796807555164E+03  0.62335810601716E+03  0.34456561626300E+02  0.30133655775889E+02  0.26556566409317E+05 -0.25635833968266E+04  0.26120775712081E+05  0.13992761450105E+05 -0.19160993111133E+05 -0.57608949546755E+04
   0.13985783934376E+04 -0.45366322638204E+03  0.13789984851515E+03 -0.27597967834404E+04  0.22221444599836E+03 -0.70686824804128E+03 -0.37591287073631E+03 -0.68263862690564E+04 -0.27232047578346E+04  0.34374403760587E+03 -0.83413547411759E+02 -0.10338811819107E+03 -0.76750317764609E+01 -0.30907877899756E+01 -0.25635833968266E+04  0.29825283749139E+03 -0.29640833260888E+04 -0.16616126069215E+04  0.23752747564785E+04  0.61836560450571E+03
  -0.19285892289775E+05  0.39020630789924E+04 -0.16506849592074E+04  0.25542328858333E+05 -0.18377341330623E+04  0.67740130974771E+04  0.33004855595356E+04  0.70742944565031E+05  0.25661412225636E+05 -0.31432608483027E+04  0.84171514856135E+03  0.10917926946465E+04  0.70165522243997E+02  0.33234253118547E+02  0.26120775712081E+05 -0.29640833260888E+04  0.30674818194878E+05  0.16940777217889E+05 -0.23571285467565E+05 -0.10873177981680E+05
  -0.96887390930466E+04  0.23706429287974E+04 -0.87792734510311E+03  0.14625675988231E+05 -0.10799314610062E+04  0.38998460965180E+04  0.19457385838894E+04  0.38827553430759E+05  0.13498287689902E+05 -0.18519879687125E+04  0.46598180713509E+03  0.64509879380368E+03  0.46399380348503E+02  0.17250958269544E+02  0.13992761450105E+05 -0.16616126069215E+04  0.16940777217889E+05  0.94998341002920E+04 -0.13173539156563E+05 -0.56305637696737E+04
  -0.50222835695984E+07  0.18002553787475E+07 -0.33958381518126E+06 -0.15813615838866E+07  0.32935164110686E+06  0.10300249266614E+05 -0.12306199129245E+06 -0.31798901834840E+06 -0.23402421975129E+05  0.29746766619970E+05 -0.29373856739767E+04 -0.44199584690444E+04 -0.17870982093756E+03 -0.16922582946072E+03 -0.19160993111133E+05  0.23752747564785E+04 -0.23571285467565E+05 -0.13173539156563E+05  0.16310997179556E+08 -0.37560604117240E+07
   0.18389475532285E+07 -0.48996811349363E+06  0.11533808175235E+06  0.61425463751583E+06 -0.11221009049238E+06  0.42072613921496E+05  0.69242189023260E+05  0.63722946209059E+06 -0.11098920958028E+06 -0.30303649318122E+05  0.42856223602822E+04 -0.11948056024251E+04 -0.27366652364357E+03  0.33542586456929E+02 -0.57608949546755E+04  0.61836560450571E+03 -0.10873177981680E+05 -0.56305637696737E+04 -0.37560604117240E+07  0.24882364922311E+07

 # Covariance matrix (Bevington epsilon)
   0.26100155791354E-03 -0.10018663927499E-03 -0.41635667596363E-02  0.20644318090702E-03  0.10135916080663E-04  0.45404821284660E-03 -0.14488055848926E-02  0.39854984706852E-04  0.27957705640977E-04 -0.40379896460812E-03 -0.90475194451778E-02 -0.30561362996141E-04 -0.14435792326060E-02  0.65630682261447E-02  0.91044237593676E-04  0.52802275772621E-03  0.57856837156461E-04 -0.33370939818399E-03  0.56025183028409E-05 -0.43706915425749E-05  0.71253541269865E-04 -0.32148929078949E-03  0.71463989994099E-04  0.39234982708064E-04  0.27069559474216E-04 -0.55174911618919E-04  0.24589778677180E-04  0.37088305273883E-04  0.26366730805129E-04 -0.26264916962624E-04 -0.23117878023878E-04  0.28506578581306E-04  0.31455777930256E-04  0.24549346958443E-04 -0.42088272826722E-04 -0.45266937653284E-04  0.19627091887537E-05  0.71782870154519E-05  0.51316076232759E-04 -0.11604100482995E-04  0.13781563051911E-04
  -0.10018663927498E-03  0.16502775252205E-03  0.22601028258361E-02  0.58781379068293E-04  0.71727353279070E-03 -0.41440991904223E-03  0.70670602230030E-03 -0.12233914145606E-04 -0.86350923431605E-05  0.60282572400392E-03  0.45935821546539E-02  0.41480499400140E-04  0.72064976123391E-03  0.18073002962846E-03 -0.36706598614643E-04 -0.25202114073428E-04  0.71763506961723E-04 -0.50570687200044E-04 -0.37024506757836E-05  0.18697335638550E-04 -0.11587816362628E-02  0.38428760500713E-03  0.51782607343928E-04  0.11517715472178E-05  0.27637888172343E-05 -0.25615101941721E-04  0.78905885990093E-06 -0.29791283641021E-05  0.13844831108599E-05  0.27093976638670E-04  0.15658455974066E-04 -0.42066180263062E-05  0.74808542114130E-05  0.77452711102476E-05  0.19433493546222E-05  0.47837162119540E-05 -0.34645388574511E-06 -0.12519027520771E-05 -0.77358510716690E-05  0.53337094719655E-05 -0.94739768027808E-05
  -0.41635667596363E-02  0.22601028258361E-02  0.71371083265335E-01 -0.22822708297547E-02  0.44436153277887E-02 -0.90275308750310E-02  0.24173034515942E-01 -0.60444952440626E-03 -0.42724210149967E-03  0.92716237140805E-02  0.16078532355443E+00  0.60643724406599E-03  0.27940574197397E-01 -0.82817008151010E-01 -0.12983413658059E-02 -0.57203245285112E-03 -0.26629580047424E-03  0.45439816385223E-02 -0.91192731544105E-04  0.25826916514837E-03 -0.57128422688130E-02  0.62881759011086E-02 -0.64199809514261E-03 -0.42326584403215E-03 -0.23880961416334E-03  0.99586582030729E-03 -0.23204263047402E-03 -0.37103805448647E-03 -0.20265102837701E-03  0.95245426158082E-03  0.83785869943336E-03 -0.38972319083995E-03 -0.24531035572347E-03 -0.16974397297560E-03  0.50031971976164E-03  0.55308255158504E-03 -0.25124194548862E-04 -0.89817825868298E-04 -0.62214601163157E-03  0.20417682433742E-03 -0.21268130653489E-03
   0.20644318090706E-03  0.58781379068273E-04 -0.22822708297554E-02  0.18779399585924E-02  0.63321515921792E-02 -0.33071494666050E-02 -0.18513149221362E-02  0.40090826331115E-04  0.25177667440054E-04 -0.94093997040843E-03 -0.12747786378078E-01 -0.56675446567878E-04 -0.80319473832996E-03  0.42127329102513E-01  0.51990448234038E-03  0.13242648430368E-01 -0.91876083181248E-03  0.28427018722020E-02  0.34973321427192E-04  0.18053553451696E-03 -0.22629277290955E-02  0.73239886807449E-03  0.35552678040807E-03  0.65383419279094E-04  0.61219573178032E-04 -0.68565514960081E-04  0.38321692551899E-04  0.69146622484546E-04  0.64077589546609E-04  0.22030013878677E-04 -0.51527307683401E-04  0.30429985505577E-04  0.67202849493234E-04  0.45991011777769E-04 -0.88136342393260E-04 -0.75634804630192E-04  0.27239080912709E-05  0.13071087031382E-04  0.70541268888565E-04 -0.34874577851655E-06  0.58614272656112E-05
   0.10135916080811E-04  0.71727353279063E-03  0.44436153277863E-02  0.63321515921793E-02  0.30844005920763E-01 -0.18387368692589E-01  0.10155656293197E-01 -0.20724416084420E-04 -0.25412346593541E-04  0.23371832035995E-02  0.11109344924654E-01 -0.11614707443407E-02  0.10501658637662E-01  0.16523087700166E+00  0.13750157179890E-02  0.40155124464186E-01 -0.41070700819676E-02  0.11436927855650E-01  0.64147581014144E-04  0.41799900988372E-03 -0.77529655791435E-02  0.18709970676241E-02  0.10579278857072E-02  0.15479598033747E-03  0.12939408192093E-03 -0.16757844221549E-03  0.15832904948885E-03  0.12555148086523E-03  0.96447938200633E-04  0.29318357992225E-03  0.52484452649955E-04  0.33362491767572E-04  0.14470087603240E-03  0.67842506344120E-06 -0.15590707058885E-03 -0.13343993123076E-03  0.59144213373745E-05  0.30546285777676E-04  0.16207887807006E-03  0.31605118842035E-05  0.63768918617533E-04
   0.45404821284651E-03 -0.41440991904220E-03 -0.90275308750297E-02 -0.33071494666052E-02 -0.18387368692590E-01  0.13595883409830E-01 -0.11635170051471E-01  0.11206457890598E-03  0.85693519246217E-04 -0.17142160367598E-02 -0.30759844772221E-01  0.17110137366957E-02 -0.15024346283061E-01 -0.11576045498113E+00 -0.58610072926977E-03 -0.26596544567247E-01  0.21942989591418E-02 -0.74679304889019E-02 -0.38188291779138E-04 -0.31096769121249E-03  0.50944974908427E-02 -0.19022781021377E-02 -0.59093322277296E-03 -0.17496300501148E-04 -0.40210906564027E-04 -0.22569891399350E-03 -0.97687353987615E-04 -0.12650058363912E-04 -0.21798673348298E-04 -0.30648092591091E-03 -0.21208789481226E-03  0.39200282249749E-04 -0.29438048906580E-04  0.40771495744284E-04  0.47590711260827E-04  0.14532034115046E-04 -0.42259328771703E-06 -0.44351667178518E-05 -0.20328396848131E-04 -0.19652775729281E-04 -0.71996092646882E-04
  -0.14488055848926E-02  0.70670602230033E-03  0.24173034515942E-01 -0.18513149221359E-02  0.10155656293198E-01 -0.11635170051472E-01  0.34142275588293E-01 -0.34088931678859E-03 -0.23998940915232E-03  0.11406505559781E-01  0.12532738762616E+00 -0.26791775959857E-02  0.33774736181486E-01  0.98834332527930E-02 -0.12230214083414E-02 -0.12708193002739E-01  0.15968850146021E-03 -0.21493634700953E-03 -0.10763297235493E-03 -0.32700691193769E-03  0.30125255853455E-03 -0.84062602396442E-03 -0.32289283179866E-03 -0.12923939482705E-03 -0.10583832011708E-03  0.46380462674585E-03  0.11009778441511E-03 -0.16758147283211E-03 -0.16287302278588E-03  0.65517843114780E-03  0.81249283043386E-03 -0.15717064203123E-03 -0.11472771392109E-03 -0.21850166472072E-03  0.20944837144977E-03  0.18796665352516E-03 -0.61634276196443E-05 -0.28678439437840E-04 -0.11641572540268E-03  0.26523451413054E-04  0.17449649389804E-03
   0.39854984706852E-04 -0.12233914145606E-04 -0.60444952440625E-03  0.40090826331107E-04 -0.20724416084446E-04  0.11206457890599E-03 -0.34088931678858E-03  0.25253857279011E-04  0.19426305404959E-04 -0.26371462935737E-03 -0.49148896675434E-02  0.31287799174171E-04 -0.48694296816550E-03  0.18628874177379E-03 -0.19555558636832E-04 -0.63259056117016E-04  0.14152287060871E-03 -0.23174536628188E-03  0.10339635206152E-05  0.46961448278978E-05 -0.73255061845790E-04  0.61305213224680E-05  0.15355865965694E-04  0.83176297109875E-05  0.67195987326723E-05  0.25197303000425E-05  0.78201821322799E-05  0.84592021832855E-05  0.68964094706840E-05  0.18907055159109E-05  0.45971716605553E-06  0.87872039250628E-05  0.76488645990319E-05  0.66035907499340E-05 -0.82403268777317E-06 -0.30008957165030E-06  0.36064998790805E-06  0.14608341875730E-05  0.11814284630736E-04 -0.99194803778288E-06  0.22087124555611E-05
   0.27957705640976E-04 -0.86350923431606E-05 -0.42724210149967E-03  0.25177667440049E-04 -0.25412346593559E-04  0.85693519246226E-04 -0.23998940915231E-03  0.19426305404959E-04  0.15742872465617E-04 -0.18523869374415E-03 -0.36940408539453E-02  0.21384503909043E-04 -0.34080212320238E-03  0.26260522428171E-04 -0.27524862212602E-04 -0.21236569045399E-03  0.12555317410519E-03 -0.21529077814790E-03  0.67704705109978E-06  0.32386424651378E-05 -0.58376430151437E-04  0.78361389731329E-05  0.10529079221514E-04  0.55813029671183E-05  0.44467969287771E-05  0.43470806887833E-06  0.55298644171259E-05  0.55818418980110E-05  0.44618777850112E-05  0.52876552444140E-07 -0.79707177125867E-06  0.62714945247804E-05  0.50246372898987E-05  0.42977718609415E-05  0.44921392318308E-06  0.70922400798637E-06  0.22648812367177E-06  0.17607236659894E-06  0.77292600156667E-05 -0.70476939371619E-06  0.14225880065212E-05
  -0.40379896460811E-03  0.60282572400392E-03  0.92716237140804E-02 -0.94093997040831E-03  0.23371832035998E-02 -0.17142160367600E-02  0.11406505559781E-01 -0.26371462935738E-03 -0.18523869374415E-03  0.24515334764251E-01  0.13082265893363E+00 -0.20034291108152E-02  0.36325767181437E-01 -0.47786695479526E-01 -0.40266456414725E-03 -0.24290454913908E-01 -0.62411284253102E-02  0.77946576033196E-02 -0.42520933800045E-04 -0.26958208586781E-03  0.50105138088812E-02 -0.19542963545953E-02 -0.66439858627469E-03 -0.37744395848373E-04  0.57544012218790E-04 -0.16796547453158E-02  0.85518295087388E-04 -0.83784520653362E-04  0.21374293643882E-04 -0.51569456223416E-04  0.85971461977429E-04 -0.12968899447815E-04 -0.72533828022385E-04  0.97483457156019E-05  0.59279519243161E-03  0.40183797737816E-03 -0.41877643165178E-05 -0.26939268871326E-04 -0.68712699909198E-04  0.61215396892313E-04 -0.24222447522548E-03
  -0.90475194451777E-02  0.45935821546540E-02  0.16078532355443E+00 -0.12747786378076E-01  0.11109344924660E-01 -0.30759844772224E-01  0.12532738762616E+00 -0.49148896675435E-02 -0.36940408539454E-02  0.13082265893363E+00  0.15288855069338E+01 -0.12373630778539E-01  0.23696347068277E+00 -0.38995327305651E+00 -0.48229385803693E-03 -0.12651986787164E+00 -0.38830054922451E-01  0.39381756157930E-01 -0.42415979871786E-03 -0.26835984769083E-02  0.49801605165406E-01 -0.24642224690265E-01 -0.48478787255463E-02 -0.23868540568547E-03  0.82424113932493E-03  0.35561814398000E-02  0.90579760574118E-03 -0.24181022503057E-03  0.86760553282044E-03  0.70263697932951E-02  0.85697814514731E-02 -0.17687806662763E-02 -0.47505850902008E-04  0.69940948605756E-03  0.50824536692922E-03 -0.55873049919601E-03 -0.48611493795162E-05 -0.48089313215829E-04  0.21268783391653E-03  0.81073588837544E-03 -0.83351643000027E-03
  -0.30561362996146E-04  0.41480499400141E-04  0.60643724406606E-03 -0.56675446567890E-04 -0.11614707443407E-02  0.17110137366957E-02 -0.26791775959857E-02  0.31287799174171E-04  0.21384503909043E-04 -0.20034291108152E-02 -0.12373630778539E-01  0.53893962846575E-02 -0.51891017442097E-01 -0.14443897363547E+00  0.14870610184728E-03 -0.37691212000266E-02  0.19132448378663E-03 -0.12262417320398E-02 -0.39271957182055E-05 -0.84943282494589E-04  0.19473070334577E-03 -0.21161797152865E-04 -0.12243946390078E-03 -0.20212233787861E-04 -0.14762241832379E-04  0.27587617156060E-04 -0.67149695944463E-04 -0.59086620667817E-06 -0.44868326859804E-05  0.20222521309286E-04 -0.32437011609188E-04 -0.19962666891711E-04  0.11604491790665E-04 -0.58790646328202E-06 -0.87327142888713E-05 -0.15793877714833E-04 -0.85687553046608E-06 -0.16404037108192E-05  0.11618217942558E-04  0.20553719597520E-04  0.83777268773839E-04
  -0.14435792326060E-02  0.72064976123392E-03  0.27940574197397E-01 -0.80319473832958E-03  0.10501658637664E-01 -0.15024346283062E-01  0.33774736181485E-01 -0.48694296816551E-03 -0.34080212320239E-03  0.36325767181438E-01  0.23696347068277E+00 -0.51891017442097E-01  0.65113451269720E+00  0.11758265570907E+01 -0.28902139632401E-02 -0.22618048218990E-03  0.32613979593095E-02 -0.23930919097611E-02 -0.98237158882958E-05  0.13501259647962E-02  0.22774245795812E-03 -0.15171339931587E-02  0.19335858307009E-02  0.33948343872029E-03  0.35797080611882E-03 -0.32277649091321E-03  0.75057545091102E-03  0.12336536152273E-03  0.24947730900936E-03  0.17692168271956E-02  0.13849536476624E-02  0.14234223451518E-03 -0.34394193064228E-05  0.18915003926974E-03 -0.24011102569948E-03 -0.21322887051126E-03  0.15480716373868E-04  0.61705221427800E-04 -0.43494473054320E-04 -0.10592206740039E-03 -0.12566815930333E-02
   0.65630682261457E-02  0.18073002962794E-03 -0.82817008151028E-01  0.42127329102513E-01  0.16523087700166E+00 -0.11576045498113E+00  0.98834332527869E-02  0.18628874177400E-03  0.26260522428320E-04 -0.47786695479529E-01 -0.38995327305656E+00 -0.14443897363547E+00  0.11758265570907E+01  0.98677588024066E+01  0.14301436968053E-01  0.57014805785727E+00 -0.48334089919097E-01  0.15840460872680E+00  0.83327724644621E-03  0.45137356037651E-02 -0.60176892996278E-01  0.27646766514517E-01  0.94863404039376E-02  0.22059211655912E-02 -0.90425446394613E-03  0.12371166732094E-02  0.44371627128795E-02  0.20253153961143E-02 -0.10716885717749E-02  0.57594774320766E-02 -0.38889631277675E-02  0.23918816241691E-02  0.15422475122198E-02 -0.12656350830838E-02 -0.10017285550236E-02 -0.41288499333408E-03  0.13058405881287E-03  0.47146563865541E-03 -0.34638761931581E-03 -0.40953011542505E-02  0.27119746263308E-05
   0.91044237593696E-04 -0.36706598614654E-04 -0.12983413658062E-02  0.51990448234039E-03  0.13750157179889E-02 -0.58610072926971E-03 -0.12230214083415E-02 -0.19555558636827E-04 -0.27524862212598E-04 -0.40266456414735E-03 -0.48229385803821E-03  0.14870610184729E-03 -0.28902139632403E-02  0.14301436968054E-01  0.12295222374604E-02  0.19295064178555E-01 -0.30072190805601E-02  0.67802201727662E-02  0.10984046843779E-04  0.19306646194931E-04  0.66425721511112E-03 -0.10291572452099E-03 -0.40517151939101E-05  0.22946225524629E-04  0.17681158196492E-04  0.82069833013438E-05 -0.18133293521501E-04  0.28609672193271E-04  0.24492108565193E-04 -0.13809872335961E-04 -0.37020255464908E-04  0.11434229560264E-04  0.22827917572916E-04  0.20445424626487E-04 -0.18637962617224E-04 -0.97670388898179E-05  0.13672170395061E-05  0.54034988124803E-05  0.26036396947973E-04 -0.52055203185467E-05  0.33191318365346E-05
   0.52802275772666E-03 -0.25202114073625E-04 -0.57203245285854E-03  0.13242648430369E-01  0.40155124464186E-01 -0.26596544567246E-01 -0.12708193002742E-01 -0.63259056116913E-04 -0.21236569045391E-03 -0.24290454913909E-01 -0.12651986787166E+00 -0.37691212000264E-02 -0.22618048219518E-03  0.57014805785728E+00  0.19295064178555E-01  0.58092762894877E+00 -0.30044505080467E-01  0.12484485462654E+00  0.25799926897497E-03  0.29037673386834E-02 -0.66933158409508E-02  0.14903933638286E-01  0.22482270458179E-02  0.41971332353335E-03  0.35957889994994E-03 -0.25037180716930E-03 -0.21948951312221E-03  0.85285925214403E-03  0.75708476761337E-03 -0.14951290786241E-03 -0.74889216476636E-03  0.35107894309170E-03  0.75774687864699E-03  0.62960606267199E-03 -0.22830545276154E-02 -0.99713706089833E-03  0.21232117858922E-04  0.10466196990629E-03  0.18393384737689E-03 -0.56960371372474E-04  0.32634470620275E-03
   0.57856837156392E-04  0.71763506961758E-04 -0.26629580047308E-03 -0.91876083181256E-03 -0.41070700819677E-02  0.21942989591417E-02  0.15968850146071E-03  0.14152287060870E-03  0.12555317410518E-03 -0.62411284253099E-02 -0.38830054922447E-01  0.19132448378660E-03  0.32613979593104E-02 -0.48334089919098E-01 -0.30072190805602E-02 -0.30044505080468E-01  0.15891097576389E-01 -0.29576825046611E-01 -0.20192205055778E-04  0.39595546429521E-03 -0.77223950296018E-02  0.24607888490280E-02  0.91451388702494E-03  0.21776876096353E-04 -0.22585096880434E-05  0.10181830896414E-03  0.87889317282830E-04  0.72513888393707E-04  0.36715111178732E-04  0.20951720939084E-03  0.23217058889642E-03 -0.58919292401001E-05  0.10224195106134E-03  0.51866257553750E-04 -0.76391867310134E-03 -0.58103166253007E-03  0.43828559501575E-05  0.16913944828718E-04  0.10214476124650E-03  0.60510404344821E-05  0.14414678206713E-03
  -0.33370939818382E-03 -0.50570687200121E-04  0.45439816385194E-02  0.28427018722022E-02  0.11436927855651E-01 -0.74679304889017E-02 -0.21493634701071E-03 -0.23174536628184E-03 -0.21529077814788E-03  0.77946576033189E-02  0.39381756157920E-01 -0.12262417320397E-02 -0.23930919097632E-02  0.15840460872680E+00  0.67802201727663E-02  0.12484485462654E+00 -0.29576825046611E-01  0.66100653319357E-01  0.59941373790889E-04 -0.23626290954464E-03  0.11512472584063E-01 -0.85314878943285E-03 -0.14228847702862E-02 -0.86615973979023E-04 -0.47669800982903E-04 -0.52074852936176E-03 -0.24981642025836E-03 -0.12224066807887E-03 -0.72244433208887E-04 -0.66837859948198E-03 -0.78406721509221E-03  0.72480645087357E-04 -0.18315392199702E-03 -0.10713921946825E-03  0.12373003785670E-02  0.11229996132670E-02 -0.11933697484578E-04 -0.46318566651473E-04 -0.33741014757194E-03 -0.16253328558074E-04 -0.24406472338090E-03
   0.56025183028416E-05 -0.37024506757839E-05 -0.91192731544117E-04  0.34973321427191E-04  0.64147581014141E-04 -0.38188291779135E-04 -0.10763297235493E-03  0.10339635206154E-05  0.67704705109989E-06 -0.42520933800047E-04 -0.42415979871790E-03 -0.39271957182052E-05 -0.98237158883031E-05  0.83327724644620E-03  0.10984046843779E-04  0.25799926897496E-03 -0.20192205055776E-04  0.59941373790883E-04  0.13394760866817E-05  0.41222081131389E-05 -0.53788258251390E-04  0.23932229442700E-04  0.61480361868178E-05  0.94850729572542E-06  0.13011904904720E-05 -0.93556837449925E-06  0.39258073811136E-06  0.13610103248296E-05  0.14741319932190E-05 -0.12020493313919E-05 -0.24395578362703E-05  0.65059187220486E-06  0.14222036024004E-05  0.13112682495831E-05 -0.14268306817957E-05 -0.11168398532295E-05  0.42383649171163E-07  0.20613238214766E-06  0.10072121738825E-05  0.69306820599899E-07 -0.45616632006694E-06
  -0.43706915425719E-05  0.18697335638549E-04  0.25826916514832E-03  0.18053553451696E-03  0.41799900988373E-03 -0.31096769121249E-03 -0.32700691193771E-03  0.46961448278984E-05  0.32386424651383E-05 -0.26958208586782E-03 -0.26835984769085E-02 -0.84943282494589E-04  0.13501259647962E-02  0.45137356037652E-02  0.19306646194932E-04  0.29037673386834E-02  0.39595546429521E-03 -0.23626290954464E-03  0.41222081131390E-05  0.12115290189731E-03 -0.73744561138980E-03  0.33919146562313E-03  0.18962013081675E-03  0.42872316563704E-05  0.91862361954364E-05 -0.35983415055628E-04 -0.13467870588823E-05  0.32821789281841E-05  0.43795340926497E-05 -0.23290268649241E-05 -0.13534124115883E-04  0.43341170524067E-05  0.13721630061565E-05 -0.13407899967393E-05 -0.35216387573859E-04 -0.21124870259978E-04  0.96783860508757E-07  0.29961969405795E-06 -0.59498944618877E-06  0.44223085478743E-05 -0.18618049068813E-06
   0.71253541269845E-04 -0.11587816362628E-02 -0.57128422688127E-02 -0.22629277290956E-02 -0.77529655791438E-02  0.50944974908428E-02  0.30125255853469E-03 -0.73255061845793E-04 -0.58376430151439E-04  0.50105138088812E-02  0.49801605165407E-01  0.19473070334578E-03  0.22774245795816E-03 -0.60176892996280E-01  0.66425721511111E-03 -0.66933158409510E-02 -0.77223950296018E-02  0.11512472584063E-01 -0.53788258251392E-04 -0.73744561138980E-03  0.35282988851213E-01 -0.12016688088809E-01 -0.20227220065156E-02 -0.21219061957396E-04  0.27697685363825E-04  0.66931230184812E-03  0.42486846840388E-04 -0.46302143494735E-04  0.19605679861207E-04  0.41009789295268E-03  0.57354754247419E-03 -0.24137531332043E-04 -0.27452288170004E-03 -0.15304624614308E-03  0.49671085593618E-03  0.30361194817515E-03  0.82578552204864E-06  0.58596426678681E-05  0.70259943088290E-04  0.13005614189145E-04 -0.10425424457305E-03
  -0.32148929078948E-03  0.38428760500713E-03  0.62881759011084E-02  0.73239886807457E-03  0.18709970676244E-02 -0.19022781021378E-02 -0.84062602396451E-03  0.61305213224706E-05  0.78361389731346E-05 -0.19542963545953E-02 -0.24642224690266E-01 -0.21161797152873E-04 -0.15171339931588E-02  0.27646766514519E-01 -0.10291572452096E-03  0.14903933638286E-01  0.24607888490279E-02 -0.85314878943267E-03  0.23932229442702E-04  0.33919146562314E-03 -0.12016688088809E-01  0.68067373687745E-02  0.21787581660970E-03 -0.70693307997685E-04 -0.84179343076683E-04 -0.53729246181708E-03 -0.10029467503385E-03  0.10216329093781E-04 -0.14721619068041E-04 -0.36229113261631E-03 -0.44878161876235E-03  0.15461879522286E-04  0.63684001874536E-04  0.33740800555842E-04 -0.30272209992556E-04  0.73903941095759E-04 -0.59200581473194E-05 -0.26774441719734E-04 -0.18353216987856E-03 -0.43272118103110E-05  0.13359811919741E-04
   0.71463989994102E-04  0.51782607343926E-04 -0.64199809514267E-03  0.35552678040807E-03  0.10579278857072E-02 -0.59093322277293E-03 -0.32289283179868E-03  0.15355865965694E-04  0.10529079221515E-04 -0.66439858627470E-03 -0.48478787255465E-02 -0.12243946390078E-03  0.19335858307009E-02  0.94863404039375E-02 -0.40517151939146E-05  0.22482270458178E-02  0.91451388702496E-03 -0.14228847702863E-02  0.61480361868178E-05  0.18962013081675E-03 -0.20227220065156E-02  0.21787581660969E-03  0.46919321032073E-03  0.27347417431912E-04  0.23277785327698E-04 -0.50079552378074E-06  0.16466153017068E-04  0.10750473084704E-04  0.14937038484436E-06  0.38497322014882E-04  0.18522645034041E-04  0.77178801135887E-05  0.17975996075683E-04 -0.31606943180267E-05 -0.10527041818295E-03 -0.85616230263990E-04  0.15006796744490E-05  0.61074119456481E-05  0.34360291329447E-04  0.13050080284270E-05  0.22684375460775E-04
   0.39234982708065E-04  0.11517715472171E-05 -0.42326584403216E-03  0.65383419279089E-04  0.15479598033745E-03 -0.17496300501135E-04 -0.12923939482705E-03  0.83176297109876E-05  0.55813029671184E-05 -0.37744395848376E-04 -0.23868540568550E-03 -0.20212233787860E-04  0.33948343872028E-03  0.22059211655911E-02  0.22946225524626E-04  0.41971332353330E-03  0.21776876096361E-04 -0.86615973979044E-04  0.94850729572535E-06  0.42872316563700E-05 -0.21219061957391E-04 -0.70693307997689E-04  0.27347417431912E-04  0.28140875306780E-04  0.18337276903899E-04  0.42412825081915E-04  0.16574877728829E-04  0.21368254540673E-04  0.20271746207385E-04  0.46360751717815E-04  0.45477490976830E-04  0.72902268653395E-05  0.21062598887702E-04  0.18825431410548E-04 -0.15922450833546E-04 -0.17911673477353E-04  0.77350075465823E-06  0.31162566296517E-05  0.23760997275717E-04 -0.24723050955765E-06  0.46378549940950E-05
   0.27069559474217E-04  0.27637888172336E-05 -0.23880961416336E-03  0.61219573178030E-04  0.12939408192092E-03 -0.40210906564017E-04 -0.10583832011709E-03  0.67195987326725E-05  0.44467969287773E-05  0.57544012218786E-04  0.82424113932489E-03 -0.14762241832378E-04  0.35797080611881E-03 -0.90425446394619E-03  0.17681158196491E-04  0.35957889994991E-03 -0.22585096880387E-05 -0.47669800982915E-04  0.13011904904720E-05  0.91862361954362E-05  0.27697685363828E-04 -0.84179343076686E-04  0.23277785327698E-04  0.18337276903899E-04  0.40756931242002E-04  0.51813255421139E-04  0.17580354229495E-04  0.20189406730136E-04  0.28324293532907E-04  0.51768537380184E-04  0.57602896072200E-04  0.48110470861419E-05  0.19895983354735E-04  0.26362865985423E-04 -0.14930776155263E-04 -0.17412354595205E-04  0.74790388181469E-06  0.32512754925187E-05  0.25480233085178E-04  0.48694295154151E-05 -0.37002086191215E-05
  -0.55174911618921E-04 -0.25615101941719E-04  0.99586582030732E-03 -0.68565514960075E-04 -0.16757844221547E-03 -0.22569891399352E-03  0.46380462674586E-03  0.25197303000421E-05  0.43470806887802E-06 -0.16796547453158E-02  0.35561814398001E-02  0.27587617156059E-04 -0.32277649091318E-03  0.12371166732096E-02  0.82069833013466E-05 -0.25037180716922E-03  0.10181830896413E-03 -0.52074852936173E-03 -0.93556837449916E-06 -0.35983415055627E-04  0.66931230184812E-03 -0.53729246181708E-03 -0.50079552378025E-06  0.42412825081914E-04  0.51813255421139E-04  0.69893380713489E-03  0.52576832504989E-04  0.48818376067943E-04  0.58430640608227E-04  0.27662005132861E-03  0.29188677011310E-03 -0.11310316083202E-04  0.47838704268341E-04  0.52888072210768E-04 -0.54180231341369E-04 -0.61574667759095E-04  0.20361300988212E-05  0.99007819002412E-05  0.72513730474871E-04  0.99011524122075E-05  0.23976141120797E-04
   0.24589778677181E-04  0.78905885990067E-06 -0.23204263047403E-03  0.38321692551896E-04  0.15832904948883E-03 -0.97687353987607E-04  0.11009778441511E-03  0.78201821322799E-05  0.55298644171259E-05  0.85518295087389E-04  0.90579760574119E-03 -0.67149695944463E-04  0.75057545091102E-03  0.44371627128794E-02 -0.18133293521502E-04 -0.21948951312224E-03  0.87889317282834E-04 -0.24981642025837E-03  0.39258073811132E-06 -0.13467870588825E-05  0.42486846840392E-04 -0.10029467503386E-03  0.16466153017067E-04  0.16574877728829E-04  0.17580354229495E-04  0.52576832504989E-04  0.55570613713315E-04  0.18213657961241E-04  0.19358701565735E-04  0.61055418114407E-04  0.60087553092019E-04  0.51750472067585E-05  0.17834315831665E-04  0.17660976929899E-04 -0.15089553333508E-04 -0.17534363932457E-04  0.82805997130635E-06  0.35956915796100E-05  0.25055433646381E-04  0.51020327921191E-07  0.33303263978919E-05
   0.37088305273884E-04 -0.29791283641028E-05 -0.37103805448648E-03  0.69146622484542E-04  0.12555148086521E-03 -0.12650058363901E-04 -0.16758147283211E-03  0.84592021832857E-05  0.55818418980112E-05 -0.83784520653365E-04 -0.24181022503060E-03 -0.59086620667751E-06  0.12336536152273E-03  0.20253153961142E-02  0.28609672193269E-04  0.85285925214398E-03  0.72513888393715E-04 -0.12224066807889E-03  0.13610103248295E-05  0.32821789281837E-05 -0.46302143494731E-04  0.10216329093778E-04  0.10750473084704E-04  0.21368254540673E-04  0.20189406730136E-04  0.48818376067943E-04  0.18213657961241E-04  0.29380105369023E-04  0.26462239330884E-04  0.54864098884227E-04  0.53993547368176E-04  0.72301551377159E-05  0.27326781399503E-04  0.25029753390195E-04 -0.22818016930303E-04 -0.23221690619332E-04  0.85189514217929E-06  0.34761972629683E-05  0.25967940638582E-04 -0.55417949044085E-07  0.65729523495373E-05
   0.26366730805130E-04  0.13844831108592E-05 -0.20265102837703E-03  0.64077589546607E-04  0.96447938200622E-04 -0.21798673348289E-04 -0.16287302278589E-03  0.68964094706842E-05  0.44618777850113E-05  0.21374293643878E-04  0.86760553282040E-03 -0.44868326859797E-05  0.24947730900935E-03 -0.10716885717750E-02  0.24492108565192E-04  0.75708476761335E-03  0.36715111178736E-04 -0.72244433208898E-04  0.14741319932190E-05  0.43795340926495E-05  0.19605679861211E-04 -0.14721619068044E-04  0.14937038484429E-06  0.20271746207385E-04  0.28324293532907E-04  0.58430640608227E-04  0.19358701565735E-04  0.26462239330884E-04  0.36846642387889E-04  0.59625998149125E-04  0.65898233037617E-04  0.47066553071513E-05  0.26077067454337E-04  0.34297432490457E-04 -0.21908969140667E-04 -0.23009684491350E-04  0.84504513945612E-06  0.37060497861791E-05  0.28135392858279E-04  0.52395080943754E-05 -0.35055635871708E-05
  -0.26264916962624E-04  0.27093976638670E-04  0.95245426158082E-03  0.22030013878684E-04  0.29318357992227E-03 -0.30648092591092E-03  0.65517843114779E-03  0.18907055159107E-05  0.52876552443951E-07 -0.51569456223414E-04  0.70263697932951E-02  0.20222521309286E-04  0.17692168271956E-02  0.57594774320767E-02 -0.13809872335956E-04 -0.14951290786232E-03  0.20951720939082E-03 -0.66837859948194E-03 -0.12020493313917E-05 -0.23290268649233E-05  0.41009789295268E-03 -0.36229113261631E-03  0.38497322014883E-04  0.46360751717815E-04  0.51768537380185E-04  0.27662005132861E-03  0.61055418114407E-04  0.54864098884227E-04  0.59625998149125E-04  0.31571631674714E-03  0.23970439205394E-03  0.63538243941110E-07  0.54643227535259E-04  0.53355689785444E-04 -0.60487460352175E-04 -0.66943724179897E-04  0.23342310279380E-05  0.10709452892678E-04  0.70775762167434E-04  0.47268575968588E-05  0.14549865146548E-04
